   7.9240341e+01  -2.3362435e+01
   7.9240678e+01  -2.3360339e+01
   7.9241016e+01  -2.3358254e+01
   7.9241354e+01  -2.3356180e+01
   7.9241694e+01  -2.3354114e+01
   7.9242033e+01  -2.3352054e+01
   7.9242373e+01  -2.3350000e+01
   7.9242714e+01  -2.3347949e+01
   7.9243054e+01  -2.3345900e+01
   7.9243395e+01  -2.3343852e+01
   7.9243736e+01  -2.3341802e+01
   7.9244076e+01  -2.3339750e+01
   7.9244416e+01  -2.3337701e+01
   7.9244757e+01  -2.3335654e+01
   7.9245098e+01  -2.3333610e+01
   7.9245439e+01  -2.3331569e+01
   7.9245780e+01  -2.3329530e+01
   7.9246122e+01  -2.3327494e+01
   7.9246464e+01  -2.3325461e+01
   7.9246805e+01  -2.3323431e+01
   7.9247148e+01  -2.3321403e+01
   7.9247490e+01  -2.3319378e+01
   7.9247832e+01  -2.3317350e+01
   7.9248174e+01  -2.3315321e+01
   7.9248516e+01  -2.3313289e+01
   7.9248857e+01  -2.3311256e+01
   7.9249199e+01  -2.3309220e+01
   7.9249540e+01  -2.3307182e+01
   7.9249881e+01  -2.3305143e+01
   7.9250222e+01  -2.3303102e+01
   7.9250563e+01  -2.3301060e+01
   7.9250904e+01  -2.3299015e+01
   7.9251245e+01  -2.3296969e+01
   7.9251585e+01  -2.3294919e+01
   7.9251925e+01  -2.3292867e+01
   7.9252265e+01  -2.3290812e+01
   7.9252605e+01  -2.3288753e+01
   7.9252945e+01  -2.3286692e+01
   7.9253284e+01  -2.3284627e+01
   7.9253623e+01  -2.3282558e+01
   7.9253962e+01  -2.3280486e+01
   7.9254300e+01  -2.3278411e+01
   7.9254639e+01  -2.3276345e+01
   7.9254979e+01  -2.3274287e+01
   7.9255320e+01  -2.3272239e+01
   7.9255661e+01  -2.3270201e+01
   7.9256003e+01  -2.3268172e+01
   7.9256345e+01  -2.3266153e+01
   7.9256689e+01  -2.3264143e+01
   7.9257033e+01  -2.3262144e+01
   7.9257378e+01  -2.3260155e+01
   7.9257723e+01  -2.3258177e+01
   7.9258070e+01  -2.3256208e+01
   7.9258417e+01  -2.3254248e+01
   7.9258764e+01  -2.3252298e+01
   7.9259113e+01  -2.3250359e+01
   7.9259462e+01  -2.3248429e+01
   7.9259812e+01  -2.3246510e+01
   7.9260163e+01  -2.3244602e+01
   7.9260515e+01  -2.3242704e+01
   7.9260867e+01  -2.3240817e+01
   7.9261220e+01  -2.3238940e+01
   7.9261574e+01  -2.3237065e+01
   7.9261927e+01  -2.3235192e+01
   7.9262280e+01  -2.3233318e+01
   7.9262634e+01  -2.3231446e+01
   7.9262987e+01  -2.3229573e+01
   7.9263341e+01  -2.3227701e+01
   7.9263694e+01  -2.3225829e+01
   7.9264048e+01  -2.3223957e+01
   7.9264401e+01  -2.3222084e+01
   7.9264755e+01  -2.3220211e+01
   7.9265108e+01  -2.3218332e+01
   7.9265460e+01  -2.3216447e+01
   7.9265812e+01  -2.3214556e+01
   7.9266164e+01  -2.3212660e+01
   7.9266515e+01  -2.3210760e+01
   7.9266866e+01  -2.3208855e+01
   7.9267217e+01  -2.3206945e+01
   7.9267568e+01  -2.3205032e+01
   7.9267918e+01  -2.3203116e+01
   7.9268268e+01  -2.3201197e+01
   7.9268617e+01  -2.3199270e+01
   7.9268966e+01  -2.3197335e+01
   7.9269314e+01  -2.3195392e+01
   7.9269662e+01  -2.3193441e+01
   7.9270009e+01  -2.3191486e+01
   7.9270356e+01  -2.3189529e+01
   7.9270703e+01  -2.3187570e+01
   7.9271050e+01  -2.3185610e+01
   7.9271397e+01  -2.3183649e+01
   7.9271744e+01  -2.3181689e+01
   7.9272091e+01  -2.3179731e+01
   7.9272438e+01  -2.3177776e+01
   7.9272786e+01  -2.3175823e+01
   7.9273133e+01  -2.3173872e+01
   7.9273481e+01  -2.3171923e+01
   7.9273829e+01  -2.3169977e+01
   7.9274177e+01  -2.3168032e+01
   7.9274525e+01  -2.3166089e+01
   7.9274873e+01  -2.3164147e+01
   7.9275222e+01  -2.3162207e+01
   7.9275570e+01  -2.3160269e+01
   7.9275919e+01  -2.3158333e+01
   7.9276268e+01  -2.3156400e+01
   7.9276617e+01  -2.3154468e+01
   7.9276966e+01  -2.3152538e+01
   7.9277315e+01  -2.3150611e+01
   7.9277664e+01  -2.3148685e+01
   7.9278014e+01  -2.3146757e+01
   7.9278363e+01  -2.3144828e+01
   7.9278712e+01  -2.3142898e+01
   7.9279061e+01  -2.3140961e+01
   7.9279409e+01  -2.3139020e+01
   7.9279756e+01  -2.3137072e+01
   7.9280104e+01  -2.3135119e+01
   7.9280451e+01  -2.3133159e+01
   7.9280797e+01  -2.3131193e+01
   7.9281143e+01  -2.3129220e+01
   7.9281488e+01  -2.3127241e+01
   7.9281833e+01  -2.3125255e+01
   7.9282178e+01  -2.3123262e+01
   7.9282521e+01  -2.3121262e+01
   7.9282865e+01  -2.3119254e+01
   7.9283207e+01  -2.3117238e+01
   7.9283549e+01  -2.3115215e+01
   7.9283891e+01  -2.3113182e+01
   7.9284232e+01  -2.3111141e+01
   7.9284572e+01  -2.3109092e+01
   7.9284911e+01  -2.3107033e+01
   7.9285249e+01  -2.3104955e+01
   7.9285585e+01  -2.3102855e+01
   7.9285920e+01  -2.3100736e+01
   7.9286253e+01  -2.3098594e+01
   7.9286585e+01  -2.3096430e+01
   7.9286915e+01  -2.3094243e+01
   7.9287243e+01  -2.3092031e+01
   7.9287569e+01  -2.3089794e+01
   7.9287893e+01  -2.3087530e+01
   7.9288215e+01  -2.3085238e+01
   7.9288535e+01  -2.3082917e+01
   7.9288852e+01  -2.3080567e+01
   7.9289168e+01  -2.3078189e+01
   7.9289481e+01  -2.3075784e+01
   7.9289792e+01  -2.3073352e+01
   7.9290102e+01  -2.3070891e+01
   7.9290409e+01  -2.3068402e+01
   7.9290714e+01  -2.3065887e+01
   7.9291017e+01  -2.3063347e+01
   7.9291319e+01  -2.3060782e+01
   7.9291618e+01  -2.3058192e+01
   7.9291916e+01  -2.3055578e+01
   7.9292212e+01  -2.3052941e+01
   7.9292506e+01  -2.3050280e+01
   7.9292799e+01  -2.3047597e+01
   7.9293090e+01  -2.3044894e+01
   7.9293379e+01  -2.3042169e+01
   7.9293667e+01  -2.3039426e+01
   7.9293954e+01  -2.3036663e+01
   7.9294239e+01  -2.3033883e+01
   7.9294523e+01  -2.3031090e+01
   7.9294807e+01  -2.3028290e+01
   7.9295090e+01  -2.3025480e+01
   7.9295372e+01  -2.3022663e+01
   7.9295654e+01  -2.3019840e+01
   7.9295936e+01  -2.3017014e+01
   7.9296217e+01  -2.3014185e+01
   7.9296498e+01  -2.3011357e+01
   7.9296780e+01  -2.3008531e+01
   7.9297062e+01  -2.3005709e+01
   7.9297344e+01  -2.3002892e+01
   7.9297627e+01  -2.3000083e+01
   7.9297912e+01  -2.2997301e+01
   7.9298200e+01  -2.2994558e+01
   7.9298490e+01  -2.2991852e+01
   7.9298783e+01  -2.2989181e+01
   7.9299079e+01  -2.2986544e+01
   7.9299377e+01  -2.2983941e+01
   7.9299678e+01  -2.2981369e+01
   7.9299981e+01  -2.2978828e+01
   7.9300286e+01  -2.2976317e+01
   7.9300593e+01  -2.2973835e+01
   7.9300902e+01  -2.2971373e+01
   7.9301212e+01  -2.2968930e+01
   7.9301524e+01  -2.2966507e+01
   7.9301837e+01  -2.2964103e+01
   7.9302151e+01  -2.2961708e+01
   7.9302465e+01  -2.2959318e+01
   7.9302779e+01  -2.2956931e+01
   7.9303094e+01  -2.2954548e+01
   7.9303409e+01  -2.2952168e+01
   7.9303724e+01  -2.2949791e+01
   7.9304039e+01  -2.2947411e+01
   7.9304354e+01  -2.2945028e+01
   7.9304668e+01  -2.2942643e+01
   7.9304982e+01  -2.2940257e+01
   7.9305297e+01  -2.2937869e+01
   7.9305611e+01  -2.2935480e+01
   7.9305925e+01  -2.2933091e+01
   7.9306239e+01  -2.2930701e+01
   7.9306553e+01  -2.2928312e+01
   7.9306867e+01  -2.2925924e+01
   7.9307181e+01  -2.2923533e+01
   7.9307495e+01  -2.2921142e+01
   7.9307809e+01  -2.2918749e+01
   7.9308123e+01  -2.2916356e+01
   7.9308437e+01  -2.2913963e+01
   7.9308750e+01  -2.2911570e+01
   7.9309064e+01  -2.2909179e+01
   7.9309378e+01  -2.2906788e+01
   7.9309692e+01  -2.2904399e+01
   7.9310006e+01  -2.2902013e+01
   7.9310321e+01  -2.2899631e+01
   7.9310636e+01  -2.2897253e+01
   7.9310951e+01  -2.2894882e+01
   7.9311267e+01  -2.2892515e+01
   7.9311583e+01  -2.2890155e+01
   7.9311900e+01  -2.2887802e+01
   7.9312217e+01  -2.2885458e+01
   7.9312535e+01  -2.2883122e+01
   7.9312854e+01  -2.2880792e+01
   7.9313173e+01  -2.2878469e+01
   7.9313492e+01  -2.2876151e+01
   7.9313812e+01  -2.2873838e+01
   7.9314132e+01  -2.2871531e+01
   7.9314452e+01  -2.2869229e+01
   7.9314773e+01  -2.2866932e+01
   7.9315094e+01  -2.2864639e+01
   7.9315416e+01  -2.2862351e+01
   7.9315738e+01  -2.2860067e+01
   7.9316060e+01  -2.2857787e+01
   7.9316382e+01  -2.2855511e+01
   7.9316704e+01  -2.2853232e+01
   7.9317026e+01  -2.2850950e+01
   7.9317348e+01  -2.2848668e+01
   7.9317670e+01  -2.2846386e+01
   7.9317992e+01  -2.2844103e+01
   7.9318314e+01  -2.2841817e+01
   7.9318635e+01  -2.2839528e+01
   7.9318956e+01  -2.2837234e+01
   7.9319277e+01  -2.2834934e+01
   7.9319597e+01  -2.2832628e+01
   7.9319916e+01  -2.2830312e+01
   7.9320235e+01  -2.2827985e+01
   7.9320552e+01  -2.2825648e+01
   7.9320869e+01  -2.2823300e+01
   7.9321185e+01  -2.2820940e+01
   7.9321500e+01  -2.2818568e+01
   7.9321814e+01  -2.2816182e+01
   7.9322127e+01  -2.2813784e+01
   7.9322439e+01  -2.2811370e+01
   7.9322750e+01  -2.2808943e+01
   7.9323060e+01  -2.2806504e+01
   7.9323369e+01  -2.2804054e+01
   7.9323678e+01  -2.2801593e+01
   7.9323985e+01  -2.2799122e+01
   7.9324292e+01  -2.2796641e+01
   7.9324598e+01  -2.2794151e+01
   7.9324903e+01  -2.2791652e+01
   7.9325208e+01  -2.2789145e+01
   7.9325512e+01  -2.2786630e+01
   7.9325816e+01  -2.2784107e+01
   7.9326119e+01  -2.2781581e+01
   7.9326422e+01  -2.2779052e+01
   7.9326725e+01  -2.2776520e+01
   7.9327027e+01  -2.2773984e+01
   7.9327329e+01  -2.2771442e+01
   7.9327631e+01  -2.2768894e+01
   7.9327932e+01  -2.2766341e+01
   7.9328233e+01  -2.2763784e+01
   7.9328534e+01  -2.2761225e+01
   7.9328834e+01  -2.2758662e+01
   7.9329134e+01  -2.2756096e+01
   7.9329434e+01  -2.2753527e+01
   7.9329734e+01  -2.2750955e+01
   7.9330034e+01  -2.2748382e+01
   7.9330333e+01  -2.2745806e+01
   7.9330632e+01  -2.2743230e+01
   7.9330932e+01  -2.2740654e+01
   7.9331231e+01  -2.2738076e+01
   7.9331530e+01  -2.2735496e+01
   7.9331829e+01  -2.2732915e+01
   7.9332128e+01  -2.2730330e+01
   7.9332426e+01  -2.2727744e+01
   7.9332724e+01  -2.2725155e+01
   7.9333023e+01  -2.2722565e+01
   7.9333321e+01  -2.2719974e+01
   7.9333619e+01  -2.2717382e+01
   7.9333917e+01  -2.2714789e+01
   7.9334215e+01  -2.2712196e+01
   7.9334513e+01  -2.2709603e+01
   7.9334811e+01  -2.2707010e+01
   7.9335109e+01  -2.2704422e+01
   7.9335407e+01  -2.2701836e+01
   7.9335706e+01  -2.2699252e+01
   7.9336005e+01  -2.2696670e+01
   7.9336303e+01  -2.2694090e+01
   7.9336602e+01  -2.2691512e+01
   7.9336902e+01  -2.2688937e+01
   7.9337201e+01  -2.2686364e+01
   7.9337501e+01  -2.2683793e+01
   7.9337800e+01  -2.2681225e+01
   7.9338100e+01  -2.2678661e+01
   7.9338401e+01  -2.2676100e+01
   7.9338701e+01  -2.2673543e+01
   7.9339002e+01  -2.2670989e+01
   7.9339303e+01  -2.2668437e+01
   7.9339604e+01  -2.2665887e+01
   7.9339905e+01  -2.2663340e+01
   7.9340206e+01  -2.2660796e+01
   7.9340508e+01  -2.2658254e+01
   7.9340810e+01  -2.2655715e+01
   7.9341112e+01  -2.2653179e+01
   7.9341414e+01  -2.2650645e+01
   7.9341717e+01  -2.2648114e+01
   7.9342019e+01  -2.2645585e+01
   7.9342322e+01  -2.2643058e+01
   7.9342625e+01  -2.2640533e+01
   7.9342927e+01  -2.2638008e+01
   7.9343230e+01  -2.2635485e+01
   7.9343533e+01  -2.2632963e+01
   7.9343836e+01  -2.2630441e+01
   7.9344140e+01  -2.2627921e+01
   7.9344443e+01  -2.2625403e+01
   7.9344746e+01  -2.2622888e+01
   7.9345050e+01  -2.2620374e+01
   7.9345354e+01  -2.2617862e+01
   7.9345658e+01  -2.2615353e+01
   7.9345962e+01  -2.2612846e+01
   7.9346266e+01  -2.2610341e+01
   7.9346570e+01  -2.2607838e+01
   7.9346875e+01  -2.2605338e+01
   7.9347180e+01  -2.2602841e+01
   7.9347485e+01  -2.2600348e+01
   7.9347790e+01  -2.2597858e+01
   7.9348096e+01  -2.2595371e+01
   7.9348402e+01  -2.2592886e+01
   7.9348707e+01  -2.2590403e+01
   7.9349013e+01  -2.2587922e+01
   7.9349320e+01  -2.2585443e+01
   7.9349626e+01  -2.2582965e+01
   7.9349932e+01  -2.2580490e+01
   7.9350239e+01  -2.2578017e+01
   7.9350546e+01  -2.2575547e+01
   7.9350853e+01  -2.2573080e+01
   7.9351160e+01  -2.2570616e+01
   7.9351467e+01  -2.2568155e+01
   7.9351775e+01  -2.2565697e+01
   7.9352083e+01  -2.2563242e+01
   7.9352391e+01  -2.2560789e+01
   7.9352699e+01  -2.2558340e+01
   7.9353008e+01  -2.2555894e+01
   7.9353317e+01  -2.2553452e+01
   7.9353626e+01  -2.2551013e+01
   7.9353935e+01  -2.2548578e+01
   7.9354245e+01  -2.2546147e+01
   7.9354555e+01  -2.2543720e+01
   7.9354865e+01  -2.2541296e+01
   7.9355175e+01  -2.2538876e+01
   7.9355486e+01  -2.2536461e+01
   7.9355797e+01  -2.2534049e+01
   7.9356109e+01  -2.2531640e+01
   7.9356420e+01  -2.2529235e+01
   7.9356732e+01  -2.2526834e+01
   7.9357044e+01  -2.2524436e+01
   7.9357357e+01  -2.2522043e+01
   7.9357669e+01  -2.2519653e+01
   7.9357982e+01  -2.2517265e+01
   7.9358295e+01  -2.2514880e+01
   7.9358609e+01  -2.2512497e+01
   7.9358922e+01  -2.2510116e+01
   7.9359235e+01  -2.2507737e+01
   7.9359548e+01  -2.2505352e+01
   7.9359861e+01  -2.2502961e+01
   7.9360173e+01  -2.2500567e+01
   7.9360486e+01  -2.2498171e+01
   7.9360798e+01  -2.2495776e+01
   7.9361110e+01  -2.2493384e+01
   7.9361423e+01  -2.2490996e+01
   7.9361736e+01  -2.2488614e+01
   7.9362050e+01  -2.2486240e+01
   7.9362365e+01  -2.2483876e+01
   7.9362680e+01  -2.2481520e+01
   7.9362995e+01  -2.2479166e+01
   7.9363311e+01  -2.2476814e+01
   7.9363626e+01  -2.2474464e+01
   7.9363942e+01  -2.2472116e+01
   7.9364258e+01  -2.2469769e+01
   7.9364574e+01  -2.2467425e+01
   7.9364890e+01  -2.2465083e+01
   7.9365207e+01  -2.2462742e+01
   7.9365523e+01  -2.2460404e+01
   7.9365840e+01  -2.2458068e+01
   7.9366157e+01  -2.2455735e+01
   7.9366474e+01  -2.2453405e+01
   7.9366791e+01  -2.2451077e+01
   7.9367108e+01  -2.2448751e+01
   7.9367426e+01  -2.2446429e+01
   7.9367744e+01  -2.2444109e+01
   7.9368062e+01  -2.2441793e+01
   7.9368380e+01  -2.2439479e+01
   7.9368699e+01  -2.2437169e+01
   7.9369018e+01  -2.2434860e+01
   7.9369336e+01  -2.2432552e+01
   7.9369655e+01  -2.2430247e+01
   7.9369974e+01  -2.2427944e+01
   7.9370294e+01  -2.2425642e+01
   7.9370613e+01  -2.2423342e+01
   7.9370932e+01  -2.2421044e+01
   7.9371252e+01  -2.2418748e+01
   7.9371572e+01  -2.2416454e+01
   7.9371892e+01  -2.2414163e+01
   7.9372212e+01  -2.2411873e+01
   7.9372532e+01  -2.2409587e+01
   7.9372853e+01  -2.2407302e+01
   7.9373173e+01  -2.2405020e+01
   7.9373494e+01  -2.2402740e+01
   7.9373815e+01  -2.2400460e+01
   7.9374136e+01  -2.2398181e+01
   7.9374457e+01  -2.2395903e+01
   7.9374778e+01  -2.2393625e+01
   7.9375099e+01  -2.2391348e+01
   7.9375420e+01  -2.2389071e+01
   7.9375741e+01  -2.2386796e+01
   7.9376062e+01  -2.2384521e+01
   7.9376383e+01  -2.2382247e+01
   7.9376704e+01  -2.2379975e+01
   7.9377026e+01  -2.2377704e+01
   7.9377347e+01  -2.2375434e+01
   7.9377669e+01  -2.2373165e+01
   7.9377991e+01  -2.2370898e+01
   7.9378312e+01  -2.2368632e+01
   7.9378634e+01  -2.2366366e+01
   7.9378956e+01  -2.2364099e+01
   7.9379277e+01  -2.2361830e+01
   7.9379599e+01  -2.2359561e+01
   7.9379920e+01  -2.2357289e+01
   7.9380242e+01  -2.2355017e+01
   7.9380563e+01  -2.2352742e+01
   7.9380884e+01  -2.2350466e+01
   7.9381204e+01  -2.2348187e+01
   7.9381525e+01  -2.2345907e+01
   7.9381845e+01  -2.2343624e+01
   7.9382166e+01  -2.2341340e+01
   7.9382486e+01  -2.2339053e+01
   7.9382806e+01  -2.2336765e+01
   7.9383126e+01  -2.2334476e+01
   7.9383446e+01  -2.2332186e+01
   7.9383765e+01  -2.2329894e+01
   7.9384085e+01  -2.2327602e+01
   7.9384405e+01  -2.2325310e+01
   7.9384724e+01  -2.2323017e+01
   7.9385044e+01  -2.2320726e+01
   7.9385364e+01  -2.2318434e+01
   7.9385683e+01  -2.2316142e+01
   7.9386003e+01  -2.2313850e+01
   7.9386323e+01  -2.2311558e+01
   7.9386642e+01  -2.2309264e+01
   7.9386961e+01  -2.2306968e+01
   7.9387281e+01  -2.2304671e+01
   7.9387600e+01  -2.2302372e+01
   7.9387919e+01  -2.2300069e+01
   7.9388237e+01  -2.2297766e+01
   7.9388556e+01  -2.2295461e+01
   7.9388874e+01  -2.2293155e+01
   7.9389193e+01  -2.2290847e+01
   7.9389511e+01  -2.2288539e+01
   7.9389829e+01  -2.2286230e+01
   7.9390148e+01  -2.2283920e+01
   7.9390466e+01  -2.2281610e+01
   7.9390784e+01  -2.2279298e+01
   7.9391102e+01  -2.2276985e+01
   7.9391420e+01  -2.2274673e+01
   7.9391738e+01  -2.2272362e+01
   7.9392056e+01  -2.2270052e+01
   7.9392374e+01  -2.2267741e+01
   7.9392692e+01  -2.2265430e+01
   7.9393010e+01  -2.2263118e+01
   7.9393328e+01  -2.2260805e+01
   7.9393645e+01  -2.2258489e+01
   7.9393963e+01  -2.2256172e+01
   7.9394280e+01  -2.2253851e+01
   7.9394598e+01  -2.2251531e+01
   7.9394915e+01  -2.2249213e+01
   7.9395233e+01  -2.2246895e+01
   7.9395550e+01  -2.2244582e+01
   7.9395868e+01  -2.2242273e+01
   7.9396187e+01  -2.2239968e+01
   7.9396506e+01  -2.2237667e+01
   7.9396825e+01  -2.2235371e+01
   7.9397144e+01  -2.2233078e+01
   7.9397464e+01  -2.2230790e+01
   7.9397784e+01  -2.2228502e+01
   7.9398103e+01  -2.2226215e+01
   7.9398423e+01  -2.2223929e+01
   7.9398743e+01  -2.2221642e+01
   7.9399063e+01  -2.2219355e+01
   7.9399383e+01  -2.2217068e+01
   7.9399702e+01  -2.2214779e+01
   7.9400022e+01  -2.2212490e+01
   7.9400341e+01  -2.2210198e+01
   7.9400661e+01  -2.2207905e+01
   7.9400980e+01  -2.2205613e+01
   7.9401299e+01  -2.2203323e+01
   7.9401619e+01  -2.2201036e+01
   7.9401939e+01  -2.2198750e+01
   7.9402259e+01  -2.2196466e+01
   7.9402579e+01  -2.2194185e+01
   7.9402899e+01  -2.2191905e+01
   7.9403220e+01  -2.2189627e+01
   7.9403540e+01  -2.2187352e+01
   7.9403861e+01  -2.2185078e+01
   7.9404182e+01  -2.2182805e+01
   7.9404503e+01  -2.2180532e+01
   7.9404823e+01  -2.2178260e+01
   7.9405144e+01  -2.2175987e+01
   7.9405465e+01  -2.2173715e+01
   7.9405786e+01  -2.2171443e+01
   7.9406107e+01  -2.2169170e+01
   7.9406427e+01  -2.2166898e+01
   7.9406748e+01  -2.2164626e+01
   7.9407069e+01  -2.2162354e+01
   7.9407390e+01  -2.2160083e+01
   7.9407711e+01  -2.2157815e+01
   7.9408032e+01  -2.2155549e+01
   7.9408354e+01  -2.2153285e+01
   7.9408675e+01  -2.2151024e+01
   7.9408997e+01  -2.2148764e+01
   7.9409319e+01  -2.2146507e+01
   7.9409641e+01  -2.2144251e+01
   7.9409963e+01  -2.2141998e+01
   7.9410285e+01  -2.2139748e+01
   7.9410608e+01  -2.2137499e+01
   7.9410931e+01  -2.2135251e+01
   7.9411253e+01  -2.2133006e+01
   7.9411576e+01  -2.2130761e+01
   7.9411899e+01  -2.2128518e+01
   7.9412222e+01  -2.2126276e+01
   7.9412545e+01  -2.2124035e+01
   7.9412869e+01  -2.2121795e+01
   7.9413192e+01  -2.2119555e+01
   7.9413515e+01  -2.2117316e+01
   7.9413838e+01  -2.2115077e+01
   7.9414161e+01  -2.2112837e+01
   7.9414484e+01  -2.2110597e+01
   7.9414808e+01  -2.2108356e+01
   7.9415131e+01  -2.2106116e+01
   7.9415454e+01  -2.2103875e+01
   7.9415777e+01  -2.2101635e+01
   7.9416100e+01  -2.2099394e+01
   7.9416423e+01  -2.2097154e+01
   7.9416746e+01  -2.2094915e+01
   7.9417069e+01  -2.2092676e+01
   7.9417393e+01  -2.2090438e+01
   7.9417716e+01  -2.2088199e+01
   7.9418039e+01  -2.2085962e+01
   7.9418362e+01  -2.2083724e+01
   7.9418686e+01  -2.2081487e+01
   7.9419009e+01  -2.2079250e+01
   7.9419332e+01  -2.2077014e+01
   7.9419656e+01  -2.2074778e+01
   7.9419979e+01  -2.2072542e+01
   7.9420303e+01  -2.2070305e+01
   7.9420626e+01  -2.2068067e+01
   7.9420949e+01  -2.2065828e+01
   7.9421272e+01  -2.2063588e+01
   7.9421595e+01  -2.2061347e+01
   7.9421918e+01  -2.2059105e+01
   7.9422240e+01  -2.2056861e+01
   7.9422563e+01  -2.2054617e+01
   7.9422886e+01  -2.2052371e+01
   7.9423208e+01  -2.2050124e+01
   7.9423531e+01  -2.2047876e+01
   7.9423853e+01  -2.2045627e+01
   7.9424175e+01  -2.2043378e+01
   7.9424497e+01  -2.2041130e+01
   7.9424820e+01  -2.2038881e+01
   7.9425142e+01  -2.2036632e+01
   7.9425464e+01  -2.2034383e+01
   7.9425787e+01  -2.2032134e+01
   7.9426109e+01  -2.2029884e+01
   7.9426431e+01  -2.2027635e+01
   7.9426753e+01  -2.2025385e+01
   7.9427075e+01  -2.2023136e+01
   7.9427398e+01  -2.2020886e+01
   7.9427720e+01  -2.2018637e+01
   7.9428042e+01  -2.2016387e+01
   7.9428364e+01  -2.2014137e+01
   7.9428686e+01  -2.2011886e+01
   7.9429008e+01  -2.2009635e+01
   7.9429330e+01  -2.2007383e+01
   7.9429652e+01  -2.2005131e+01
   7.9429974e+01  -2.2002880e+01
   7.9430296e+01  -2.2000630e+01
   7.9430619e+01  -2.1998381e+01
   7.9430941e+01  -2.1996133e+01
   7.9431263e+01  -2.1993887e+01
   7.9431586e+01  -2.1991642e+01
   7.9431908e+01  -2.1989399e+01
   7.9432231e+01  -2.1987157e+01
   7.9432554e+01  -2.1984917e+01
   7.9432877e+01  -2.1982679e+01
   7.9433200e+01  -2.1980442e+01
   7.9433523e+01  -2.1978204e+01
   7.9433846e+01  -2.1975967e+01
   7.9434169e+01  -2.1973730e+01
   7.9434492e+01  -2.1971494e+01
   7.9434816e+01  -2.1969258e+01
   7.9435139e+01  -2.1967023e+01
   7.9435462e+01  -2.1964788e+01
   7.9435785e+01  -2.1962554e+01
   7.9436109e+01  -2.1960321e+01
   7.9436432e+01  -2.1958088e+01
   7.9436755e+01  -2.1955855e+01
   7.9437079e+01  -2.1953622e+01
   7.9437402e+01  -2.1951389e+01
   7.9437725e+01  -2.1949156e+01
   7.9438048e+01  -2.1946923e+01
   7.9438372e+01  -2.1944689e+01
   7.9438695e+01  -2.1942456e+01
   7.9439018e+01  -2.1940223e+01
   7.9439342e+01  -2.1937989e+01
   7.9439665e+01  -2.1935754e+01
   7.9439988e+01  -2.1933519e+01
   7.9440311e+01  -2.1931282e+01
   7.9440634e+01  -2.1929045e+01
   7.9440957e+01  -2.1926806e+01
   7.9441279e+01  -2.1924567e+01
   7.9441602e+01  -2.1922326e+01
   7.9441925e+01  -2.1920084e+01
   7.9442247e+01  -2.1917841e+01
   7.9442569e+01  -2.1915597e+01
   7.9442892e+01  -2.1913353e+01
   7.9443214e+01  -2.1911111e+01
   7.9443537e+01  -2.1908870e+01
   7.9443860e+01  -2.1906630e+01
   7.9444182e+01  -2.1904390e+01
   7.9444505e+01  -2.1902152e+01
   7.9444828e+01  -2.1899915e+01
   7.9445151e+01  -2.1897678e+01
   7.9445474e+01  -2.1895442e+01
   7.9445797e+01  -2.1893207e+01
   7.9446120e+01  -2.1890973e+01
   7.9446443e+01  -2.1888740e+01
   7.9446766e+01  -2.1886507e+01
   7.9447090e+01  -2.1884275e+01
   7.9447413e+01  -2.1882044e+01
   7.9447736e+01  -2.1879814e+01
   7.9448060e+01  -2.1877584e+01
   7.9448383e+01  -2.1875356e+01
   7.9448707e+01  -2.1873130e+01
   7.9449031e+01  -2.1870904e+01
   7.9449355e+01  -2.1868681e+01
   7.9449679e+01  -2.1866458e+01
   7.9450003e+01  -2.1864237e+01
   7.9450327e+01  -2.1862017e+01
   7.9450651e+01  -2.1859799e+01
   7.9450975e+01  -2.1857581e+01
   7.9451300e+01  -2.1855365e+01
   7.9451624e+01  -2.1853151e+01
   7.9451949e+01  -2.1850937e+01
   7.9452274e+01  -2.1848725e+01
   7.9452599e+01  -2.1846514e+01
   7.9452923e+01  -2.1844304e+01
   7.9453249e+01  -2.1842096e+01
   7.9453574e+01  -2.1839889e+01
   7.9453899e+01  -2.1837683e+01
   7.9454224e+01  -2.1835479e+01
   7.9454550e+01  -2.1833277e+01
   7.9454875e+01  -2.1831077e+01
   7.9455201e+01  -2.1828881e+01
   7.9455527e+01  -2.1826687e+01
   7.9455853e+01  -2.1824493e+01
   7.9456179e+01  -2.1822297e+01
   7.9456505e+01  -2.1820100e+01
   7.9456831e+01  -2.1817902e+01
   7.9457157e+01  -2.1815702e+01
   7.9457482e+01  -2.1813500e+01
   7.9457807e+01  -2.1811296e+01
   7.9458133e+01  -2.1809091e+01
   7.9458458e+01  -2.1806883e+01
   7.9458782e+01  -2.1804674e+01
   7.9459107e+01  -2.1802463e+01
   7.9459432e+01  -2.1800252e+01
   7.9459756e+01  -2.1798040e+01
   7.9460081e+01  -2.1795827e+01
   7.9460405e+01  -2.1793613e+01
   7.9460730e+01  -2.1791398e+01
   7.9461054e+01  -2.1789182e+01
   7.9461378e+01  -2.1786966e+01
   7.9461703e+01  -2.1784748e+01
   7.9462027e+01  -2.1782530e+01
   7.9462351e+01  -2.1780311e+01
   7.9462675e+01  -2.1778091e+01
   7.9462999e+01  -2.1775869e+01
   7.9463322e+01  -2.1773647e+01
   7.9463646e+01  -2.1771422e+01
   7.9463969e+01  -2.1769197e+01
   7.9464293e+01  -2.1766969e+01
   7.9464616e+01  -2.1764740e+01
   7.9464939e+01  -2.1762509e+01
   7.9465262e+01  -2.1760276e+01
   7.9465585e+01  -2.1758041e+01
   7.9465907e+01  -2.1755804e+01
   7.9466230e+01  -2.1753565e+01
   7.9466552e+01  -2.1751325e+01
   7.9466874e+01  -2.1749082e+01
   7.9467196e+01  -2.1746838e+01
   7.9467518e+01  -2.1744592e+01
   7.9467840e+01  -2.1742345e+01
   7.9468161e+01  -2.1740097e+01
   7.9468483e+01  -2.1737847e+01
   7.9468804e+01  -2.1735597e+01
   7.9469126e+01  -2.1733346e+01
   7.9469447e+01  -2.1731095e+01
   7.9469769e+01  -2.1728843e+01
   7.9470090e+01  -2.1726592e+01
   7.9470411e+01  -2.1724340e+01
   7.9470733e+01  -2.1722088e+01
   7.9471054e+01  -2.1719836e+01
   7.9471375e+01  -2.1717585e+01
   7.9471697e+01  -2.1715333e+01
   7.9472018e+01  -2.1713079e+01
   7.9472339e+01  -2.1710823e+01
   7.9472660e+01  -2.1708566e+01
   7.9472980e+01  -2.1706307e+01
   7.9473301e+01  -2.1704047e+01
   7.9473622e+01  -2.1701785e+01
   7.9473942e+01  -2.1699522e+01
   7.9474262e+01  -2.1697258e+01
   7.9474583e+01  -2.1694992e+01
   7.9474903e+01  -2.1692726e+01
   7.9475223e+01  -2.1690458e+01
   7.9475543e+01  -2.1688190e+01
   7.9475862e+01  -2.1685921e+01
   7.9476182e+01  -2.1683650e+01
   7.9476502e+01  -2.1681378e+01
   7.9476822e+01  -2.1679105e+01
   7.9477141e+01  -2.1676831e+01
   7.9477460e+01  -2.1674556e+01
   7.9477780e+01  -2.1672281e+01
   7.9478099e+01  -2.1670005e+01
   7.9478418e+01  -2.1667728e+01
   7.9478738e+01  -2.1665451e+01
   7.9479057e+01  -2.1663174e+01
   7.9479376e+01  -2.1660896e+01
   7.9479695e+01  -2.1658617e+01
   7.9480014e+01  -2.1656339e+01
   7.9480333e+01  -2.1654060e+01
   7.9480652e+01  -2.1651780e+01
   7.9480971e+01  -2.1649500e+01
   7.9481290e+01  -2.1647220e+01
   7.9481609e+01  -2.1644938e+01
   7.9481927e+01  -2.1642653e+01
   7.9482246e+01  -2.1640366e+01
   7.9482564e+01  -2.1638077e+01
   7.9482882e+01  -2.1635786e+01
   7.9483200e+01  -2.1633492e+01
   7.9483517e+01  -2.1631195e+01
   7.9483835e+01  -2.1628896e+01
   7.9484152e+01  -2.1626595e+01
   7.9484469e+01  -2.1624291e+01
   7.9484786e+01  -2.1621986e+01
   7.9485103e+01  -2.1619679e+01
   7.9485419e+01  -2.1617370e+01
   7.9485736e+01  -2.1615059e+01
   7.9486052e+01  -2.1612747e+01
   7.9486368e+01  -2.1610434e+01
   7.9486684e+01  -2.1608119e+01
   7.9487000e+01  -2.1605803e+01
   7.9487316e+01  -2.1603485e+01
   7.9487632e+01  -2.1601166e+01
   7.9487947e+01  -2.1598846e+01
   7.9488263e+01  -2.1596525e+01
   7.9488579e+01  -2.1594203e+01
   7.9488894e+01  -2.1591880e+01
   7.9489209e+01  -2.1589556e+01
   7.9489525e+01  -2.1587231e+01
   7.9489840e+01  -2.1584904e+01
   7.9490155e+01  -2.1582577e+01
   7.9490470e+01  -2.1580250e+01
   7.9490785e+01  -2.1577921e+01
   7.9491100e+01  -2.1575591e+01
   7.9491414e+01  -2.1573260e+01
   7.9491729e+01  -2.1570928e+01
   7.9492043e+01  -2.1568595e+01
   7.9492358e+01  -2.1566262e+01
   7.9492672e+01  -2.1563927e+01
   7.9492987e+01  -2.1561591e+01
   7.9493301e+01  -2.1559254e+01
   7.9493615e+01  -2.1556917e+01
   7.9493929e+01  -2.1554579e+01
   7.9494243e+01  -2.1552241e+01
   7.9494558e+01  -2.1549903e+01
   7.9494872e+01  -2.1547565e+01
   7.9495186e+01  -2.1545227e+01
   7.9495500e+01  -2.1542888e+01
   7.9495814e+01  -2.1540550e+01
   7.9496128e+01  -2.1538211e+01
   7.9496442e+01  -2.1535872e+01
   7.9496756e+01  -2.1533534e+01
   7.9497070e+01  -2.1531194e+01
   7.9497384e+01  -2.1528855e+01
   7.9497698e+01  -2.1526516e+01
   7.9498012e+01  -2.1524177e+01
   7.9498326e+01  -2.1521837e+01
   7.9498640e+01  -2.1519498e+01
   7.9498954e+01  -2.1517158e+01
   7.9499267e+01  -2.1514819e+01
   7.9499581e+01  -2.1512478e+01
   7.9499895e+01  -2.1510137e+01
   7.9500209e+01  -2.1507796e+01
   7.9500522e+01  -2.1505454e+01
   7.9500836e+01  -2.1503112e+01
   7.9501150e+01  -2.1500770e+01
   7.9501463e+01  -2.1498427e+01
   7.9501777e+01  -2.1496084e+01
   7.9502091e+01  -2.1493741e+01
   7.9502404e+01  -2.1491397e+01
   7.9502718e+01  -2.1489053e+01
   7.9503031e+01  -2.1486709e+01
   7.9503344e+01  -2.1484364e+01
   7.9503658e+01  -2.1482018e+01
   7.9503971e+01  -2.1479671e+01
   7.9504284e+01  -2.1477322e+01
   7.9504597e+01  -2.1474971e+01
   7.9504910e+01  -2.1472619e+01
   7.9505222e+01  -2.1470266e+01
   7.9505535e+01  -2.1467911e+01
   7.9505847e+01  -2.1465555e+01
   7.9506160e+01  -2.1463198e+01
   7.9506472e+01  -2.1460840e+01
   7.9506784e+01  -2.1458481e+01
   7.9507096e+01  -2.1456121e+01
   7.9507408e+01  -2.1453759e+01
   7.9507720e+01  -2.1451396e+01
   7.9508032e+01  -2.1449031e+01
   7.9508344e+01  -2.1446666e+01
   7.9508655e+01  -2.1444300e+01
   7.9508967e+01  -2.1441933e+01
   7.9509278e+01  -2.1439564e+01
   7.9509590e+01  -2.1437196e+01
   7.9509901e+01  -2.1434826e+01
   7.9510212e+01  -2.1432455e+01
   7.9510523e+01  -2.1430083e+01
   7.9510834e+01  -2.1427710e+01
   7.9511145e+01  -2.1425336e+01
   7.9511456e+01  -2.1422962e+01
   7.9511767e+01  -2.1420587e+01
   7.9512078e+01  -2.1418212e+01
   7.9512388e+01  -2.1415836e+01
   7.9512699e+01  -2.1413459e+01
   7.9513010e+01  -2.1411082e+01
   7.9513320e+01  -2.1408703e+01
   7.9513631e+01  -2.1406323e+01
   7.9513941e+01  -2.1403942e+01
   7.9514251e+01  -2.1401559e+01
   7.9514561e+01  -2.1399175e+01
   7.9514871e+01  -2.1396790e+01
   7.9515181e+01  -2.1394403e+01
   7.9515491e+01  -2.1392014e+01
   7.9515800e+01  -2.1389622e+01
   7.9516109e+01  -2.1387228e+01
   7.9516418e+01  -2.1384832e+01
   7.9516727e+01  -2.1382433e+01
   7.9517036e+01  -2.1380032e+01
   7.9517344e+01  -2.1377628e+01
   7.9517652e+01  -2.1375221e+01
   7.9517960e+01  -2.1372812e+01
   7.9518268e+01  -2.1370399e+01
   7.9518576e+01  -2.1367984e+01
   7.9518883e+01  -2.1365565e+01
   7.9519190e+01  -2.1363144e+01
   7.9519497e+01  -2.1360721e+01
   7.9519803e+01  -2.1358296e+01
   7.9520110e+01  -2.1355870e+01
   7.9520416e+01  -2.1353443e+01
   7.9520723e+01  -2.1351015e+01
   7.9521029e+01  -2.1348587e+01
   7.9521336e+01  -2.1346157e+01
   7.9521642e+01  -2.1343725e+01
   7.9521948e+01  -2.1341292e+01
   7.9522254e+01  -2.1338858e+01
   7.9522559e+01  -2.1336422e+01
   7.9522865e+01  -2.1333986e+01
   7.9523171e+01  -2.1331548e+01
   7.9523476e+01  -2.1329109e+01
   7.9523782e+01  -2.1326670e+01
   7.9524087e+01  -2.1324230e+01
   7.9524392e+01  -2.1321789e+01
   7.9524697e+01  -2.1319347e+01
   7.9525003e+01  -2.1316904e+01
   7.9525308e+01  -2.1314462e+01
   7.9525613e+01  -2.1312020e+01
   7.9525918e+01  -2.1309578e+01
   7.9526223e+01  -2.1307135e+01
   7.9526528e+01  -2.1304693e+01
   7.9526833e+01  -2.1302250e+01
   7.9527139e+01  -2.1299806e+01
   7.9527443e+01  -2.1297362e+01
   7.9527748e+01  -2.1294917e+01
   7.9528053e+01  -2.1292471e+01
   7.9528358e+01  -2.1290023e+01
   7.9528662e+01  -2.1287574e+01
   7.9528967e+01  -2.1285123e+01
   7.9529271e+01  -2.1282671e+01
   7.9529575e+01  -2.1280218e+01
   7.9529879e+01  -2.1277763e+01
   7.9530183e+01  -2.1275308e+01
   7.9530487e+01  -2.1272851e+01
   7.9530791e+01  -2.1270393e+01
   7.9531095e+01  -2.1267935e+01
   7.9531398e+01  -2.1265475e+01
   7.9531702e+01  -2.1263014e+01
   7.9532005e+01  -2.1260552e+01
   7.9532309e+01  -2.1258089e+01
   7.9532612e+01  -2.1255624e+01
   7.9532915e+01  -2.1253158e+01
   7.9533218e+01  -2.1250690e+01
   7.9533521e+01  -2.1248222e+01
   7.9533824e+01  -2.1245752e+01
   7.9534126e+01  -2.1243281e+01
   7.9534429e+01  -2.1240809e+01
   7.9534731e+01  -2.1238336e+01
   7.9535034e+01  -2.1235861e+01
   7.9535336e+01  -2.1233384e+01
   7.9535638e+01  -2.1230906e+01
   7.9535940e+01  -2.1228427e+01
   7.9536242e+01  -2.1225948e+01
   7.9536544e+01  -2.1223468e+01
   7.9536846e+01  -2.1220987e+01
   7.9537147e+01  -2.1218507e+01
   7.9537449e+01  -2.1216026e+01
   7.9537751e+01  -2.1213542e+01
   7.9538052e+01  -2.1211057e+01
   7.9538353e+01  -2.1208570e+01
   7.9538654e+01  -2.1206080e+01
   7.9538955e+01  -2.1203589e+01
   7.9539256e+01  -2.1201095e+01
   7.9539557e+01  -2.1198599e+01
   7.9539857e+01  -2.1196100e+01
   7.9540157e+01  -2.1193600e+01
   7.9540457e+01  -2.1191098e+01
   7.9540757e+01  -2.1188595e+01
   7.9541057e+01  -2.1186090e+01
   7.9541356e+01  -2.1183583e+01
   7.9541656e+01  -2.1181075e+01
   7.9541955e+01  -2.1178564e+01
   7.9542254e+01  -2.1176051e+01
   7.9542553e+01  -2.1173535e+01
   7.9542852e+01  -2.1171017e+01
   7.9543150e+01  -2.1168496e+01
   7.9543448e+01  -2.1165973e+01
   7.9543747e+01  -2.1163449e+01
   7.9544044e+01  -2.1160923e+01
   7.9544342e+01  -2.1158395e+01
   7.9544640e+01  -2.1155865e+01
   7.9544938e+01  -2.1153333e+01
   7.9545235e+01  -2.1150800e+01
   7.9545532e+01  -2.1148265e+01
   7.9545829e+01  -2.1145727e+01
   7.9546126e+01  -2.1143188e+01
   7.9546423e+01  -2.1140645e+01
   7.9546719e+01  -2.1138100e+01
   7.9547015e+01  -2.1135552e+01
   7.9547311e+01  -2.1133002e+01
   7.9547607e+01  -2.1130448e+01
   7.9547902e+01  -2.1127892e+01
   7.9548197e+01  -2.1125334e+01
   7.9548492e+01  -2.1122773e+01
   7.9548787e+01  -2.1120209e+01
   7.9549082e+01  -2.1117642e+01
   7.9549376e+01  -2.1115073e+01
   7.9549670e+01  -2.1112501e+01
   7.9549964e+01  -2.1109927e+01
   7.9550258e+01  -2.1107351e+01
   7.9550552e+01  -2.1104773e+01
   7.9550845e+01  -2.1102194e+01
   7.9551139e+01  -2.1099613e+01
   7.9551432e+01  -2.1097030e+01
   7.9551725e+01  -2.1094447e+01
   7.9552018e+01  -2.1091863e+01
   7.9552311e+01  -2.1089278e+01
   7.9552604e+01  -2.1086691e+01
   7.9552897e+01  -2.1084104e+01
   7.9553189e+01  -2.1081515e+01
   7.9553482e+01  -2.1078924e+01
   7.9553774e+01  -2.1076331e+01
   7.9554066e+01  -2.1073736e+01
   7.9554358e+01  -2.1071139e+01
   7.9554650e+01  -2.1068540e+01
   7.9554942e+01  -2.1065940e+01
   7.9555233e+01  -2.1063337e+01
   7.9555525e+01  -2.1060733e+01
   7.9555816e+01  -2.1058128e+01
   7.9556107e+01  -2.1055521e+01
   7.9556398e+01  -2.1052913e+01
   7.9556689e+01  -2.1050304e+01
   7.9556980e+01  -2.1047694e+01
   7.9557271e+01  -2.1045083e+01
   7.9557561e+01  -2.1042470e+01
   7.9557852e+01  -2.1039856e+01
   7.9558142e+01  -2.1037240e+01
   7.9558432e+01  -2.1034622e+01
   7.9558722e+01  -2.1032001e+01
   7.9559012e+01  -2.1029379e+01
   7.9559302e+01  -2.1026756e+01
   7.9559591e+01  -2.1024133e+01
   7.9559881e+01  -2.1021509e+01
   7.9560171e+01  -2.1018884e+01
   7.9560460e+01  -2.1016261e+01
   7.9560750e+01  -2.1013637e+01
   7.9561039e+01  -2.1011014e+01
   7.9561329e+01  -2.1008389e+01
   7.9561618e+01  -2.1005764e+01
   7.9561908e+01  -2.1003136e+01
   7.9562197e+01  -2.1000506e+01
   7.9562486e+01  -2.0997875e+01
   7.9562774e+01  -2.0995243e+01
   7.9563063e+01  -2.0992609e+01
   7.9563352e+01  -2.0989976e+01
   7.9563641e+01  -2.0987343e+01
   7.9563929e+01  -2.0984710e+01
   7.9564218e+01  -2.0982079e+01
   7.9564507e+01  -2.0979450e+01
   7.9564797e+01  -2.0976822e+01
   7.9565086e+01  -2.0974195e+01
   7.9565375e+01  -2.0971571e+01
   7.9565665e+01  -2.0968949e+01
   7.9565954e+01  -2.0966326e+01
   7.9566244e+01  -2.0963702e+01
   7.9566533e+01  -2.0961076e+01
   7.9566822e+01  -2.0958446e+01
   7.9567110e+01  -2.0955812e+01
   7.9567399e+01  -2.0953174e+01
   7.9567687e+01  -2.0950533e+01
   7.9567974e+01  -2.0947889e+01
   7.9568262e+01  -2.0945243e+01
   7.9568549e+01  -2.0942595e+01
   7.9568836e+01  -2.0939946e+01
   7.9569124e+01  -2.0937295e+01
   7.9569411e+01  -2.0934645e+01
   7.9569698e+01  -2.0931995e+01
   7.9569985e+01  -2.0929347e+01
   7.9570273e+01  -2.0926702e+01
   7.9570560e+01  -2.0924058e+01
   7.9570848e+01  -2.0921416e+01
   7.9571136e+01  -2.0918775e+01
   7.9571424e+01  -2.0916135e+01
   7.9571712e+01  -2.0913497e+01
   7.9572000e+01  -2.0910859e+01
   7.9572288e+01  -2.0908221e+01
   7.9572576e+01  -2.0905581e+01
   7.9572864e+01  -2.0902940e+01
   7.9573152e+01  -2.0900298e+01
   7.9573439e+01  -2.0897654e+01
   7.9573727e+01  -2.0895009e+01
   7.9574014e+01  -2.0892363e+01
   7.9574301e+01  -2.0889715e+01
   7.9574588e+01  -2.0887066e+01
   7.9574875e+01  -2.0884415e+01
   7.9575162e+01  -2.0881764e+01
   7.9575449e+01  -2.0879111e+01
   7.9575735e+01  -2.0876458e+01
   7.9576022e+01  -2.0873805e+01
   7.9576309e+01  -2.0871151e+01
   7.9576596e+01  -2.0868498e+01
   7.9576882e+01  -2.0865846e+01
   7.9577169e+01  -2.0863195e+01
   7.9577456e+01  -2.0860546e+01
   7.9577743e+01  -2.0857898e+01
   7.9578030e+01  -2.0855253e+01
   7.9578317e+01  -2.0852603e+01
   7.9578604e+01  -2.0849948e+01
   7.9578890e+01  -2.0847288e+01
   7.9579175e+01  -2.0844624e+01
   7.9579461e+01  -2.0841955e+01
   7.9579746e+01  -2.0839281e+01
   7.9580030e+01  -2.0836603e+01
   7.9580314e+01  -2.0833922e+01
   7.9580598e+01  -2.0831236e+01
   7.9580882e+01  -2.0828547e+01
   7.9581165e+01  -2.0825855e+01
   7.9581449e+01  -2.0823162e+01
   7.9581732e+01  -2.0820468e+01
   7.9582015e+01  -2.0817772e+01
   7.9582298e+01  -2.0815075e+01
   7.9582580e+01  -2.0812376e+01
   7.9582863e+01  -2.0809676e+01
   7.9583146e+01  -2.0806974e+01
   7.9583428e+01  -2.0804271e+01
   7.9583710e+01  -2.0801566e+01
   7.9583992e+01  -2.0798860e+01
   7.9584274e+01  -2.0796152e+01
   7.9584556e+01  -2.0793443e+01
   7.9584838e+01  -2.0790734e+01
   7.9585120e+01  -2.0788026e+01
   7.9585402e+01  -2.0785317e+01
   7.9585684e+01  -2.0782610e+01
   7.9585966e+01  -2.0779905e+01
   7.9586248e+01  -2.0777198e+01
   7.9586529e+01  -2.0774489e+01
   7.9586811e+01  -2.0771776e+01
   7.9587092e+01  -2.0769059e+01
   7.9587373e+01  -2.0766337e+01
   7.9587653e+01  -2.0763612e+01
   7.9587933e+01  -2.0760882e+01
   7.9588213e+01  -2.0758148e+01
   7.9588492e+01  -2.0755410e+01
   7.9588771e+01  -2.0752668e+01
   7.9589050e+01  -2.0749923e+01
   7.9589328e+01  -2.0747174e+01
   7.9589606e+01  -2.0744419e+01
   7.9589883e+01  -2.0741659e+01
   7.9590160e+01  -2.0738891e+01
   7.9590437e+01  -2.0736118e+01
   7.9590713e+01  -2.0733338e+01
   7.9590988e+01  -2.0730552e+01
   7.9591263e+01  -2.0727761e+01
   7.9591537e+01  -2.0724963e+01
   7.9591811e+01  -2.0722161e+01
   7.9592084e+01  -2.0719352e+01
   7.9592358e+01  -2.0716540e+01
   7.9592630e+01  -2.0713721e+01
   7.9592902e+01  -2.0710898e+01
   7.9593174e+01  -2.0708070e+01
   7.9593445e+01  -2.0705235e+01
   7.9593716e+01  -2.0702395e+01
   7.9593986e+01  -2.0699549e+01
   7.9594256e+01  -2.0696698e+01
   7.9594526e+01  -2.0693840e+01
   7.9594794e+01  -2.0690976e+01
   7.9595062e+01  -2.0688103e+01
   7.9595330e+01  -2.0685222e+01
   7.9595596e+01  -2.0682333e+01
   7.9595862e+01  -2.0679435e+01
   7.9596128e+01  -2.0676528e+01
   7.9596392e+01  -2.0673613e+01
   7.9596656e+01  -2.0670689e+01
   7.9596919e+01  -2.0667757e+01
   7.9597182e+01  -2.0664819e+01
   7.9597444e+01  -2.0661875e+01
   7.9597705e+01  -2.0658928e+01
   7.9597967e+01  -2.0655976e+01
   7.9598228e+01  -2.0653018e+01
   7.9598488e+01  -2.0650056e+01
   7.9598748e+01  -2.0647087e+01
   7.9599008e+01  -2.0644111e+01
   7.9599267e+01  -2.0641129e+01
   7.9599525e+01  -2.0638139e+01
   7.9599782e+01  -2.0635141e+01
   7.9600039e+01  -2.0632135e+01
   7.9600295e+01  -2.0629120e+01
   7.9600551e+01  -2.0626098e+01
   7.9600806e+01  -2.0623068e+01
   7.9601060e+01  -2.0620030e+01
   7.9601313e+01  -2.0616983e+01
   7.9601566e+01  -2.0613928e+01
   7.9601818e+01  -2.0610864e+01
   7.9602070e+01  -2.0607791e+01
   7.9602320e+01  -2.0604709e+01
   7.9602570e+01  -2.0601618e+01
   7.9602819e+01  -2.0598519e+01
   7.9603067e+01  -2.0595413e+01
   7.9603315e+01  -2.0592300e+01
   7.9603563e+01  -2.0589180e+01
   7.9603809e+01  -2.0586053e+01
   7.9604055e+01  -2.0582918e+01
   7.9604301e+01  -2.0579774e+01
   7.9604545e+01  -2.0576622e+01
   7.9604789e+01  -2.0573462e+01
   7.9605032e+01  -2.0570292e+01
   7.9605275e+01  -2.0567113e+01
   7.9605516e+01  -2.0563926e+01
   7.9605757e+01  -2.0560726e+01
   7.9605996e+01  -2.0557513e+01
   7.9606235e+01  -2.0554286e+01
   7.9606472e+01  -2.0551045e+01
   7.9606708e+01  -2.0547789e+01
   7.9606942e+01  -2.0544519e+01
   7.9607176e+01  -2.0541234e+01
   7.9607408e+01  -2.0537934e+01
   7.9607639e+01  -2.0534620e+01
   7.9607869e+01  -2.0531289e+01
   7.9608097e+01  -2.0527944e+01
   7.9608325e+01  -2.0524588e+01
   7.9608551e+01  -2.0521228e+01
   7.9608775e+01  -2.0517874e+01
   7.9608997e+01  -2.0514523e+01
   7.9609218e+01  -2.0511177e+01
   7.9609437e+01  -2.0507835e+01
   7.9609654e+01  -2.0504498e+01
   7.9609869e+01  -2.0501164e+01
   7.9610083e+01  -2.0497835e+01
   7.9610294e+01  -2.0494510e+01
   7.9610504e+01  -2.0491190e+01
   7.9610711e+01  -2.0487875e+01
   7.9610916e+01  -2.0484567e+01
   7.9611119e+01  -2.0481263e+01
   7.9611320e+01  -2.0477966e+01
   7.9611518e+01  -2.0474674e+01
   7.9611714e+01  -2.0471387e+01
   7.9611907e+01  -2.0468107e+01
   7.9612098e+01  -2.0464834e+01
   7.9612286e+01  -2.0461567e+01
   7.9612471e+01  -2.0458308e+01
   7.9612653e+01  -2.0455054e+01
   7.9612833e+01  -2.0451808e+01
   7.9613010e+01  -2.0448568e+01
   7.9613184e+01  -2.0445335e+01
   7.9613355e+01  -2.0442108e+01
   7.9613524e+01  -2.0438888e+01
   7.9613691e+01  -2.0435674e+01
   7.9613854e+01  -2.0432467e+01
   7.9614016e+01  -2.0429264e+01
   7.9614176e+01  -2.0426065e+01
   7.9614335e+01  -2.0422870e+01
   7.9614492e+01  -2.0419678e+01
   7.9614648e+01  -2.0416491e+01
   7.9614801e+01  -2.0413309e+01
   7.9614953e+01  -2.0410131e+01
   7.9615102e+01  -2.0406959e+01
   7.9615250e+01  -2.0403791e+01
   7.9615395e+01  -2.0400630e+01
   7.9615537e+01  -2.0397474e+01
   7.9615678e+01  -2.0394322e+01
   7.9615817e+01  -2.0391177e+01
   7.9615953e+01  -2.0388036e+01
   7.9616088e+01  -2.0384900e+01
   7.9616221e+01  -2.0381769e+01
   7.9616351e+01  -2.0378642e+01
   7.9616480e+01  -2.0375520e+01
   7.9616607e+01  -2.0372403e+01
   7.9616733e+01  -2.0369289e+01
   7.9616857e+01  -2.0366179e+01
   7.9616979e+01  -2.0363074e+01
   7.9617100e+01  -2.0359972e+01
   7.9617218e+01  -2.0356875e+01
   7.9617336e+01  -2.0353781e+01
   7.9617451e+01  -2.0350692e+01
   7.9617565e+01  -2.0347607e+01
   7.9617677e+01  -2.0344527e+01
   7.9617788e+01  -2.0341450e+01
   7.9617897e+01  -2.0338377e+01
   7.9618004e+01  -2.0335308e+01
   7.9618109e+01  -2.0332244e+01
   7.9618213e+01  -2.0329184e+01
   7.9618315e+01  -2.0326128e+01
   7.9618415e+01  -2.0323077e+01
   7.9618513e+01  -2.0320030e+01
   7.9618610e+01  -2.0316987e+01
   7.9618705e+01  -2.0313949e+01
   7.9618799e+01  -2.0310913e+01
   7.9618894e+01  -2.0307875e+01
   7.9618990e+01  -2.0304833e+01
   7.9619088e+01  -2.0301787e+01
   7.9619187e+01  -2.0298736e+01
   7.9619289e+01  -2.0295680e+01
   7.9619392e+01  -2.0292620e+01
   7.9619497e+01  -2.0289555e+01
   7.9619604e+01  -2.0286485e+01
   7.9619713e+01  -2.0283409e+01
   7.9619824e+01  -2.0280328e+01
   7.9619937e+01  -2.0277242e+01
   7.9620052e+01  -2.0274151e+01
   7.9620168e+01  -2.0271058e+01
   7.9620284e+01  -2.0267963e+01
   7.9620400e+01  -2.0264867e+01
   7.9620518e+01  -2.0261768e+01
   7.9620637e+01  -2.0258667e+01
   7.9620756e+01  -2.0255563e+01
   7.9620877e+01  -2.0252457e+01
   7.9620998e+01  -2.0249347e+01
   7.9621121e+01  -2.0246234e+01
   7.9621246e+01  -2.0243117e+01
   7.9621373e+01  -2.0239993e+01
   7.9621503e+01  -2.0236862e+01
   7.9621635e+01  -2.0233725e+01
   7.9621769e+01  -2.0230582e+01
   7.9621906e+01  -2.0227434e+01
   7.9622041e+01  -2.0224287e+01
   7.9622176e+01  -2.0221142e+01
   7.9622310e+01  -2.0217999e+01
   7.9622443e+01  -2.0214858e+01
   7.9622576e+01  -2.0211720e+01
   7.9622707e+01  -2.0208584e+01
   7.9622837e+01  -2.0205450e+01
   7.9622967e+01  -2.0202316e+01
   7.9623097e+01  -2.0199183e+01
   7.9623227e+01  -2.0196049e+01
   7.9623357e+01  -2.0192915e+01
   7.9623488e+01  -2.0189779e+01
   7.9623620e+01  -2.0186641e+01
   7.9623752e+01  -2.0183502e+01
   7.9623884e+01  -2.0180362e+01
   7.9624017e+01  -2.0177221e+01
   7.9624150e+01  -2.0174078e+01
   7.9624283e+01  -2.0170934e+01
   7.9624417e+01  -2.0167789e+01
   7.9624552e+01  -2.0164641e+01
   7.9624688e+01  -2.0161491e+01
   7.9624824e+01  -2.0158339e+01
   7.9624962e+01  -2.0155184e+01
   7.9625101e+01  -2.0152026e+01
   7.9625240e+01  -2.0148865e+01
   7.9625379e+01  -2.0145707e+01
   7.9625516e+01  -2.0142552e+01
   7.9625652e+01  -2.0139400e+01
   7.9625786e+01  -2.0136252e+01
   7.9625919e+01  -2.0133108e+01
   7.9626051e+01  -2.0129967e+01
   7.9626181e+01  -2.0126831e+01
   7.9626309e+01  -2.0123698e+01
   7.9626435e+01  -2.0120570e+01
   7.9626559e+01  -2.0117448e+01
   7.9626679e+01  -2.0114336e+01
   7.9626795e+01  -2.0111235e+01
   7.9626906e+01  -2.0108144e+01
   7.9627013e+01  -2.0105067e+01
   7.9627115e+01  -2.0102001e+01
   7.9627211e+01  -2.0098949e+01
   7.9627303e+01  -2.0095909e+01
   7.9627390e+01  -2.0092881e+01
   7.9627472e+01  -2.0089866e+01
   7.9627550e+01  -2.0086861e+01
   7.9627626e+01  -2.0083861e+01
   7.9627700e+01  -2.0080866e+01
   7.9627772e+01  -2.0077877e+01
   7.9627841e+01  -2.0074893e+01
   7.9627909e+01  -2.0071915e+01
   7.9627974e+01  -2.0068943e+01
   7.9628036e+01  -2.0065977e+01
   7.9628097e+01  -2.0063017e+01
   7.9628154e+01  -2.0060063e+01
   7.9628210e+01  -2.0057115e+01
   7.9628264e+01  -2.0054169e+01
   7.9628318e+01  -2.0051227e+01
   7.9628370e+01  -2.0048288e+01
   7.9628420e+01  -2.0045352e+01
   7.9628470e+01  -2.0042419e+01
   7.9628518e+01  -2.0039490e+01
   7.9628565e+01  -2.0036563e+01
   7.9628611e+01  -2.0033639e+01
   7.9628655e+01  -2.0030718e+01
   7.9628699e+01  -2.0027800e+01
   7.9628741e+01  -2.0024885e+01
   7.9628783e+01  -2.0021972e+01
   7.9628823e+01  -2.0019062e+01
   7.9628863e+01  -2.0016154e+01
   7.9628901e+01  -2.0013248e+01
   7.9628939e+01  -2.0010345e+01
   7.9628975e+01  -2.0007447e+01
   7.9629009e+01  -2.0004553e+01
   7.9629041e+01  -2.0001663e+01
   7.9629071e+01  -1.9998779e+01
   7.9629100e+01  -1.9995898e+01
   7.9629127e+01  -1.9993022e+01
   7.9629152e+01  -1.9990149e+01
   7.9629176e+01  -1.9987281e+01
   7.9629199e+01  -1.9984416e+01
   7.9629220e+01  -1.9981555e+01
   7.9629239e+01  -1.9978698e+01
   7.9629257e+01  -1.9975844e+01
   7.9629274e+01  -1.9972995e+01
   7.9629289e+01  -1.9970148e+01
   7.9629303e+01  -1.9967304e+01
   7.9629317e+01  -1.9964462e+01
   7.9629329e+01  -1.9961622e+01
   7.9629341e+01  -1.9958783e+01
   7.9629353e+01  -1.9955946e+01
   7.9629364e+01  -1.9953111e+01
   7.9629374e+01  -1.9950276e+01
   7.9629384e+01  -1.9947443e+01
   7.9629393e+01  -1.9944612e+01
   7.9629402e+01  -1.9941781e+01
   7.9629411e+01  -1.9938951e+01
   7.9629420e+01  -1.9936119e+01
   7.9629429e+01  -1.9933288e+01
   7.9629438e+01  -1.9930456e+01
   7.9629448e+01  -1.9927624e+01
   7.9629457e+01  -1.9924791e+01
   7.9629467e+01  -1.9921957e+01
   7.9629477e+01  -1.9919123e+01
   7.9629487e+01  -1.9916289e+01
   7.9629497e+01  -1.9913454e+01
   7.9629507e+01  -1.9910621e+01
   7.9629515e+01  -1.9907791e+01
   7.9629523e+01  -1.9904962e+01
   7.9629530e+01  -1.9902135e+01
   7.9629536e+01  -1.9899310e+01
   7.9629542e+01  -1.9896487e+01
   7.9629548e+01  -1.9893664e+01
   7.9629553e+01  -1.9890841e+01
   7.9629558e+01  -1.9888019e+01
   7.9629563e+01  -1.9885197e+01
   7.9629569e+01  -1.9882371e+01
   7.9629577e+01  -1.9879543e+01
   7.9629585e+01  -1.9876712e+01
   7.9629595e+01  -1.9873878e+01
   7.9629606e+01  -1.9871039e+01
   7.9629619e+01  -1.9868196e+01
   7.9629633e+01  -1.9865349e+01
   7.9629649e+01  -1.9862498e+01
   7.9629668e+01  -1.9859641e+01
   7.9629688e+01  -1.9856779e+01
   7.9629709e+01  -1.9853914e+01
   7.9629731e+01  -1.9851046e+01
   7.9629755e+01  -1.9848174e+01
   7.9629780e+01  -1.9845299e+01
   7.9629806e+01  -1.9842420e+01
   7.9629834e+01  -1.9839537e+01
   7.9629863e+01  -1.9836651e+01
   7.9629894e+01  -1.9833761e+01
   7.9629926e+01  -1.9830866e+01
   7.9629961e+01  -1.9827965e+01
   7.9629999e+01  -1.9825057e+01
   7.9630039e+01  -1.9822141e+01
   7.9630082e+01  -1.9819218e+01
   7.9630128e+01  -1.9816288e+01
   7.9630176e+01  -1.9813350e+01
   7.9630227e+01  -1.9810406e+01
   7.9630281e+01  -1.9807454e+01
   7.9630338e+01  -1.9804496e+01
   7.9630397e+01  -1.9801530e+01
   7.9630459e+01  -1.9798558e+01
   7.9630523e+01  -1.9795578e+01
   7.9630590e+01  -1.9792590e+01
   7.9630661e+01  -1.9789595e+01
   7.9630733e+01  -1.9786594e+01
   7.9630808e+01  -1.9783587e+01
   7.9630886e+01  -1.9780572e+01
   7.9630966e+01  -1.9777550e+01
   7.9631049e+01  -1.9774520e+01
   7.9631135e+01  -1.9771483e+01
   7.9631224e+01  -1.9768438e+01
   7.9631317e+01  -1.9765383e+01
   7.9631413e+01  -1.9762319e+01
   7.9631513e+01  -1.9759245e+01
   7.9631617e+01  -1.9756161e+01
   7.9631724e+01  -1.9753067e+01
   7.9631836e+01  -1.9749961e+01
   7.9631952e+01  -1.9746845e+01
   7.9632072e+01  -1.9743718e+01
   7.9632196e+01  -1.9740580e+01
   7.9632324e+01  -1.9737431e+01
   7.9632455e+01  -1.9734273e+01
   7.9632591e+01  -1.9731105e+01
   7.9632730e+01  -1.9727927e+01
   7.9632873e+01  -1.9724738e+01
   7.9633020e+01  -1.9721538e+01
   7.9633171e+01  -1.9718327e+01
   7.9633327e+01  -1.9715105e+01
   7.9633488e+01  -1.9711870e+01
   7.9633653e+01  -1.9708622e+01
   7.9633822e+01  -1.9705362e+01
   7.9633996e+01  -1.9702091e+01
   7.9634174e+01  -1.9698810e+01
   7.9634355e+01  -1.9695519e+01
   7.9634541e+01  -1.9692217e+01
   7.9634730e+01  -1.9688905e+01
   7.9634923e+01  -1.9685584e+01
   7.9635119e+01  -1.9682253e+01
   7.9635318e+01  -1.9678913e+01
   7.9635521e+01  -1.9675564e+01
   7.9635728e+01  -1.9672204e+01
   7.9635942e+01  -1.9668826e+01
   7.9636162e+01  -1.9665459e+01
   7.9636385e+01  -1.9662132e+01
   7.9636612e+01  -1.9658843e+01
   7.9636841e+01  -1.9655587e+01
   7.9637073e+01  -1.9652360e+01
   7.9637307e+01  -1.9649159e+01
   7.9637542e+01  -1.9645982e+01
   7.9637780e+01  -1.9642823e+01
   7.9638019e+01  -1.9639682e+01
   7.9638259e+01  -1.9636553e+01
   7.9638500e+01  -1.9633436e+01
   7.9638742e+01  -1.9630332e+01
   7.9638985e+01  -1.9627239e+01
   7.9639229e+01  -1.9624157e+01
   7.9639474e+01  -1.9621088e+01
   7.9639720e+01  -1.9618031e+01
   7.9639967e+01  -1.9614985e+01
   7.9640215e+01  -1.9611951e+01
   7.9640463e+01  -1.9608928e+01
   7.9640713e+01  -1.9605916e+01
   7.9640964e+01  -1.9602915e+01
   7.9641215e+01  -1.9599925e+01
   7.9641468e+01  -1.9596946e+01
   7.9641721e+01  -1.9593978e+01
   7.9641976e+01  -1.9591020e+01
   7.9642231e+01  -1.9588073e+01
   7.9642487e+01  -1.9585136e+01
   7.9642744e+01  -1.9582208e+01
   7.9643002e+01  -1.9579289e+01
   7.9643260e+01  -1.9576383e+01
   7.9643520e+01  -1.9573491e+01
   7.9643781e+01  -1.9570613e+01
   7.9644043e+01  -1.9567750e+01
   7.9644307e+01  -1.9564905e+01
   7.9644573e+01  -1.9562079e+01
   7.9644840e+01  -1.9559271e+01
   7.9645108e+01  -1.9556479e+01
   7.9645378e+01  -1.9553701e+01
   7.9645648e+01  -1.9550937e+01
   7.9645920e+01  -1.9548184e+01
   7.9646192e+01  -1.9545441e+01
   7.9646466e+01  -1.9542707e+01
   7.9646739e+01  -1.9539979e+01
   7.9647014e+01  -1.9537257e+01
   7.9647288e+01  -1.9534539e+01
   7.9647563e+01  -1.9531823e+01
   7.9647838e+01  -1.9529109e+01
   7.9648113e+01  -1.9526403e+01
   7.9648390e+01  -1.9523704e+01
   7.9648667e+01  -1.9521016e+01
   7.9648945e+01  -1.9518344e+01
   7.9649225e+01  -1.9515687e+01
   7.9649506e+01  -1.9513045e+01
   7.9649788e+01  -1.9510417e+01
   7.9650072e+01  -1.9507804e+01
   7.9650356e+01  -1.9505205e+01
   7.9650642e+01  -1.9502619e+01
   7.9650929e+01  -1.9500046e+01
   7.9651217e+01  -1.9497486e+01
   7.9651506e+01  -1.9494939e+01
   7.9651796e+01  -1.9492406e+01
   7.9652087e+01  -1.9489885e+01
   7.9652380e+01  -1.9487380e+01
   7.9652674e+01  -1.9484892e+01
   7.9652970e+01  -1.9482423e+01
   7.9653267e+01  -1.9479975e+01
   7.9653567e+01  -1.9477549e+01
   7.9653868e+01  -1.9475147e+01
   7.9654172e+01  -1.9472770e+01
   7.9654478e+01  -1.9470422e+01
   7.9654787e+01  -1.9468103e+01
   7.9655098e+01  -1.9465813e+01
   7.9655411e+01  -1.9463552e+01
   7.9655727e+01  -1.9461319e+01
   7.9656046e+01  -1.9459115e+01
   7.9656366e+01  -1.9456938e+01
   7.9656689e+01  -1.9454788e+01
   7.9657015e+01  -1.9452665e+01
   7.9657342e+01  -1.9450568e+01
   7.9657672e+01  -1.9448491e+01
   7.9658002e+01  -1.9446425e+01
   7.9658332e+01  -1.9444363e+01
   7.9658663e+01  -1.9442304e+01
   7.9658994e+01  -1.9440249e+01
   7.9659326e+01  -1.9438197e+01
   7.9659658e+01  -1.9436149e+01
   7.9659990e+01  -1.9434105e+01
   7.9660322e+01  -1.9432065e+01
   7.9660655e+01  -1.9430029e+01
   7.9660988e+01  -1.9427992e+01
   7.9661320e+01  -1.9425947e+01
   7.9661651e+01  -1.9423895e+01
   7.9661982e+01  -1.9421836e+01
   7.9662312e+01  -1.9419769e+01
   7.9662642e+01  -1.9417696e+01
   7.9662971e+01  -1.9415616e+01
   7.9663299e+01  -1.9413529e+01
   7.9663627e+01  -1.9411436e+01
   7.9663955e+01  -1.9409337e+01
   7.9664281e+01  -1.9407225e+01
   7.9664605e+01  -1.9405092e+01
   7.9664928e+01  -1.9402936e+01
   7.9665248e+01  -1.9400757e+01
   7.9665566e+01  -1.9398552e+01
   7.9665882e+01  -1.9396316e+01
   7.9666194e+01  -1.9394041e+01
   7.9666503e+01  -1.9391728e+01
   7.9666809e+01  -1.9389378e+01
   7.9667111e+01  -1.9386990e+01
