   8.1395990e+01  -3.2191654e+01
   8.1396538e+01  -3.2193918e+01
   8.1397086e+01  -3.2196206e+01
   8.1397635e+01  -3.2198519e+01
   8.1398181e+01  -3.2200837e+01
   8.1398723e+01  -3.2203162e+01
   8.1399261e+01  -3.2205491e+01
   8.1399796e+01  -3.2207827e+01
   8.1400328e+01  -3.2210167e+01
   8.1400856e+01  -3.2212514e+01
   8.1401381e+01  -3.2214865e+01
   8.1401902e+01  -3.2217222e+01
   8.1402424e+01  -3.2219579e+01
   8.1402944e+01  -3.2221938e+01
   8.1403465e+01  -3.2224296e+01
   8.1403986e+01  -3.2226655e+01
   8.1404507e+01  -3.2229014e+01
   8.1405028e+01  -3.2231373e+01
   8.1405549e+01  -3.2233732e+01
   8.1406071e+01  -3.2236090e+01
   8.1406594e+01  -3.2238448e+01
   8.1407117e+01  -3.2240805e+01
   8.1407639e+01  -3.2243164e+01
   8.1408159e+01  -3.2245527e+01
   8.1408677e+01  -3.2247892e+01
   8.1409193e+01  -3.2250261e+01
   8.1409707e+01  -3.2252634e+01
   8.1410219e+01  -3.2255009e+01
   8.1410728e+01  -3.2257388e+01
   8.1411236e+01  -3.2259771e+01
   8.1411742e+01  -3.2262157e+01
   8.1412245e+01  -3.2264546e+01
   8.1412745e+01  -3.2266941e+01
   8.1413242e+01  -3.2269341e+01
   8.1413738e+01  -3.2271743e+01
   8.1414232e+01  -3.2274147e+01
   8.1414726e+01  -3.2276553e+01
   8.1415218e+01  -3.2278960e+01
   8.1415710e+01  -3.2281369e+01
   8.1416201e+01  -3.2283780e+01
   8.1416691e+01  -3.2286191e+01
   8.1417182e+01  -3.2288603e+01
   8.1417671e+01  -3.2291016e+01
   8.1418159e+01  -3.2293432e+01
   8.1418647e+01  -3.2295849e+01
   8.1419134e+01  -3.2298266e+01
   8.1419621e+01  -3.2300684e+01
   8.1420108e+01  -3.2303103e+01
   8.1420594e+01  -3.2305522e+01
   8.1421081e+01  -3.2307942e+01
   8.1421567e+01  -3.2310363e+01
   8.1422052e+01  -3.2312785e+01
   8.1422537e+01  -3.2315208e+01
   8.1423020e+01  -3.2317633e+01
   8.1423502e+01  -3.2320061e+01
   8.1423982e+01  -3.2322492e+01
   8.1424461e+01  -3.2324926e+01
   8.1424939e+01  -3.2327360e+01
   8.1425416e+01  -3.2329796e+01
   8.1425893e+01  -3.2332233e+01
   8.1426369e+01  -3.2334671e+01
   8.1426844e+01  -3.2337111e+01
   8.1427320e+01  -3.2339549e+01
   8.1427797e+01  -3.2341987e+01
   8.1428275e+01  -3.2344424e+01
   8.1428752e+01  -3.2346860e+01
   8.1429230e+01  -3.2349298e+01
   8.1429708e+01  -3.2351735e+01
   8.1430185e+01  -3.2354174e+01
   8.1430662e+01  -3.2356613e+01
   8.1431140e+01  -3.2359050e+01
   8.1431619e+01  -3.2361487e+01
   8.1432102e+01  -3.2363918e+01
   8.1432588e+01  -3.2366345e+01
   8.1433077e+01  -3.2368766e+01
   8.1433569e+01  -3.2371184e+01
   8.1434065e+01  -3.2373596e+01
   8.1434563e+01  -3.2376005e+01
   8.1435064e+01  -3.2378411e+01
   8.1435568e+01  -3.2380812e+01
   8.1436073e+01  -3.2383211e+01
   8.1436581e+01  -3.2385608e+01
   8.1437089e+01  -3.2388003e+01
   8.1437598e+01  -3.2390398e+01
   8.1438108e+01  -3.2392791e+01
   8.1438618e+01  -3.2395183e+01
   8.1439131e+01  -3.2397574e+01
   8.1439644e+01  -3.2399963e+01
   8.1440159e+01  -3.2402350e+01
   8.1440675e+01  -3.2404735e+01
   8.1441193e+01  -3.2407118e+01
   8.1441713e+01  -3.2409497e+01
   8.1442236e+01  -3.2411874e+01
   8.1442760e+01  -3.2414249e+01
   8.1443285e+01  -3.2416621e+01
   8.1443813e+01  -3.2418991e+01
   8.1444342e+01  -3.2421359e+01
   8.1444873e+01  -3.2423724e+01
   8.1445406e+01  -3.2426087e+01
   8.1445941e+01  -3.2428447e+01
   8.1446477e+01  -3.2430805e+01
   8.1447016e+01  -3.2433160e+01
   8.1447557e+01  -3.2435511e+01
   8.1448101e+01  -3.2437858e+01
   8.1448648e+01  -3.2440201e+01
   8.1449196e+01  -3.2442524e+01
   8.1449742e+01  -3.2444824e+01
   8.1450288e+01  -3.2447100e+01
   8.1450833e+01  -3.2449352e+01
   8.1451377e+01  -3.2451578e+01
   8.1451920e+01  -3.2453779e+01
   8.1452462e+01  -3.2455956e+01
   8.1453004e+01  -3.2458115e+01
   8.1453545e+01  -3.2460256e+01
   8.1454086e+01  -3.2462377e+01
   8.1454625e+01  -3.2464479e+01
   8.1455165e+01  -3.2466561e+01
   8.1455703e+01  -3.2468623e+01
   8.1456241e+01  -3.2470666e+01
   8.1456778e+01  -3.2472688e+01
   8.1457314e+01  -3.2474690e+01
   8.1457850e+01  -3.2476670e+01
   8.1458384e+01  -3.2478617e+01
   8.1458918e+01  -3.2480523e+01
   8.1459449e+01  -3.2482388e+01
   8.1459980e+01  -3.2484215e+01
   8.1460509e+01  -3.2486005e+01
   8.1461037e+01  -3.2487760e+01
   8.1461564e+01  -3.2489482e+01
   8.1462090e+01  -3.2491173e+01
   8.1462615e+01  -3.2492833e+01
   8.1463139e+01  -3.2494463e+01
   8.1463662e+01  -3.2496063e+01
   8.1464184e+01  -3.2497633e+01
   8.1464705e+01  -3.2499172e+01
   8.1465225e+01  -3.2500681e+01
   8.1465744e+01  -3.2502161e+01
   8.1466262e+01  -3.2503614e+01
   8.1466779e+01  -3.2505040e+01
   8.1467295e+01  -3.2506441e+01
   8.1467811e+01  -3.2507818e+01
   8.1468326e+01  -3.2509171e+01
   8.1468840e+01  -3.2510504e+01
   8.1469353e+01  -3.2511817e+01
   8.1469866e+01  -3.2513108e+01
   8.1470378e+01  -3.2514378e+01
   8.1470889e+01  -3.2515626e+01
   8.1471399e+01  -3.2516852e+01
   8.1471909e+01  -3.2518056e+01
   8.1472418e+01  -3.2519237e+01
   8.1472926e+01  -3.2520393e+01
   8.1473433e+01  -3.2521516e+01
   8.1473939e+01  -3.2522603e+01
   8.1474444e+01  -3.2523653e+01
   8.1474948e+01  -3.2524668e+01
   8.1475450e+01  -3.2525648e+01
   8.1475951e+01  -3.2526594e+01
   8.1476451e+01  -3.2527505e+01
   8.1476950e+01  -3.2528384e+01
   8.1477448e+01  -3.2529229e+01
   8.1477945e+01  -3.2530042e+01
   8.1478441e+01  -3.2530820e+01
   8.1478935e+01  -3.2531560e+01
   8.1479428e+01  -3.2532262e+01
   8.1479920e+01  -3.2532926e+01
   8.1480411e+01  -3.2533553e+01
   8.1480901e+01  -3.2534143e+01
   8.1481389e+01  -3.2534698e+01
   8.1481876e+01  -3.2535219e+01
   8.1482362e+01  -3.2535704e+01
   8.1482847e+01  -3.2536157e+01
   8.1483331e+01  -3.2536579e+01
   8.1483815e+01  -3.2536972e+01
   8.1484297e+01  -3.2537336e+01
   8.1484778e+01  -3.2537671e+01
   8.1485258e+01  -3.2537978e+01
   8.1485737e+01  -3.2538257e+01
   8.1486216e+01  -3.2538508e+01
   8.1486693e+01  -3.2538732e+01
   8.1487170e+01  -3.2538930e+01
   8.1487646e+01  -3.2539102e+01
   8.1488121e+01  -3.2539249e+01
   8.1488595e+01  -3.2539374e+01
   8.1489069e+01  -3.2539476e+01
   8.1489541e+01  -3.2539557e+01
   8.1490014e+01  -3.2539615e+01
   8.1490485e+01  -3.2539652e+01
   8.1490956e+01  -3.2539667e+01
   8.1491426e+01  -3.2539661e+01
   8.1491895e+01  -3.2539633e+01
   8.1492364e+01  -3.2539585e+01
   8.1492832e+01  -3.2539517e+01
   8.1493299e+01  -3.2539432e+01
   8.1493766e+01  -3.2539330e+01
   8.1494232e+01  -3.2539212e+01
   8.1494698e+01  -3.2539077e+01
   8.1495163e+01  -3.2538926e+01
   8.1495628e+01  -3.2538758e+01
   8.1496092e+01  -3.2538575e+01
   8.1496556e+01  -3.2538376e+01
   8.1497019e+01  -3.2538161e+01
   8.1497482e+01  -3.2537930e+01
   8.1497944e+01  -3.2537685e+01
   8.1498406e+01  -3.2537423e+01
   8.1498867e+01  -3.2537147e+01
   8.1499327e+01  -3.2536856e+01
   8.1499788e+01  -3.2536549e+01
   8.1500247e+01  -3.2536228e+01
   8.1500707e+01  -3.2535893e+01
   8.1501165e+01  -3.2535542e+01
   8.1501624e+01  -3.2535178e+01
   8.1502082e+01  -3.2534799e+01
   8.1502539e+01  -3.2534408e+01
   8.1502996e+01  -3.2534006e+01
   8.1503453e+01  -3.2533591e+01
   8.1503909e+01  -3.2533165e+01
   8.1504365e+01  -3.2532727e+01
   8.1504821e+01  -3.2532277e+01
   8.1505276e+01  -3.2531816e+01
   8.1505730e+01  -3.2531344e+01
   8.1506185e+01  -3.2530860e+01
   8.1506639e+01  -3.2530364e+01
   8.1507092e+01  -3.2529853e+01
   8.1507545e+01  -3.2529327e+01
   8.1507998e+01  -3.2528786e+01
   8.1508450e+01  -3.2528229e+01
   8.1508902e+01  -3.2527656e+01
   8.1509353e+01  -3.2527068e+01
   8.1509803e+01  -3.2526465e+01
   8.1510253e+01  -3.2525845e+01
   8.1510703e+01  -3.2525210e+01
   8.1511152e+01  -3.2524560e+01
   8.1511600e+01  -3.2523901e+01
   8.1512049e+01  -3.2523233e+01
   8.1512497e+01  -3.2522557e+01
   8.1512945e+01  -3.2521871e+01
   8.1513392e+01  -3.2521177e+01
   8.1513840e+01  -3.2520474e+01
   8.1514287e+01  -3.2519762e+01
   8.1514733e+01  -3.2519042e+01
   8.1515180e+01  -3.2518313e+01
   8.1515626e+01  -3.2517577e+01
   8.1516072e+01  -3.2516835e+01
   8.1516518e+01  -3.2516088e+01
   8.1516964e+01  -3.2515336e+01
   8.1517409e+01  -3.2514579e+01
   8.1517854e+01  -3.2513817e+01
   8.1518300e+01  -3.2513049e+01
   8.1518745e+01  -3.2512276e+01
   8.1519190e+01  -3.2511498e+01
   8.1519634e+01  -3.2510714e+01
   8.1520079e+01  -3.2509926e+01
   8.1520523e+01  -3.2509137e+01
   8.1520968e+01  -3.2508349e+01
   8.1521412e+01  -3.2507562e+01
   8.1521857e+01  -3.2506774e+01
   8.1522301e+01  -3.2505987e+01
   8.1522746e+01  -3.2505199e+01
   8.1523190e+01  -3.2504412e+01
   8.1523635e+01  -3.2503624e+01
   8.1524080e+01  -3.2502837e+01
   8.1524524e+01  -3.2502050e+01
   8.1524969e+01  -3.2501271e+01
   8.1525414e+01  -3.2500499e+01
   8.1525859e+01  -3.2499734e+01
   8.1526305e+01  -3.2498976e+01
   8.1526751e+01  -3.2498226e+01
   8.1527197e+01  -3.2497484e+01
   8.1527643e+01  -3.2496749e+01
   8.1528090e+01  -3.2496022e+01
   8.1528536e+01  -3.2495303e+01
   8.1528983e+01  -3.2494593e+01
   8.1529431e+01  -3.2493894e+01
   8.1529879e+01  -3.2493207e+01
   8.1530327e+01  -3.2492531e+01
   8.1530776e+01  -3.2491868e+01
   8.1531225e+01  -3.2491216e+01
   8.1531674e+01  -3.2490576e+01
   8.1532124e+01  -3.2489948e+01
   8.1532574e+01  -3.2489333e+01
   8.1533025e+01  -3.2488729e+01
   8.1533476e+01  -3.2488136e+01
   8.1533927e+01  -3.2487548e+01
   8.1534378e+01  -3.2486964e+01
   8.1534829e+01  -3.2486385e+01
   8.1535281e+01  -3.2485810e+01
   8.1535733e+01  -3.2485239e+01
   8.1536184e+01  -3.2484673e+01
   8.1536636e+01  -3.2484111e+01
   8.1537088e+01  -3.2483553e+01
   8.1537541e+01  -3.2482999e+01
   8.1537993e+01  -3.2482448e+01
   8.1538445e+01  -3.2481893e+01
   8.1538897e+01  -3.2481332e+01
   8.1539349e+01  -3.2480766e+01
   8.1539801e+01  -3.2480196e+01
   8.1540252e+01  -3.2479620e+01
   8.1540704e+01  -3.2479040e+01
   8.1541155e+01  -3.2478455e+01
   8.1541606e+01  -3.2477865e+01
   8.1542057e+01  -3.2477270e+01
   8.1542508e+01  -3.2476670e+01
   8.1542958e+01  -3.2476063e+01
   8.1543408e+01  -3.2475448e+01
   8.1543858e+01  -3.2474826e+01
   8.1544308e+01  -3.2474197e+01
   8.1544758e+01  -3.2473560e+01
   8.1545207e+01  -3.2472917e+01
   8.1545656e+01  -3.2472266e+01
   8.1546105e+01  -3.2471608e+01
   8.1546554e+01  -3.2470942e+01
   8.1547002e+01  -3.2470271e+01
   8.1547450e+01  -3.2469595e+01
   8.1547899e+01  -3.2468916e+01
   8.1548347e+01  -3.2468233e+01
   8.1548795e+01  -3.2467547e+01
   8.1549242e+01  -3.2466856e+01
   8.1549690e+01  -3.2466162e+01
   8.1550138e+01  -3.2465464e+01
   8.1550585e+01  -3.2464763e+01
   8.1551032e+01  -3.2464058e+01
   8.1551480e+01  -3.2463348e+01
   8.1551927e+01  -3.2462633e+01
   8.1552373e+01  -3.2461913e+01
   8.1552820e+01  -3.2461187e+01
   8.1553267e+01  -3.2460455e+01
   8.1553713e+01  -3.2459718e+01
   8.1554159e+01  -3.2458975e+01
   8.1554605e+01  -3.2458227e+01
   8.1555051e+01  -3.2457474e+01
   8.1555496e+01  -3.2456715e+01
   8.1555942e+01  -3.2455951e+01
   8.1556387e+01  -3.2455181e+01
   8.1556832e+01  -3.2454405e+01
   8.1557277e+01  -3.2453624e+01
   8.1557722e+01  -3.2452838e+01
   8.1558166e+01  -3.2452046e+01
   8.1558610e+01  -3.2451249e+01
   8.1559055e+01  -3.2450447e+01
   8.1559499e+01  -3.2449640e+01
   8.1559942e+01  -3.2448827e+01
   8.1560386e+01  -3.2448010e+01
   8.1560830e+01  -3.2447190e+01
   8.1561273e+01  -3.2446365e+01
   8.1561717e+01  -3.2445537e+01
   8.1562160e+01  -3.2444706e+01
   8.1562603e+01  -3.2443871e+01
   8.1563046e+01  -3.2443032e+01
   8.1563489e+01  -3.2442190e+01
   8.1563932e+01  -3.2441345e+01
   8.1564374e+01  -3.2440496e+01
   8.1564817e+01  -3.2439645e+01
   8.1565259e+01  -3.2438792e+01
   8.1565702e+01  -3.2437939e+01
   8.1566145e+01  -3.2437085e+01
   8.1566587e+01  -3.2436230e+01
   8.1567029e+01  -3.2435374e+01
   8.1567472e+01  -3.2434517e+01
   8.1567914e+01  -3.2433659e+01
   8.1568357e+01  -3.2432801e+01
   8.1568799e+01  -3.2431941e+01
   8.1569241e+01  -3.2431082e+01
   8.1569684e+01  -3.2430225e+01
   8.1570126e+01  -3.2429370e+01
   8.1570569e+01  -3.2428518e+01
   8.1571012e+01  -3.2427669e+01
   8.1571454e+01  -3.2426823e+01
   8.1571897e+01  -3.2425979e+01
   8.1572340e+01  -3.2425137e+01
   8.1572783e+01  -3.2424298e+01
   8.1573226e+01  -3.2423462e+01
   8.1573669e+01  -3.2422627e+01
   8.1574113e+01  -3.2421790e+01
   8.1574556e+01  -3.2420950e+01
   8.1574998e+01  -3.2420107e+01
   8.1575441e+01  -3.2419261e+01
   8.1575884e+01  -3.2418412e+01
   8.1576327e+01  -3.2417560e+01
   8.1576769e+01  -3.2416706e+01
   8.1577212e+01  -3.2415849e+01
   8.1577654e+01  -3.2414989e+01
   8.1578096e+01  -3.2414125e+01
   8.1578538e+01  -3.2413258e+01
   8.1578980e+01  -3.2412386e+01
   8.1579422e+01  -3.2411510e+01
   8.1579864e+01  -3.2410630e+01
   8.1580305e+01  -3.2409745e+01
   8.1580747e+01  -3.2408856e+01
   8.1581188e+01  -3.2407962e+01
   8.1581629e+01  -3.2407064e+01
   8.1582070e+01  -3.2406161e+01
   8.1582511e+01  -3.2405255e+01
   8.1582952e+01  -3.2404353e+01
   8.1583393e+01  -3.2403454e+01
   8.1583834e+01  -3.2402559e+01
   8.1584276e+01  -3.2401666e+01
   8.1584717e+01  -3.2400778e+01
   8.1585158e+01  -3.2399892e+01
   8.1585600e+01  -3.2399008e+01
   8.1586042e+01  -3.2398128e+01
   8.1586484e+01  -3.2397250e+01
   8.1586926e+01  -3.2396376e+01
   8.1587368e+01  -3.2395511e+01
   8.1587810e+01  -3.2394656e+01
   8.1588253e+01  -3.2393809e+01
   8.1588696e+01  -3.2392971e+01
   8.1589140e+01  -3.2392142e+01
   8.1589583e+01  -3.2391322e+01
   8.1590027e+01  -3.2390510e+01
   8.1590471e+01  -3.2389707e+01
   8.1590916e+01  -3.2388913e+01
   8.1591361e+01  -3.2388124e+01
   8.1591805e+01  -3.2387331e+01
   8.1592250e+01  -3.2386534e+01
   8.1592694e+01  -3.2385732e+01
   8.1593138e+01  -3.2384926e+01
   8.1593582e+01  -3.2384115e+01
   8.1594026e+01  -3.2383300e+01
   8.1594470e+01  -3.2382481e+01
   8.1594914e+01  -3.2381659e+01
   8.1595357e+01  -3.2380832e+01
   8.1595800e+01  -3.2380003e+01
   8.1596244e+01  -3.2379178e+01
   8.1596688e+01  -3.2378356e+01
   8.1597131e+01  -3.2377537e+01
   8.1597575e+01  -3.2376721e+01
   8.1598019e+01  -3.2375910e+01
   8.1598463e+01  -3.2375102e+01
   8.1598908e+01  -3.2374298e+01
   8.1599352e+01  -3.2373498e+01
   8.1599797e+01  -3.2372702e+01
   8.1600241e+01  -3.2371910e+01
   8.1600686e+01  -3.2371124e+01
   8.1601131e+01  -3.2370343e+01
   8.1601576e+01  -3.2369568e+01
   8.1602022e+01  -3.2368798e+01
   8.1602467e+01  -3.2368034e+01
   8.1602913e+01  -3.2367275e+01
   8.1603359e+01  -3.2366521e+01
   8.1603805e+01  -3.2365773e+01
   8.1604251e+01  -3.2365029e+01
   8.1604698e+01  -3.2364292e+01
   8.1605144e+01  -3.2363562e+01
   8.1605591e+01  -3.2362841e+01
   8.1606039e+01  -3.2362128e+01
   8.1606486e+01  -3.2361423e+01
   8.1606934e+01  -3.2360725e+01
   8.1607382e+01  -3.2360036e+01
   8.1607830e+01  -3.2359354e+01
   8.1608279e+01  -3.2358680e+01
   8.1608727e+01  -3.2358013e+01
   8.1609176e+01  -3.2357355e+01
   8.1609626e+01  -3.2356708e+01
   8.1610076e+01  -3.2356072e+01
   8.1610526e+01  -3.2355446e+01
   8.1610976e+01  -3.2354831e+01
   8.1611427e+01  -3.2354227e+01
   8.1611878e+01  -3.2353632e+01
   8.1612330e+01  -3.2353047e+01
   8.1612781e+01  -3.2352472e+01
   8.1613234e+01  -3.2351906e+01
   8.1613686e+01  -3.2351350e+01
   8.1614139e+01  -3.2350808e+01
   8.1614592e+01  -3.2350281e+01
   8.1615046e+01  -3.2349768e+01
   8.1615500e+01  -3.2349270e+01
   8.1615955e+01  -3.2348785e+01
   8.1616410e+01  -3.2348314e+01
   8.1616866e+01  -3.2347856e+01
   8.1617322e+01  -3.2347413e+01
   8.1617779e+01  -3.2346983e+01
   8.1618236e+01  -3.2346567e+01
   8.1618693e+01  -3.2346172e+01
   8.1619152e+01  -3.2345796e+01
   8.1619611e+01  -3.2345441e+01
   8.1620070e+01  -3.2345105e+01
   8.1620531e+01  -3.2344788e+01
   8.1620991e+01  -3.2344490e+01
   8.1621453e+01  -3.2344212e+01
   8.1621915e+01  -3.2343951e+01
   8.1622378e+01  -3.2343709e+01
   8.1622841e+01  -3.2343486e+01
   8.1623305e+01  -3.2343284e+01
   8.1623770e+01  -3.2343103e+01
   8.1624235e+01  -3.2342943e+01
   8.1624701e+01  -3.2342803e+01
   8.1625168e+01  -3.2342684e+01
   8.1625636e+01  -3.2342586e+01
   8.1626104e+01  -3.2342509e+01
   8.1626572e+01  -3.2342452e+01
   8.1627042e+01  -3.2342416e+01
   8.1627512e+01  -3.2342399e+01
   8.1627982e+01  -3.2342394e+01
   8.1628453e+01  -3.2342399e+01
   8.1628924e+01  -3.2342417e+01
   8.1629396e+01  -3.2342445e+01
   8.1629868e+01  -3.2342486e+01
   8.1630340e+01  -3.2342538e+01
   8.1630813e+01  -3.2342602e+01
   8.1631286e+01  -3.2342680e+01
   8.1631760e+01  -3.2342773e+01
   8.1632234e+01  -3.2342882e+01
   8.1632709e+01  -3.2343004e+01
   8.1633184e+01  -3.2343138e+01
   8.1633659e+01  -3.2343285e+01
   8.1634135e+01  -3.2343443e+01
   8.1634611e+01  -3.2343614e+01
   8.1635088e+01  -3.2343797e+01
   8.1635565e+01  -3.2343993e+01
   8.1636042e+01  -3.2344200e+01
   8.1636520e+01  -3.2344420e+01
   8.1636998e+01  -3.2344652e+01
   8.1637477e+01  -3.2344895e+01
   8.1637956e+01  -3.2345149e+01
   8.1638435e+01  -3.2345411e+01
   8.1638915e+01  -3.2345683e+01
   8.1639394e+01  -3.2345962e+01
   8.1639874e+01  -3.2346250e+01
   8.1640355e+01  -3.2346543e+01
   8.1640835e+01  -3.2346843e+01
