   7.1723910e+01  -3.0048244e+01
   7.1723839e+01  -3.0046819e+01
   7.1723767e+01  -3.0045395e+01
   7.1723694e+01  -3.0043972e+01
   7.1723620e+01  -3.0042549e+01
   7.1723545e+01  -3.0041127e+01
   7.1723470e+01  -3.0039706e+01
   7.1723393e+01  -3.0038285e+01
   7.1723316e+01  -3.0036866e+01
   7.1723238e+01  -3.0035446e+01
   7.1723159e+01  -3.0034028e+01
   7.1723080e+01  -3.0032610e+01
   7.1722999e+01  -3.0031193e+01
   7.1722918e+01  -3.0029777e+01
   7.1722836e+01  -3.0028362e+01
   7.1722753e+01  -3.0026947e+01
   7.1722669e+01  -3.0025533e+01
   7.1722584e+01  -3.0024119e+01
   7.1722499e+01  -3.0022706e+01
   7.1722413e+01  -3.0021294e+01
   7.1722326e+01  -3.0019883e+01
   7.1722238e+01  -3.0018472e+01
   7.1722150e+01  -3.0017062e+01
   7.1722061e+01  -3.0015652e+01
   7.1721971e+01  -3.0014243e+01
   7.1721880e+01  -3.0012835e+01
   7.1721789e+01  -3.0011427e+01
   7.1721697e+01  -3.0010020e+01
   7.1721605e+01  -3.0008613e+01
   7.1721512e+01  -3.0007207e+01
   7.1721418e+01  -3.0005801e+01
   7.1721324e+01  -3.0004396e+01
   7.1721229e+01  -3.0002992e+01
   7.1721133e+01  -3.0001588e+01
   7.1721036e+01  -3.0000185e+01
   7.1720939e+01  -2.9998782e+01
   7.1720841e+01  -2.9997380e+01
   7.1720742e+01  -2.9995979e+01
   7.1720643e+01  -2.9994578e+01
   7.1720543e+01  -2.9993178e+01
   7.1720442e+01  -2.9991779e+01
   7.1720341e+01  -2.9990380e+01
   7.1720239e+01  -2.9988981e+01
   7.1720136e+01  -2.9987583e+01
   7.1720033e+01  -2.9986186e+01
   7.1719929e+01  -2.9984789e+01
   7.1719825e+01  -2.9983393e+01
   7.1719720e+01  -2.9981997e+01
   7.1719614e+01  -2.9980601e+01
   7.1719508e+01  -2.9979207e+01
   7.1719401e+01  -2.9977812e+01
   7.1719294e+01  -2.9976418e+01
   7.1719186e+01  -2.9975025e+01
   7.1719077e+01  -2.9973633e+01
   7.1718968e+01  -2.9972240e+01
   7.1718858e+01  -2.9970849e+01
   7.1718747e+01  -2.9969458e+01
   7.1718636e+01  -2.9968068e+01
   7.1718524e+01  -2.9966678e+01
   7.1718411e+01  -2.9965288e+01
   7.1718298e+01  -2.9963900e+01
   7.1718184e+01  -2.9962511e+01
   7.1718070e+01  -2.9961124e+01
   7.1717954e+01  -2.9959737e+01
   7.1717838e+01  -2.9958351e+01
   7.1717722e+01  -2.9956965e+01
   7.1717604e+01  -2.9955580e+01
   7.1717486e+01  -2.9954196e+01
   7.1717366e+01  -2.9952812e+01
   7.1717247e+01  -2.9951429e+01
   7.1717126e+01  -2.9950047e+01
   7.1717005e+01  -2.9948665e+01
   7.1716882e+01  -2.9947284e+01
   7.1716759e+01  -2.9945904e+01
   7.1716634e+01  -2.9944525e+01
   7.1716509e+01  -2.9943147e+01
   7.1716383e+01  -2.9941770e+01
   7.1716255e+01  -2.9940394e+01
   7.1716127e+01  -2.9939018e+01
   7.1715997e+01  -2.9937644e+01
   7.1715867e+01  -2.9936270e+01
   7.1715735e+01  -2.9934897e+01
   7.1715602e+01  -2.9933525e+01
   7.1715469e+01  -2.9932154e+01
   7.1715333e+01  -2.9930784e+01
   7.1715197e+01  -2.9929416e+01
   7.1715060e+01  -2.9928048e+01
   7.1714922e+01  -2.9926681e+01
   7.1714782e+01  -2.9925315e+01
   7.1714641e+01  -2.9923950e+01
   7.1714499e+01  -2.9922587e+01
   7.1714356e+01  -2.9921224e+01
   7.1714212e+01  -2.9919862e+01
   7.1714067e+01  -2.9918500e+01
   7.1713922e+01  -2.9917140e+01
   7.1713775e+01  -2.9915780e+01
   7.1713628e+01  -2.9914420e+01
   7.1713480e+01  -2.9913062e+01
   7.1713332e+01  -2.9911704e+01
   7.1713182e+01  -2.9910347e+01
   7.1713032e+01  -2.9908990e+01
   7.1712881e+01  -2.9907635e+01
   7.1712729e+01  -2.9906279e+01
   7.1712577e+01  -2.9904924e+01
   7.1712425e+01  -2.9903569e+01
   7.1712272e+01  -2.9902215e+01
   7.1712119e+01  -2.9900861e+01
   7.1711966e+01  -2.9899507e+01
   7.1711813e+01  -2.9898153e+01
   7.1711659e+01  -2.9896800e+01
   7.1711504e+01  -2.9895447e+01
   7.1711349e+01  -2.9894095e+01
   7.1711195e+01  -2.9892742e+01
   7.1711039e+01  -2.9891390e+01
   7.1710884e+01  -2.9890038e+01
   7.1710729e+01  -2.9888686e+01
   7.1710573e+01  -2.9887335e+01
   7.1710417e+01  -2.9885983e+01
   7.1710261e+01  -2.9884632e+01
   7.1710105e+01  -2.9883280e+01
   7.1709949e+01  -2.9881929e+01
   7.1709792e+01  -2.9880579e+01
   7.1709636e+01  -2.9879227e+01
   7.1709480e+01  -2.9877876e+01
   7.1709325e+01  -2.9876524e+01
   7.1709170e+01  -2.9875172e+01
   7.1709016e+01  -2.9873819e+01
   7.1708862e+01  -2.9872467e+01
   7.1708708e+01  -2.9871113e+01
   7.1708555e+01  -2.9869760e+01
   7.1708402e+01  -2.9868406e+01
   7.1708250e+01  -2.9867052e+01
   7.1708098e+01  -2.9865696e+01
   7.1707948e+01  -2.9864340e+01
   7.1707799e+01  -2.9862983e+01
   7.1707651e+01  -2.9861625e+01
   7.1707505e+01  -2.9860266e+01
   7.1707359e+01  -2.9858906e+01
   7.1707215e+01  -2.9857545e+01
   7.1707071e+01  -2.9856183e+01
   7.1706929e+01  -2.9854820e+01
   7.1706788e+01  -2.9853456e+01
   7.1706649e+01  -2.9852091e+01
   7.1706511e+01  -2.9850724e+01
   7.1706376e+01  -2.9849355e+01
   7.1706242e+01  -2.9847985e+01
   7.1706109e+01  -2.9846614e+01
   7.1705979e+01  -2.9845241e+01
   7.1705850e+01  -2.9843867e+01
   7.1705723e+01  -2.9842491e+01
   7.1705598e+01  -2.9841113e+01
   7.1705475e+01  -2.9839734e+01
   7.1705354e+01  -2.9838353e+01
   7.1705235e+01  -2.9836970e+01
   7.1705119e+01  -2.9835584e+01
   7.1705006e+01  -2.9834197e+01
   7.1704895e+01  -2.9832807e+01
   7.1704787e+01  -2.9831415e+01
   7.1704681e+01  -2.9830021e+01
   7.1704578e+01  -2.9828624e+01
   7.1704478e+01  -2.9827226e+01
   7.1704379e+01  -2.9825825e+01
   7.1704284e+01  -2.9824422e+01
   7.1704192e+01  -2.9823016e+01
   7.1704102e+01  -2.9821608e+01
   7.1704015e+01  -2.9820198e+01
   7.1703931e+01  -2.9818785e+01
   7.1703850e+01  -2.9817370e+01
   7.1703772e+01  -2.9815952e+01
   7.1703696e+01  -2.9814532e+01
   7.1703623e+01  -2.9813109e+01
   7.1703553e+01  -2.9811684e+01
   7.1703486e+01  -2.9810257e+01
   7.1703421e+01  -2.9808827e+01
   7.1703359e+01  -2.9807395e+01
   7.1703300e+01  -2.9805961e+01
   7.1703243e+01  -2.9804525e+01
   7.1703189e+01  -2.9803086e+01
   7.1703137e+01  -2.9801646e+01
   7.1703088e+01  -2.9800202e+01
   7.1703041e+01  -2.9798757e+01
   7.1702998e+01  -2.9797309e+01
   7.1702956e+01  -2.9795860e+01
   7.1702915e+01  -2.9794410e+01
   7.1702877e+01  -2.9792958e+01
   7.1702840e+01  -2.9791504e+01
   7.1702805e+01  -2.9790049e+01
   7.1702771e+01  -2.9788592e+01
   7.1702739e+01  -2.9787134e+01
   7.1702709e+01  -2.9785674e+01
   7.1702681e+01  -2.9784213e+01
   7.1702655e+01  -2.9782751e+01
   7.1702630e+01  -2.9781286e+01
   7.1702607e+01  -2.9779820e+01
   7.1702587e+01  -2.9778353e+01
   7.1702568e+01  -2.9776884e+01
   7.1702551e+01  -2.9775413e+01
   7.1702535e+01  -2.9773940e+01
   7.1702522e+01  -2.9772466e+01
   7.1702511e+01  -2.9770990e+01
   7.1702501e+01  -2.9769513e+01
   7.1702494e+01  -2.9768034e+01
   7.1702489e+01  -2.9766552e+01
   7.1702486e+01  -2.9765069e+01
   7.1702485e+01  -2.9763584e+01
   7.1702487e+01  -2.9762096e+01
   7.1702491e+01  -2.9760607e+01
   7.1702498e+01  -2.9759116e+01
   7.1702507e+01  -2.9757622e+01
   7.1702518e+01  -2.9756126e+01
   7.1702532e+01  -2.9754629e+01
   7.1702548e+01  -2.9753129e+01
   7.1702566e+01  -2.9751628e+01
   7.1702586e+01  -2.9750125e+01
   7.1702607e+01  -2.9748620e+01
   7.1702630e+01  -2.9747114e+01
   7.1702655e+01  -2.9745607e+01
   7.1702681e+01  -2.9744098e+01
   7.1702710e+01  -2.9742588e+01
   7.1702739e+01  -2.9741076e+01
   7.1702771e+01  -2.9739563e+01
   7.1702803e+01  -2.9738049e+01
   7.1702837e+01  -2.9736533e+01
   7.1702873e+01  -2.9735016e+01
   7.1702910e+01  -2.9733498e+01
   7.1702948e+01  -2.9731979e+01
   7.1702988e+01  -2.9730458e+01
   7.1703029e+01  -2.9728936e+01
   7.1703072e+01  -2.9727413e+01
   7.1703117e+01  -2.9725889e+01
   7.1703162e+01  -2.9724363e+01
   7.1703210e+01  -2.9722836e+01
   7.1703259e+01  -2.9721307e+01
   7.1703310e+01  -2.9719776e+01
   7.1703363e+01  -2.9718244e+01
   7.1703418e+01  -2.9716710e+01
   7.1703475e+01  -2.9715175e+01
   7.1703533e+01  -2.9713638e+01
   7.1703593e+01  -2.9712099e+01
   7.1703655e+01  -2.9710559e+01
   7.1703719e+01  -2.9709017e+01
   7.1703784e+01  -2.9707474e+01
   7.1703851e+01  -2.9705930e+01
   7.1703920e+01  -2.9704384e+01
   7.1703990e+01  -2.9702837e+01
   7.1704061e+01  -2.9701288e+01
   7.1704134e+01  -2.9699739e+01
   7.1704207e+01  -2.9698188e+01
   7.1704283e+01  -2.9696636e+01
   7.1704360e+01  -2.9695083e+01
   7.1704438e+01  -2.9693528e+01
   7.1704518e+01  -2.9691973e+01
   7.1704599e+01  -2.9690415e+01
   7.1704683e+01  -2.9688855e+01
   7.1704769e+01  -2.9687294e+01
   7.1704857e+01  -2.9685731e+01
   7.1704947e+01  -2.9684166e+01
   7.1705039e+01  -2.9682599e+01
   7.1705133e+01  -2.9681031e+01
   7.1705230e+01  -2.9679460e+01
   7.1705328e+01  -2.9677887e+01
   7.1705429e+01  -2.9676313e+01
   7.1705532e+01  -2.9674737e+01
   7.1705637e+01  -2.9673158e+01
   7.1705745e+01  -2.9671578e+01
   7.1705854e+01  -2.9669996e+01
   7.1705966e+01  -2.9668411e+01
   7.1706080e+01  -2.9666825e+01
   7.1706196e+01  -2.9665237e+01
   7.1706315e+01  -2.9663646e+01
   7.1706436e+01  -2.9662054e+01
   7.1706560e+01  -2.9660459e+01
   7.1706687e+01  -2.9658862e+01
   7.1706816e+01  -2.9657262e+01
   7.1706948e+01  -2.9655659e+01
   7.1707084e+01  -2.9654054e+01
   7.1707222e+01  -2.9652447e+01
   7.1707362e+01  -2.9650837e+01
   7.1707506e+01  -2.9649224e+01
   7.1707652e+01  -2.9647609e+01
   7.1707802e+01  -2.9645992e+01
   7.1707954e+01  -2.9644372e+01
   7.1708107e+01  -2.9642750e+01
   7.1708263e+01  -2.9641127e+01
   7.1708420e+01  -2.9639503e+01
   7.1708579e+01  -2.9637876e+01
   7.1708740e+01  -2.9636249e+01
   7.1708902e+01  -2.9634620e+01
   7.1709066e+01  -2.9632990e+01
   7.1709231e+01  -2.9631358e+01
   7.1709397e+01  -2.9629725e+01
   7.1709565e+01  -2.9628091e+01
   7.1709733e+01  -2.9626456e+01
   7.1709901e+01  -2.9624822e+01
   7.1710069e+01  -2.9623188e+01
   7.1710236e+01  -2.9621554e+01
   7.1710403e+01  -2.9619921e+01
   7.1710569e+01  -2.9618288e+01
   7.1710735e+01  -2.9616655e+01
   7.1710900e+01  -2.9615023e+01
   7.1711064e+01  -2.9613391e+01
   7.1711228e+01  -2.9611760e+01
   7.1711392e+01  -2.9610129e+01
   7.1711554e+01  -2.9608499e+01
   7.1711716e+01  -2.9606870e+01
   7.1711876e+01  -2.9605242e+01
   7.1712036e+01  -2.9603614e+01
   7.1712194e+01  -2.9601988e+01
   7.1712350e+01  -2.9600363e+01
   7.1712506e+01  -2.9598739e+01
   7.1712659e+01  -2.9597116e+01
   7.1712811e+01  -2.9595495e+01
   7.1712961e+01  -2.9593876e+01
   7.1713107e+01  -2.9592260e+01
   7.1713250e+01  -2.9590647e+01
   7.1713390e+01  -2.9589036e+01
   7.1713527e+01  -2.9587428e+01
   7.1713661e+01  -2.9585823e+01
   7.1713791e+01  -2.9584220e+01
   7.1713918e+01  -2.9582620e+01
   7.1714042e+01  -2.9581023e+01
   7.1714163e+01  -2.9579430e+01
   7.1714278e+01  -2.9577840e+01
   7.1714390e+01  -2.9576254e+01
   7.1714497e+01  -2.9574672e+01
   7.1714599e+01  -2.9573094e+01
   7.1714698e+01  -2.9571519e+01
   7.1714792e+01  -2.9569949e+01
   7.1714881e+01  -2.9568382e+01
   7.1714967e+01  -2.9566818e+01
   7.1715048e+01  -2.9565259e+01
   7.1715125e+01  -2.9563702e+01
   7.1715199e+01  -2.9562150e+01
   7.1715269e+01  -2.9560600e+01
   7.1715335e+01  -2.9559053e+01
   7.1715399e+01  -2.9557509e+01
   7.1715460e+01  -2.9555967e+01
   7.1715518e+01  -2.9554428e+01
   7.1715573e+01  -2.9552891e+01
   7.1715625e+01  -2.9551357e+01
   7.1715674e+01  -2.9549826e+01
   7.1715720e+01  -2.9548297e+01
   7.1715764e+01  -2.9546770e+01
   7.1715806e+01  -2.9545244e+01
   7.1715846e+01  -2.9543721e+01
   7.1715884e+01  -2.9542199e+01
   7.1715920e+01  -2.9540679e+01
   7.1715953e+01  -2.9539161e+01
   7.1715985e+01  -2.9537644e+01
   7.1716015e+01  -2.9536129e+01
   7.1716043e+01  -2.9534616e+01
   7.1716069e+01  -2.9533105e+01
   7.1716093e+01  -2.9531595e+01
   7.1716116e+01  -2.9530087e+01
   7.1716137e+01  -2.9528580e+01
   7.1716156e+01  -2.9527074e+01
   7.1716174e+01  -2.9525570e+01
   7.1716189e+01  -2.9524068e+01
   7.1716204e+01  -2.9522567e+01
   7.1716216e+01  -2.9521067e+01
   7.1716227e+01  -2.9519569e+01
   7.1716235e+01  -2.9518073e+01
   7.1716242e+01  -2.9516578e+01
   7.1716247e+01  -2.9515085e+01
   7.1716249e+01  -2.9513594e+01
   7.1716250e+01  -2.9512105e+01
   7.1716248e+01  -2.9510618e+01
   7.1716244e+01  -2.9509133e+01
   7.1716238e+01  -2.9507650e+01
   7.1716230e+01  -2.9506168e+01
   7.1716220e+01  -2.9504688e+01
   7.1716208e+01  -2.9503211e+01
   7.1716193e+01  -2.9501735e+01
   7.1716177e+01  -2.9500260e+01
   7.1716158e+01  -2.9498788e+01
   7.1716138e+01  -2.9497317e+01
   7.1716116e+01  -2.9495848e+01
   7.1716091e+01  -2.9494381e+01
   7.1716065e+01  -2.9492916e+01
   7.1716036e+01  -2.9491452e+01
   7.1716006e+01  -2.9489990e+01
   7.1715973e+01  -2.9488530e+01
   7.1715939e+01  -2.9487072e+01
   7.1715903e+01  -2.9485614e+01
   7.1715866e+01  -2.9484159e+01
   7.1715826e+01  -2.9482705e+01
   7.1715785e+01  -2.9481252e+01
   7.1715743e+01  -2.9479801e+01
   7.1715698e+01  -2.9478352e+01
   7.1715652e+01  -2.9476904e+01
   7.1715604e+01  -2.9475457e+01
   7.1715555e+01  -2.9474012e+01
   7.1715503e+01  -2.9472569e+01
   7.1715451e+01  -2.9471126e+01
   7.1715396e+01  -2.9469685e+01
   7.1715341e+01  -2.9468246e+01
   7.1715283e+01  -2.9466808e+01
   7.1715225e+01  -2.9465371e+01
   7.1715164e+01  -2.9463935e+01
   7.1715103e+01  -2.9462501e+01
   7.1715039e+01  -2.9461068e+01
   7.1714975e+01  -2.9459636e+01
   7.1714909e+01  -2.9458206e+01
   7.1714843e+01  -2.9456776e+01
   7.1714775e+01  -2.9455346e+01
   7.1714707e+01  -2.9453918e+01
   7.1714638e+01  -2.9452490e+01
   7.1714568e+01  -2.9451063e+01
   7.1714498e+01  -2.9449637e+01
   7.1714426e+01  -2.9448211e+01
   7.1714354e+01  -2.9446786e+01
   7.1714280e+01  -2.9445362e+01
   7.1714206e+01  -2.9443939e+01
   7.1714132e+01  -2.9442516e+01
   7.1714057e+01  -2.9441094e+01
   7.1713981e+01  -2.9439672e+01
   7.1713905e+01  -2.9438250e+01
   7.1713829e+01  -2.9436829e+01
   7.1713751e+01  -2.9435409e+01
   7.1713673e+01  -2.9433989e+01
   7.1713595e+01  -2.9432569e+01
   7.1713516e+01  -2.9431150e+01
   7.1713437e+01  -2.9429732e+01
   7.1713357e+01  -2.9428313e+01
   7.1713277e+01  -2.9426895e+01
   7.1713196e+01  -2.9425478e+01
   7.1713115e+01  -2.9424061e+01
   7.1713034e+01  -2.9422644e+01
   7.1712952e+01  -2.9421228e+01
   7.1712870e+01  -2.9419812e+01
   7.1712787e+01  -2.9418396e+01
   7.1712704e+01  -2.9416981e+01
   7.1712621e+01  -2.9415566e+01
   7.1712538e+01  -2.9414151e+01
   7.1712454e+01  -2.9412735e+01
   7.1712371e+01  -2.9411321e+01
   7.1712288e+01  -2.9409906e+01
   7.1712204e+01  -2.9408491e+01
   7.1712121e+01  -2.9407076e+01
   7.1712037e+01  -2.9405661e+01
   7.1711953e+01  -2.9404247e+01
   7.1711869e+01  -2.9402832e+01
   7.1711786e+01  -2.9401417e+01
   7.1711702e+01  -2.9400002e+01
   7.1711619e+01  -2.9398587e+01
   7.1711536e+01  -2.9397172e+01
   7.1711453e+01  -2.9395756e+01
   7.1711371e+01  -2.9394341e+01
   7.1711288e+01  -2.9392925e+01
   7.1711206e+01  -2.9391509e+01
   7.1711124e+01  -2.9390093e+01
   7.1711043e+01  -2.9388676e+01
   7.1710962e+01  -2.9387259e+01
   7.1710881e+01  -2.9385842e+01
   7.1710801e+01  -2.9384424e+01
   7.1710721e+01  -2.9383006e+01
   7.1710641e+01  -2.9381588e+01
   7.1710563e+01  -2.9380169e+01
   7.1710484e+01  -2.9378749e+01
   7.1710406e+01  -2.9377330e+01
   7.1710329e+01  -2.9375909e+01
   7.1710252e+01  -2.9374489e+01
   7.1710176e+01  -2.9373067e+01
   7.1710101e+01  -2.9371645e+01
   7.1710027e+01  -2.9370222e+01
   7.1709954e+01  -2.9368798e+01
   7.1709882e+01  -2.9367373e+01
   7.1709810e+01  -2.9365947e+01
   7.1709740e+01  -2.9364521e+01
   7.1709671e+01  -2.9363093e+01
   7.1709602e+01  -2.9361665e+01
   7.1709535e+01  -2.9360236e+01
   7.1709469e+01  -2.9358806e+01
   7.1709405e+01  -2.9357374e+01
   7.1709343e+01  -2.9355940e+01
   7.1709282e+01  -2.9354505e+01
   7.1709223e+01  -2.9353068e+01
   7.1709167e+01  -2.9351629e+01
   7.1709111e+01  -2.9350189e+01
   7.1709058e+01  -2.9348747e+01
   7.1709007e+01  -2.9347304e+01
   7.1708957e+01  -2.9345859e+01
   7.1708910e+01  -2.9344412e+01
   7.1708865e+01  -2.9342962e+01
   7.1708824e+01  -2.9341510e+01
   7.1708784e+01  -2.9340056e+01
   7.1708748e+01  -2.9338599e+01
   7.1708714e+01  -2.9337140e+01
   7.1708684e+01  -2.9335678e+01
   7.1708656e+01  -2.9334214e+01
   7.1708631e+01  -2.9332747e+01
   7.1708608e+01  -2.9331277e+01
   7.1708591e+01  -2.9329804e+01
   7.1708578e+01  -2.9328326e+01
   7.1708570e+01  -2.9326843e+01
   7.1708567e+01  -2.9325357e+01
   7.1708569e+01  -2.9323865e+01
   7.1708577e+01  -2.9322370e+01
   7.1708589e+01  -2.9320869e+01
   7.1708607e+01  -2.9319364e+01
   7.1708629e+01  -2.9317854e+01
   7.1708658e+01  -2.9316340e+01
   7.1708692e+01  -2.9314820e+01
   7.1708732e+01  -2.9313294e+01
   7.1708779e+01  -2.9311763e+01
   7.1708832e+01  -2.9310226e+01
   7.1708892e+01  -2.9308683e+01
   7.1708958e+01  -2.9307134e+01
   7.1709030e+01  -2.9305580e+01
   7.1709110e+01  -2.9304019e+01
   7.1709196e+01  -2.9302453e+01
   7.1709289e+01  -2.9300880e+01
   7.1709390e+01  -2.9299300e+01
   7.1709499e+01  -2.9297713e+01
   7.1709615e+01  -2.9296119e+01
   7.1709740e+01  -2.9294517e+01
   7.1709873e+01  -2.9292909e+01
   7.1710014e+01  -2.9291293e+01
   7.1710163e+01  -2.9289669e+01
   7.1710321e+01  -2.9288037e+01
   7.1710488e+01  -2.9286399e+01
   7.1710663e+01  -2.9284752e+01
   7.1710847e+01  -2.9283097e+01
   7.1711041e+01  -2.9281433e+01
   7.1711245e+01  -2.9279760e+01
   7.1711459e+01  -2.9278079e+01
   7.1711683e+01  -2.9276388e+01
   7.1711917e+01  -2.9274688e+01
   7.1712162e+01  -2.9272978e+01
   7.1712418e+01  -2.9271259e+01
   7.1712685e+01  -2.9269529e+01
   7.1712964e+01  -2.9267789e+01
   7.1713254e+01  -2.9266039e+01
   7.1713555e+01  -2.9264278e+01
   7.1713866e+01  -2.9262513e+01
   7.1714181e+01  -2.9260783e+01
   7.1714499e+01  -2.9259088e+01
   7.1714820e+01  -2.9257425e+01
   7.1715143e+01  -2.9255792e+01
   7.1715469e+01  -2.9254189e+01
   7.1715798e+01  -2.9252613e+01
   7.1716129e+01  -2.9251064e+01
   7.1716461e+01  -2.9249535e+01
   7.1716795e+01  -2.9248018e+01
   7.1717129e+01  -2.9246513e+01
   7.1717465e+01  -2.9245020e+01
   7.1717802e+01  -2.9243537e+01
   7.1718139e+01  -2.9242065e+01
   7.1718478e+01  -2.9240602e+01
   7.1718817e+01  -2.9239149e+01
   7.1719157e+01  -2.9237704e+01
   7.1719498e+01  -2.9236267e+01
   7.1719838e+01  -2.9234832e+01
   7.1720179e+01  -2.9233389e+01
   7.1720518e+01  -2.9231938e+01
   7.1720856e+01  -2.9230474e+01
   7.1721193e+01  -2.9228994e+01
   7.1721528e+01  -2.9227499e+01
   7.1721862e+01  -2.9225989e+01
   7.1722195e+01  -2.9224462e+01
   7.1722526e+01  -2.9222919e+01
   7.1722856e+01  -2.9221359e+01
   7.1723184e+01  -2.9219782e+01
   7.1723511e+01  -2.9218189e+01
   7.1723836e+01  -2.9216579e+01
   7.1724160e+01  -2.9214952e+01
   7.1724482e+01  -2.9213309e+01
   7.1724802e+01  -2.9211645e+01
   7.1725121e+01  -2.9209956e+01
   7.1725437e+01  -2.9208243e+01
   7.1725750e+01  -2.9206504e+01
   7.1726062e+01  -2.9204738e+01
   7.1726367e+01  -2.9202972e+01
   7.1726665e+01  -2.9201211e+01
   7.1726957e+01  -2.9199455e+01
   7.1727244e+01  -2.9197705e+01
   7.1727526e+01  -2.9195958e+01
   7.1727804e+01  -2.9194216e+01
   7.1728076e+01  -2.9192478e+01
   7.1728344e+01  -2.9190745e+01
   7.1728607e+01  -2.9189015e+01
   7.1728866e+01  -2.9187289e+01
   7.1729121e+01  -2.9185567e+01
   7.1729373e+01  -2.9183848e+01
   7.1729620e+01  -2.9182132e+01
   7.1729865e+01  -2.9180419e+01
   7.1730106e+01  -2.9178709e+01
   7.1730344e+01  -2.9177002e+01
   7.1730578e+01  -2.9175298e+01
   7.1730810e+01  -2.9173596e+01
   7.1731038e+01  -2.9171897e+01
   7.1731265e+01  -2.9170200e+01
   7.1731490e+01  -2.9168504e+01
   7.1731714e+01  -2.9166810e+01
   7.1731936e+01  -2.9165116e+01
   7.1732158e+01  -2.9163423e+01
   7.1732381e+01  -2.9161729e+01
   7.1732604e+01  -2.9160034e+01
   7.1732830e+01  -2.9158338e+01
   7.1733056e+01  -2.9156640e+01
   7.1733285e+01  -2.9154940e+01
   7.1733516e+01  -2.9153239e+01
   7.1733749e+01  -2.9151535e+01
   7.1733984e+01  -2.9149829e+01
   7.1734222e+01  -2.9148121e+01
   7.1734462e+01  -2.9146411e+01
   7.1734705e+01  -2.9144698e+01
   7.1734952e+01  -2.9142982e+01
   7.1735201e+01  -2.9141264e+01
   7.1735453e+01  -2.9139542e+01
   7.1735708e+01  -2.9137818e+01
   7.1735966e+01  -2.9136091e+01
   7.1736228e+01  -2.9134361e+01
   7.1736492e+01  -2.9132628e+01
   7.1736760e+01  -2.9130892e+01
   7.1737031e+01  -2.9129153e+01
   7.1737306e+01  -2.9127411e+01
   7.1737583e+01  -2.9125667e+01
   7.1737863e+01  -2.9123920e+01
   7.1738143e+01  -2.9122172e+01
   7.1738424e+01  -2.9120424e+01
   7.1738705e+01  -2.9118676e+01
   7.1738986e+01  -2.9116927e+01
   7.1739268e+01  -2.9115178e+01
   7.1739549e+01  -2.9113429e+01
   7.1739831e+01  -2.9111680e+01
   7.1740112e+01  -2.9109931e+01
   7.1740393e+01  -2.9108182e+01
   7.1740673e+01  -2.9106435e+01
   7.1740952e+01  -2.9104688e+01
   7.1741230e+01  -2.9102941e+01
   7.1741507e+01  -2.9101196e+01
   7.1741784e+01  -2.9099450e+01
   7.1742060e+01  -2.9097705e+01
   7.1742337e+01  -2.9095961e+01
   7.1742613e+01  -2.9094216e+01
   7.1742889e+01  -2.9092471e+01
   7.1743165e+01  -2.9090726e+01
   7.1743441e+01  -2.9088981e+01
   7.1743716e+01  -2.9087237e+01
   7.1743991e+01  -2.9085492e+01
   7.1744267e+01  -2.9083747e+01
   7.1744544e+01  -2.9082001e+01
   7.1744821e+01  -2.9080255e+01
   7.1745100e+01  -2.9078507e+01
   7.1745379e+01  -2.9076758e+01
   7.1745660e+01  -2.9075009e+01
   7.1745942e+01  -2.9073258e+01
   7.1746225e+01  -2.9071505e+01
   7.1746510e+01  -2.9069751e+01
   7.1746797e+01  -2.9067996e+01
   7.1747085e+01  -2.9066239e+01
   7.1747376e+01  -2.9064480e+01
   7.1747668e+01  -2.9062719e+01
   7.1747962e+01  -2.9060957e+01
   7.1748258e+01  -2.9059192e+01
   7.1748556e+01  -2.9057426e+01
   7.1748857e+01  -2.9055657e+01
   7.1749159e+01  -2.9053887e+01
   7.1749463e+01  -2.9052115e+01
   7.1749769e+01  -2.9050341e+01
   7.1750077e+01  -2.9048566e+01
   7.1750386e+01  -2.9046792e+01
   7.1750696e+01  -2.9045026e+01
   7.1751007e+01  -2.9043267e+01
   7.1751319e+01  -2.9041517e+01
   7.1751631e+01  -2.9039775e+01
   7.1751944e+01  -2.9038041e+01
   7.1752258e+01  -2.9036316e+01
   7.1752573e+01  -2.9034600e+01
   7.1752888e+01  -2.9032894e+01
   7.1753205e+01  -2.9031197e+01
   7.1753522e+01  -2.9029511e+01
   7.1753840e+01  -2.9027836e+01
   7.1754160e+01  -2.9026172e+01
   7.1754480e+01  -2.9024520e+01
   7.1754801e+01  -2.9022878e+01
   7.1755124e+01  -2.9021249e+01
   7.1755447e+01  -2.9019632e+01
   7.1755772e+01  -2.9018029e+01
   7.1756098e+01  -2.9016439e+01
   7.1756425e+01  -2.9014861e+01
   7.1756753e+01  -2.9013296e+01
   7.1757082e+01  -2.9011741e+01
   7.1757412e+01  -2.9010199e+01
   7.1757743e+01  -2.9008668e+01
   7.1758075e+01  -2.9007148e+01
   7.1758408e+01  -2.9005639e+01
   7.1758742e+01  -2.9004141e+01
   7.1759077e+01  -2.9002655e+01
   7.1759413e+01  -2.9001178e+01
   7.1759750e+01  -2.8999710e+01
   7.1760087e+01  -2.8998247e+01
   7.1760425e+01  -2.8996792e+01
   7.1760763e+01  -2.8995342e+01
   7.1761102e+01  -2.8993900e+01
   7.1761442e+01  -2.8992465e+01
   7.1761782e+01  -2.8991038e+01
   7.1762123e+01  -2.8989617e+01
   7.1762465e+01  -2.8988205e+01
   7.1762807e+01  -2.8986800e+01
   7.1763150e+01  -2.8985402e+01
   7.1763493e+01  -2.8984008e+01
   7.1763837e+01  -2.8982616e+01
   7.1764181e+01  -2.8981226e+01
   7.1764524e+01  -2.8979837e+01
   7.1764868e+01  -2.8978449e+01
   7.1765212e+01  -2.8977062e+01
   7.1765556e+01  -2.8975677e+01
   7.1765900e+01  -2.8974293e+01
   7.1766245e+01  -2.8972911e+01
   7.1766589e+01  -2.8971530e+01
   7.1766934e+01  -2.8970151e+01
   7.1767278e+01  -2.8968774e+01
   7.1767623e+01  -2.8967398e+01
   7.1767968e+01  -2.8966024e+01
   7.1768314e+01  -2.8964651e+01
   7.1768659e+01  -2.8963280e+01
   7.1769004e+01  -2.8961909e+01
   7.1769350e+01  -2.8960540e+01
   7.1769695e+01  -2.8959172e+01
   7.1770041e+01  -2.8957809e+01
   7.1770388e+01  -2.8956453e+01
   7.1770735e+01  -2.8955104e+01
   7.1771083e+01  -2.8953763e+01
   7.1771432e+01  -2.8952431e+01
   7.1771781e+01  -2.8951107e+01
   7.1772131e+01  -2.8949792e+01
   7.1772483e+01  -2.8948486e+01
   7.1772835e+01  -2.8947191e+01
   7.1773188e+01  -2.8945905e+01
   7.1773541e+01  -2.8944630e+01
   7.1773896e+01  -2.8943367e+01
   7.1774252e+01  -2.8942114e+01
   7.1774609e+01  -2.8940873e+01
   7.1774967e+01  -2.8939645e+01
   7.1775326e+01  -2.8938429e+01
   7.1775687e+01  -2.8937228e+01
   7.1776049e+01  -2.8936040e+01
   7.1776412e+01  -2.8934867e+01
   7.1776776e+01  -2.8933709e+01
   7.1777142e+01  -2.8932566e+01
   7.1777509e+01  -2.8931437e+01
   7.1777877e+01  -2.8930321e+01
   7.1778246e+01  -2.8929218e+01
   7.1778617e+01  -2.8928128e+01
   7.1778988e+01  -2.8927051e+01
   7.1779361e+01  -2.8925986e+01
   7.1779735e+01  -2.8924934e+01
   7.1780110e+01  -2.8923894e+01
   7.1780486e+01  -2.8922866e+01
   7.1780863e+01  -2.8921845e+01
   7.1781240e+01  -2.8920827e+01
   7.1781617e+01  -2.8919813e+01
   7.1781995e+01  -2.8918802e+01
   7.1782373e+01  -2.8917795e+01
   7.1782751e+01  -2.8916792e+01
   7.1783130e+01  -2.8915794e+01
   7.1783509e+01  -2.8914799e+01
   7.1783889e+01  -2.8913810e+01
   7.1784269e+01  -2.8912825e+01
   7.1784649e+01  -2.8911843e+01
   7.1785029e+01  -2.8910863e+01
   7.1785410e+01  -2.8909885e+01
   7.1785790e+01  -2.8908907e+01
   7.1786171e+01  -2.8907931e+01
   7.1786552e+01  -2.8906956e+01
   7.1786933e+01  -2.8905983e+01
   7.1787314e+01  -2.8905010e+01
   7.1787695e+01  -2.8904039e+01
   7.1788077e+01  -2.8903070e+01
   7.1788458e+01  -2.8902097e+01
   7.1788838e+01  -2.8901118e+01
   7.1789218e+01  -2.8900131e+01
   7.1789597e+01  -2.8899136e+01
   7.1789975e+01  -2.8898134e+01
   7.1790353e+01  -2.8897123e+01
   7.1790730e+01  -2.8896105e+01
   7.1791106e+01  -2.8895080e+01
   7.1791482e+01  -2.8894048e+01
   7.1791857e+01  -2.8893011e+01
   7.1792232e+01  -2.8891966e+01
   7.1792606e+01  -2.8890916e+01
   7.1792979e+01  -2.8889859e+01
   7.1793352e+01  -2.8888795e+01
   7.1793724e+01  -2.8887724e+01
   7.1794095e+01  -2.8886646e+01
   7.1794466e+01  -2.8885561e+01
   7.1794836e+01  -2.8884468e+01
   7.1795206e+01  -2.8883368e+01
   7.1795575e+01  -2.8882260e+01
   7.1795943e+01  -2.8881147e+01
   7.1796311e+01  -2.8880030e+01
   7.1796679e+01  -2.8878910e+01
   7.1797046e+01  -2.8877787e+01
   7.1797413e+01  -2.8876658e+01
   7.1797780e+01  -2.8875525e+01
   7.1798146e+01  -2.8874387e+01
   7.1798511e+01  -2.8873244e+01
   7.1798877e+01  -2.8872096e+01
   7.1799241e+01  -2.8870942e+01
   7.1799605e+01  -2.8869784e+01
   7.1799969e+01  -2.8868621e+01
   7.1800333e+01  -2.8867452e+01
   7.1800695e+01  -2.8866279e+01
   7.1801058e+01  -2.8865099e+01
   7.1801419e+01  -2.8863914e+01
   7.1801781e+01  -2.8862722e+01
   7.1802141e+01  -2.8861524e+01
   7.1802501e+01  -2.8860319e+01
   7.1802861e+01  -2.8859107e+01
   7.1803219e+01  -2.8857887e+01
   7.1803577e+01  -2.8856658e+01
   7.1803934e+01  -2.8855419e+01
   7.1804290e+01  -2.8854170e+01
   7.1804645e+01  -2.8852911e+01
   7.1804999e+01  -2.8851642e+01
   7.1805352e+01  -2.8850362e+01
   7.1805704e+01  -2.8849071e+01
   7.1806056e+01  -2.8847770e+01
   7.1806406e+01  -2.8846459e+01
   7.1806755e+01  -2.8845138e+01
   7.1807104e+01  -2.8843810e+01
   7.1807452e+01  -2.8842474e+01
   7.1807800e+01  -2.8841131e+01
   7.1808147e+01  -2.8839780e+01
   7.1808492e+01  -2.8838421e+01
   7.1808838e+01  -2.8837052e+01
   7.1809182e+01  -2.8835676e+01
   7.1809526e+01  -2.8834292e+01
   7.1809869e+01  -2.8832900e+01
   7.1810211e+01  -2.8831504e+01
   7.1810554e+01  -2.8830108e+01
   7.1810896e+01  -2.8828712e+01
   7.1811239e+01  -2.8827315e+01
   7.1811581e+01  -2.8825918e+01
   7.1811924e+01  -2.8824519e+01
   7.1812266e+01  -2.8823120e+01
   7.1812608e+01  -2.8821720e+01
   7.1812950e+01  -2.8820318e+01
   7.1813292e+01  -2.8818915e+01
   7.1813634e+01  -2.8817515e+01
   7.1813978e+01  -2.8816126e+01
   7.1814322e+01  -2.8814750e+01
   7.1814667e+01  -2.8813386e+01
   7.1815014e+01  -2.8812035e+01
   7.1815362e+01  -2.8810698e+01
   7.1815711e+01  -2.8809374e+01
   7.1816061e+01  -2.8808064e+01
   7.1816413e+01  -2.8806768e+01
   7.1816766e+01  -2.8805487e+01
   7.1817120e+01  -2.8804226e+01
   7.1817478e+01  -2.8802994e+01
   7.1817838e+01  -2.8801791e+01
   7.1818200e+01  -2.8800617e+01
   7.1818566e+01  -2.8799471e+01
   7.1818933e+01  -2.8798353e+01
   7.1819303e+01  -2.8797262e+01
   7.1819676e+01  -2.8796199e+01
   7.1820051e+01  -2.8795164e+01
   7.1820429e+01  -2.8794154e+01
   7.1820809e+01  -2.8793170e+01
   7.1821190e+01  -2.8792208e+01
   7.1821574e+01  -2.8791268e+01
   7.1821960e+01  -2.8790351e+01
   7.1822348e+01  -2.8789456e+01
   7.1822738e+01  -2.8788584e+01
   7.1823130e+01  -2.8787735e+01
   7.1823524e+01  -2.8786907e+01
   7.1823920e+01  -2.8786102e+01
   7.1824318e+01  -2.8785319e+01
   7.1824718e+01  -2.8784555e+01
   7.1825119e+01  -2.8783805e+01
   7.1825522e+01  -2.8783070e+01
   7.1825925e+01  -2.8782349e+01
   7.1826331e+01  -2.8781643e+01
   7.1826737e+01  -2.8780952e+01
   7.1827145e+01  -2.8780275e+01
   7.1827554e+01  -2.8779614e+01
   7.1827964e+01  -2.8778968e+01
   7.1828376e+01  -2.8778336e+01
   7.1828789e+01  -2.8777719e+01
   7.1829204e+01  -2.8777114e+01
   7.1829619e+01  -2.8776520e+01
   7.1830035e+01  -2.8775940e+01
   7.1830453e+01  -2.8775371e+01
   7.1830872e+01  -2.8774815e+01
   7.1831291e+01  -2.8774271e+01
   7.1831712e+01  -2.8773740e+01
   7.1832134e+01  -2.8773221e+01
   7.1832558e+01  -2.8772714e+01
   7.1832982e+01  -2.8772217e+01
   7.1833406e+01  -2.8771724e+01
   7.1833831e+01  -2.8771235e+01
   7.1834256e+01  -2.8770751e+01
   7.1834682e+01  -2.8770271e+01
   7.1835108e+01  -2.8769796e+01
   7.1835534e+01  -2.8769326e+01
   7.1835961e+01  -2.8768860e+01
   7.1836389e+01  -2.8768398e+01
   7.1836816e+01  -2.8767941e+01
   7.1837244e+01  -2.8767486e+01
   7.1837672e+01  -2.8767032e+01
   7.1838100e+01  -2.8766578e+01
   7.1838528e+01  -2.8766126e+01
   7.1838956e+01  -2.8765673e+01
   7.1839385e+01  -2.8765221e+01
   7.1839813e+01  -2.8764769e+01
   7.1840241e+01  -2.8764318e+01
   7.1840669e+01  -2.8763867e+01
   7.1841098e+01  -2.8763417e+01
   7.1841526e+01  -2.8762966e+01
   7.1841954e+01  -2.8762515e+01
   7.1842382e+01  -2.8762064e+01
   7.1842811e+01  -2.8761612e+01
   7.1843239e+01  -2.8761159e+01
   7.1843667e+01  -2.8760706e+01
   7.1844095e+01  -2.8760253e+01
   7.1844523e+01  -2.8759799e+01
   7.1844951e+01  -2.8759344e+01
   7.1845379e+01  -2.8758889e+01
   7.1845807e+01  -2.8758433e+01
   7.1846234e+01  -2.8757974e+01
   7.1846662e+01  -2.8757513e+01
   7.1847089e+01  -2.8757051e+01
   7.1847516e+01  -2.8756585e+01
   7.1847943e+01  -2.8756118e+01
   7.1848369e+01  -2.8755648e+01
   7.1848796e+01  -2.8755176e+01
   7.1849222e+01  -2.8754701e+01
   7.1849648e+01  -2.8754224e+01
   7.1850073e+01  -2.8753745e+01
   7.1850499e+01  -2.8753261e+01
   7.1850924e+01  -2.8752774e+01
   7.1851348e+01  -2.8752284e+01
   7.1851773e+01  -2.8751790e+01
   7.1852197e+01  -2.8751293e+01
   7.1852621e+01  -2.8750792e+01
   7.1853044e+01  -2.8750287e+01
   7.1853467e+01  -2.8749779e+01
   7.1853890e+01  -2.8749267e+01
   7.1854312e+01  -2.8748751e+01
   7.1854734e+01  -2.8748228e+01
   7.1855156e+01  -2.8747700e+01
   7.1855576e+01  -2.8747164e+01
   7.1855996e+01  -2.8746623e+01
   7.1856416e+01  -2.8746075e+01
   7.1856835e+01  -2.8745521e+01
   7.1857253e+01  -2.8744961e+01
   7.1857671e+01  -2.8744394e+01
   7.1858088e+01  -2.8743822e+01
   7.1858505e+01  -2.8743243e+01
   7.1858921e+01  -2.8742657e+01
   7.1859337e+01  -2.8742065e+01
   7.1859751e+01  -2.8741466e+01
   7.1860166e+01  -2.8740860e+01
   7.1860579e+01  -2.8740248e+01
   7.1860992e+01  -2.8739628e+01
   7.1861405e+01  -2.8739002e+01
   7.1861817e+01  -2.8738369e+01
   7.1862228e+01  -2.8737729e+01
   7.1862638e+01  -2.8737082e+01
   7.1863048e+01  -2.8736428e+01
   7.1863457e+01  -2.8735767e+01
   7.1863866e+01  -2.8735099e+01
   7.1864274e+01  -2.8734424e+01
   7.1864681e+01  -2.8733742e+01
   7.1865088e+01  -2.8733052e+01
   7.1865494e+01  -2.8732356e+01
   7.1865900e+01  -2.8731653e+01
   7.1866304e+01  -2.8730943e+01
   7.1866709e+01  -2.8730226e+01
   7.1867112e+01  -2.8729505e+01
   7.1867516e+01  -2.8728778e+01
   7.1867918e+01  -2.8728046e+01
   7.1868321e+01  -2.8727309e+01
   7.1868723e+01  -2.8726567e+01
   7.1869124e+01  -2.8725821e+01
   7.1869525e+01  -2.8725069e+01
   7.1869926e+01  -2.8724313e+01
   7.1870326e+01  -2.8723552e+01
   7.1870726e+01  -2.8722788e+01
   7.1871126e+01  -2.8722022e+01
   7.1871525e+01  -2.8721255e+01
   7.1871925e+01  -2.8720485e+01
   7.1872324e+01  -2.8719714e+01
   7.1872723e+01  -2.8718940e+01
   7.1873122e+01  -2.8718165e+01
   7.1873520e+01  -2.8717387e+01
   7.1873919e+01  -2.8716607e+01
   7.1874317e+01  -2.8715824e+01
   7.1874715e+01  -2.8715039e+01
   7.1875113e+01  -2.8714255e+01
   7.1875511e+01  -2.8713471e+01
   7.1875909e+01  -2.8712688e+01
   7.1876308e+01  -2.8711905e+01
   7.1876706e+01  -2.8711124e+01
   7.1877104e+01  -2.8710343e+01
   7.1877503e+01  -2.8709562e+01
   7.1877901e+01  -2.8708783e+01
   7.1878300e+01  -2.8708004e+01
   7.1878699e+01  -2.8707227e+01
   7.1879097e+01  -2.8706451e+01
   7.1879496e+01  -2.8705676e+01
   7.1879895e+01  -2.8704902e+01
   7.1880294e+01  -2.8704129e+01
   7.1880694e+01  -2.8703357e+01
   7.1881093e+01  -2.8702585e+01
   7.1881492e+01  -2.8701814e+01
   7.1881891e+01  -2.8701043e+01
   7.1882291e+01  -2.8700272e+01
   7.1882690e+01  -2.8699501e+01
   7.1883089e+01  -2.8698730e+01
   7.1883488e+01  -2.8697958e+01
   7.1883888e+01  -2.8697186e+01
   7.1884287e+01  -2.8696413e+01
   7.1884686e+01  -2.8695640e+01
   7.1885085e+01  -2.8694866e+01
   7.1885484e+01  -2.8694092e+01
   7.1885883e+01  -2.8693317e+01
   7.1886281e+01  -2.8692541e+01
   7.1886680e+01  -2.8691765e+01
   7.1887079e+01  -2.8690990e+01
   7.1887478e+01  -2.8690217e+01
   7.1887878e+01  -2.8689445e+01
   7.1888277e+01  -2.8688674e+01
   7.1888676e+01  -2.8687906e+01
   7.1889076e+01  -2.8687139e+01
   7.1889476e+01  -2.8686371e+01
   7.1889875e+01  -2.8685601e+01
   7.1890274e+01  -2.8684829e+01
   7.1890673e+01  -2.8684050e+01
   7.1891070e+01  -2.8683260e+01
   7.1891467e+01  -2.8682457e+01
   7.1891862e+01  -2.8681642e+01
   7.1892256e+01  -2.8680814e+01
   7.1892649e+01  -2.8679972e+01
   7.1893041e+01  -2.8679118e+01
   7.1893431e+01  -2.8678250e+01
   7.1893820e+01  -2.8677368e+01
   7.1894208e+01  -2.8676472e+01
   7.1894595e+01  -2.8675560e+01
   7.1894979e+01  -2.8674631e+01
   7.1895363e+01  -2.8673685e+01
   7.1895745e+01  -2.8672724e+01
   7.1896125e+01  -2.8671748e+01
   7.1896505e+01  -2.8670756e+01
   7.1896883e+01  -2.8669751e+01
   7.1897259e+01  -2.8668733e+01
   7.1897635e+01  -2.8667702e+01
   7.1898009e+01  -2.8666658e+01
   7.1898383e+01  -2.8665603e+01
   7.1898755e+01  -2.8664534e+01
   7.1899126e+01  -2.8663452e+01
   7.1899496e+01  -2.8662357e+01
   7.1899864e+01  -2.8661250e+01
   7.1900232e+01  -2.8660135e+01
   7.1900599e+01  -2.8659013e+01
   7.1900966e+01  -2.8657884e+01
   7.1901332e+01  -2.8656748e+01
   7.1901698e+01  -2.8655606e+01
   7.1902063e+01  -2.8654459e+01
   7.1902427e+01  -2.8653306e+01
   7.1902791e+01  -2.8652148e+01
   7.1903154e+01  -2.8650984e+01
   7.1903517e+01  -2.8649814e+01
   7.1903880e+01  -2.8648639e+01
   7.1904242e+01  -2.8647457e+01
   7.1904603e+01  -2.8646270e+01
   7.1904964e+01  -2.8645075e+01
   7.1905324e+01  -2.8643875e+01
   7.1905683e+01  -2.8642667e+01
   7.1906042e+01  -2.8641454e+01
   7.1906400e+01  -2.8640234e+01
   7.1906758e+01  -2.8639006e+01
   7.1907115e+01  -2.8637770e+01
   7.1907471e+01  -2.8636525e+01
   7.1907826e+01  -2.8635272e+01
   7.1908181e+01  -2.8634010e+01
   7.1908534e+01  -2.8632739e+01
   7.1908887e+01  -2.8631459e+01
   7.1909239e+01  -2.8630169e+01
   7.1909590e+01  -2.8628870e+01
   7.1909940e+01  -2.8627561e+01
   7.1910289e+01  -2.8626242e+01
   7.1910638e+01  -2.8624913e+01
   7.1910985e+01  -2.8623572e+01
   7.1911331e+01  -2.8622221e+01
   7.1911676e+01  -2.8620858e+01
   7.1912021e+01  -2.8619484e+01
   7.1912364e+01  -2.8618100e+01
   7.1912707e+01  -2.8616711e+01
   7.1913049e+01  -2.8615318e+01
   7.1913391e+01  -2.8613920e+01
   7.1913733e+01  -2.8612519e+01
   7.1914074e+01  -2.8611113e+01
   7.1914415e+01  -2.8609703e+01
   7.1914755e+01  -2.8608288e+01
   7.1915095e+01  -2.8606867e+01
   7.1915434e+01  -2.8605440e+01
   7.1915773e+01  -2.8604008e+01
