   7.6276187e+01  -6.0813657e+01
   7.6275680e+01  -6.0814166e+01
   7.6275175e+01  -6.0814643e+01
   7.6274671e+01  -6.0815094e+01
   7.6274169e+01  -6.0815525e+01
   7.6273668e+01  -6.0815939e+01
   7.6273168e+01  -6.0816342e+01
   7.6272668e+01  -6.0816735e+01
   7.6272169e+01  -6.0817123e+01
   7.6271670e+01  -6.0817508e+01
   7.6271171e+01  -6.0817892e+01
   7.6270672e+01  -6.0818278e+01
   7.6270171e+01  -6.0818697e+01
   7.6269667e+01  -6.0819145e+01
   7.6269162e+01  -6.0819620e+01
   7.6268655e+01  -6.0820121e+01
   7.6268147e+01  -6.0820644e+01
   7.6267637e+01  -6.0821188e+01
   7.6267126e+01  -6.0821750e+01
   7.6266614e+01  -6.0822328e+01
   7.6266101e+01  -6.0822917e+01
   7.6265590e+01  -6.0823493e+01
   7.6265080e+01  -6.0824035e+01
   7.6264573e+01  -6.0824541e+01
   7.6264068e+01  -6.0825008e+01
   7.6263566e+01  -6.0825433e+01
   7.6263067e+01  -6.0825815e+01
   7.6262571e+01  -6.0826153e+01
   7.6262079e+01  -6.0826446e+01
   7.6261589e+01  -6.0826693e+01
   7.6261102e+01  -6.0826895e+01
   7.6260618e+01  -6.0827053e+01
   7.6260135e+01  -6.0827208e+01
   7.6259651e+01  -6.0827363e+01
   7.6259167e+01  -6.0827520e+01
   7.6258683e+01  -6.0827681e+01
   7.6258199e+01  -6.0827849e+01
   7.6257714e+01  -6.0828025e+01
   7.6257228e+01  -6.0828210e+01
   7.6256742e+01  -6.0828407e+01
   7.6256254e+01  -6.0828617e+01
   7.6255766e+01  -6.0828843e+01
   7.6255277e+01  -6.0829082e+01
   7.6254786e+01  -6.0829344e+01
   7.6254293e+01  -6.0829635e+01
   7.6253798e+01  -6.0829960e+01
   7.6253301e+01  -6.0830322e+01
   7.6252800e+01  -6.0830729e+01
   7.6252296e+01  -6.0831184e+01
   7.6251789e+01  -6.0831694e+01
   7.6251277e+01  -6.0832265e+01
   7.6250761e+01  -6.0832905e+01
   7.6250237e+01  -6.0833657e+01
   7.6249703e+01  -6.0834549e+01
   7.6249159e+01  -6.0835611e+01
   7.6248600e+01  -6.0836880e+01
   7.6248081e+01  -6.0838250e+01
   7.6247607e+01  -6.0839675e+01
   7.6247172e+01  -6.0841146e+01
   7.6246768e+01  -6.0842653e+01
   7.6246387e+01  -6.0844188e+01
   7.6246025e+01  -6.0845745e+01
   7.6245679e+01  -6.0847322e+01
   7.6245346e+01  -6.0848914e+01
   7.6245023e+01  -6.0850519e+01
   7.6244707e+01  -6.0852131e+01
   7.6244398e+01  -6.0853750e+01
   7.6244093e+01  -6.0855376e+01
   7.6243794e+01  -6.0857008e+01
   7.6243497e+01  -6.0858642e+01
   7.6243202e+01  -6.0860279e+01
   7.6242909e+01  -6.0861919e+01
   7.6242619e+01  -6.0863562e+01
   7.6242332e+01  -6.0865208e+01
   7.6242047e+01  -6.0866857e+01
   7.6241766e+01  -6.0868510e+01
   7.6241487e+01  -6.0870166e+01
   7.6241212e+01  -6.0871826e+01
   7.6240940e+01  -6.0873490e+01
   7.6240675e+01  -6.0875162e+01
   7.6240416e+01  -6.0876842e+01
   7.6240164e+01  -6.0878530e+01
   7.6239918e+01  -6.0880225e+01
   7.6239678e+01  -6.0881927e+01
   7.6239445e+01  -6.0883636e+01
   7.6239217e+01  -6.0885353e+01
   7.6238994e+01  -6.0887076e+01
   7.6238777e+01  -6.0888805e+01
   7.6238566e+01  -6.0890541e+01
   7.6238362e+01  -6.0892286e+01
   7.6238165e+01  -6.0894039e+01
   7.6237973e+01  -6.0895798e+01
   7.6237786e+01  -6.0897563e+01
   7.6237603e+01  -6.0899333e+01
   7.6237424e+01  -6.0901108e+01
   7.6237249e+01  -6.0902887e+01
   7.6237077e+01  -6.0904669e+01
   7.6236907e+01  -6.0906455e+01
   7.6236740e+01  -6.0908244e+01
   7.6236573e+01  -6.0910032e+01
   7.6236406e+01  -6.0911821e+01
   7.6236239e+01  -6.0913609e+01
   7.6236071e+01  -6.0915398e+01
   7.6235904e+01  -6.0917186e+01
   7.6235737e+01  -6.0918974e+01
   7.6235569e+01  -6.0920762e+01
   7.6235401e+01  -6.0922549e+01
   7.6235233e+01  -6.0924337e+01
   7.6235065e+01  -6.0926124e+01
   7.6234897e+01  -6.0927911e+01
   7.6234728e+01  -6.0929697e+01
   7.6234559e+01  -6.0931483e+01
   7.6234390e+01  -6.0933269e+01
   7.6234220e+01  -6.0935054e+01
   7.6234049e+01  -6.0936838e+01
   7.6233878e+01  -6.0938621e+01
   7.6233707e+01  -6.0940404e+01
   7.6233534e+01  -6.0942186e+01
   7.6233359e+01  -6.0943964e+01
   7.6233170e+01  -6.0945726e+01
