   6.6592222e+01  -3.7645481e+01
   6.6591763e+01  -3.7645237e+01
   6.6591303e+01  -3.7644989e+01
   6.6590843e+01  -3.7644736e+01
   6.6590383e+01  -3.7644479e+01
   6.6589923e+01  -3.7644217e+01
   6.6589462e+01  -3.7643950e+01
   6.6589001e+01  -3.7643679e+01
   6.6588540e+01  -3.7643403e+01
   6.6588079e+01  -3.7643123e+01
   6.6587617e+01  -3.7642839e+01
   6.6587155e+01  -3.7642550e+01
   6.6586693e+01  -3.7642261e+01
   6.6586232e+01  -3.7641972e+01
   6.6585770e+01  -3.7641684e+01
   6.6585308e+01  -3.7641396e+01
   6.6584846e+01  -3.7641108e+01
   6.6584385e+01  -3.7640821e+01
   6.6583923e+01  -3.7640535e+01
   6.6583461e+01  -3.7640249e+01
   6.6583000e+01  -3.7639965e+01
   6.6582538e+01  -3.7639683e+01
   6.6582077e+01  -3.7639408e+01
   6.6581617e+01  -3.7639142e+01
   6.6581156e+01  -3.7638884e+01
   6.6580697e+01  -3.7638632e+01
   6.6580237e+01  -3.7638387e+01
   6.6579778e+01  -3.7638149e+01
   6.6579319e+01  -3.7637917e+01
   6.6578861e+01  -3.7637694e+01
   6.6578403e+01  -3.7637479e+01
   6.6577945e+01  -3.7637271e+01
   6.6577488e+01  -3.7637076e+01
   6.6577032e+01  -3.7636893e+01
   6.6576576e+01  -3.7636722e+01
   6.6576121e+01  -3.7636562e+01
   6.6575666e+01  -3.7636414e+01
   6.6575212e+01  -3.7636277e+01
   6.6574759e+01  -3.7636152e+01
   6.6574306e+01  -3.7636037e+01
   6.6573854e+01  -3.7635932e+01
   6.6573402e+01  -3.7635838e+01
   6.6572950e+01  -3.7635753e+01
   6.6572500e+01  -3.7635677e+01
   6.6572049e+01  -3.7635609e+01
   6.6571599e+01  -3.7635550e+01
   6.6571150e+01  -3.7635499e+01
   6.6570700e+01  -3.7635456e+01
   6.6570252e+01  -3.7635420e+01
   6.6569803e+01  -3.7635393e+01
   6.6569355e+01  -3.7635374e+01
   6.6568908e+01  -3.7635362e+01
   6.6568460e+01  -3.7635353e+01
   6.6568013e+01  -3.7635348e+01
   6.6567566e+01  -3.7635345e+01
   6.6567119e+01  -3.7635345e+01
   6.6566672e+01  -3.7635349e+01
   6.6566226e+01  -3.7635355e+01
   6.6565779e+01  -3.7635364e+01
   6.6565333e+01  -3.7635375e+01
   6.6564887e+01  -3.7635390e+01
   6.6564441e+01  -3.7635407e+01
   6.6563995e+01  -3.7635427e+01
   6.6563549e+01  -3.7635451e+01
   6.6563104e+01  -3.7635479e+01
   6.6562658e+01  -3.7635511e+01
   6.6562213e+01  -3.7635546e+01
   6.6561768e+01  -3.7635585e+01
   6.6561324e+01  -3.7635627e+01
   6.6560879e+01  -3.7635674e+01
   6.6560435e+01  -3.7635724e+01
   6.6559991e+01  -3.7635778e+01
   6.6559547e+01  -3.7635833e+01
   6.6559102e+01  -3.7635889e+01
   6.6558658e+01  -3.7635945e+01
   6.6558214e+01  -3.7636002e+01
   6.6557771e+01  -3.7636060e+01
   6.6557327e+01  -3.7636119e+01
   6.6556883e+01  -3.7636178e+01
   6.6556439e+01  -3.7636239e+01
   6.6555995e+01  -3.7636300e+01
   6.6555551e+01  -3.7636362e+01
   6.6555108e+01  -3.7636421e+01
   6.6554664e+01  -3.7636479e+01
   6.6554220e+01  -3.7636535e+01
   6.6553775e+01  -3.7636588e+01
   6.6553331e+01  -3.7636639e+01
   6.6552887e+01  -3.7636689e+01
   6.6552442e+01  -3.7636735e+01
   6.6551998e+01  -3.7636780e+01
   6.6551553e+01  -3.7636822e+01
   6.6551108e+01  -3.7636863e+01
   6.6550663e+01  -3.7636895e+01
   6.6550217e+01  -3.7636918e+01
   6.6549771e+01  -3.7636934e+01
   6.6549325e+01  -3.7636941e+01
   6.6548878e+01  -3.7636939e+01
   6.6548430e+01  -3.7636929e+01
   6.6547982e+01  -3.7636910e+01
   6.6547534e+01  -3.7636883e+01
   6.6547085e+01  -3.7636846e+01
   6.6546636e+01  -3.7636801e+01
   6.6546186e+01  -3.7636749e+01
   6.6545736e+01  -3.7636693e+01
   6.6545286e+01  -3.7636630e+01
   6.6544836e+01  -3.7636562e+01
   6.6544385e+01  -3.7636488e+01
   6.6543934e+01  -3.7636408e+01
   6.6543483e+01  -3.7636323e+01
   6.6543031e+01  -3.7636232e+01
   6.6542580e+01  -3.7636136e+01
   6.6542127e+01  -3.7636034e+01
   6.6541675e+01  -3.7635927e+01
   6.6541222e+01  -3.7635817e+01
   6.6540770e+01  -3.7635702e+01
   6.6540317e+01  -3.7635582e+01
   6.6539863e+01  -3.7635458e+01
   6.6539410e+01  -3.7635329e+01
   6.6538956e+01  -3.7635195e+01
   6.6538502e+01  -3.7635057e+01
   6.6538048e+01  -3.7634914e+01
   6.6537593e+01  -3.7634767e+01
   6.6537139e+01  -3.7634617e+01
   6.6536684e+01  -3.7634465e+01
   6.6536229e+01  -3.7634311e+01
   6.6535774e+01  -3.7634155e+01
   6.6535319e+01  -3.7633998e+01
   6.6534864e+01  -3.7633839e+01
   6.6534409e+01  -3.7633678e+01
   6.6533954e+01  -3.7633515e+01
   6.6533498e+01  -3.7633351e+01
   6.6533043e+01  -3.7633185e+01
   6.6532587e+01  -3.7633018e+01
   6.6532132e+01  -3.7632848e+01
   6.6531676e+01  -3.7632677e+01
   6.6531220e+01  -3.7632504e+01
   6.6530764e+01  -3.7632329e+01
   6.6530308e+01  -3.7632152e+01
   6.6529852e+01  -3.7631972e+01
   6.6529396e+01  -3.7631791e+01
   6.6528940e+01  -3.7631607e+01
   6.6528483e+01  -3.7631421e+01
   6.6528026e+01  -3.7631232e+01
   6.6527570e+01  -3.7631041e+01
   6.6527113e+01  -3.7630848e+01
   6.6526656e+01  -3.7630652e+01
   6.6526199e+01  -3.7630455e+01
   6.6525742e+01  -3.7630256e+01
   6.6525284e+01  -3.7630055e+01
   6.6524827e+01  -3.7629853e+01
   6.6524370e+01  -3.7629649e+01
   6.6523912e+01  -3.7629445e+01
   6.6523455e+01  -3.7629244e+01
   6.6522998e+01  -3.7629046e+01
   6.6522541e+01  -3.7628851e+01
   6.6522084e+01  -3.7628660e+01
   6.6521628e+01  -3.7628471e+01
   6.6521171e+01  -3.7628286e+01
   6.6520715e+01  -3.7628103e+01
   6.6520259e+01  -3.7627924e+01
   6.6519803e+01  -3.7627748e+01
   6.6519347e+01  -3.7627574e+01
   6.6518891e+01  -3.7627401e+01
   6.6518436e+01  -3.7627229e+01
   6.6517980e+01  -3.7627057e+01
   6.6517524e+01  -3.7626886e+01
   6.6517068e+01  -3.7626716e+01
   6.6516613e+01  -3.7626546e+01
   6.6516157e+01  -3.7626376e+01
   6.6515702e+01  -3.7626207e+01
   6.6515246e+01  -3.7626038e+01
   6.6514790e+01  -3.7625870e+01
   6.6514335e+01  -3.7625699e+01
   6.6513879e+01  -3.7625525e+01
   6.6513423e+01  -3.7625349e+01
   6.6512967e+01  -3.7625169e+01
   6.6512511e+01  -3.7624987e+01
   6.6512054e+01  -3.7624801e+01
   6.6511598e+01  -3.7624612e+01
   6.6511141e+01  -3.7624420e+01
   6.6510684e+01  -3.7624223e+01
   6.6510227e+01  -3.7624023e+01
   6.6509769e+01  -3.7623818e+01
   6.6509311e+01  -3.7623608e+01
   6.6508853e+01  -3.7623393e+01
   6.6508395e+01  -3.7623174e+01
   6.6507937e+01  -3.7622950e+01
   6.6507478e+01  -3.7622721e+01
   6.6507019e+01  -3.7622488e+01
   6.6506560e+01  -3.7622250e+01
   6.6506101e+01  -3.7622008e+01
   6.6505641e+01  -3.7621761e+01
   6.6505181e+01  -3.7621511e+01
   6.6504721e+01  -3.7621258e+01
   6.6504261e+01  -3.7621001e+01
   6.6503801e+01  -3.7620741e+01
   6.6503340e+01  -3.7620477e+01
   6.6502880e+01  -3.7620209e+01
   6.6502419e+01  -3.7619937e+01
   6.6501958e+01  -3.7619661e+01
   6.6501496e+01  -3.7619382e+01
   6.6501035e+01  -3.7619098e+01
   6.6500573e+01  -3.7618813e+01
   6.6500112e+01  -3.7618527e+01
   6.6499650e+01  -3.7618242e+01
   6.6499188e+01  -3.7617956e+01
   6.6498727e+01  -3.7617670e+01
   6.6498265e+01  -3.7617384e+01
   6.6497803e+01  -3.7617096e+01
   6.6497342e+01  -3.7616808e+01
   6.6496880e+01  -3.7616519e+01
   6.6496418e+01  -3.7616229e+01
   6.6495956e+01  -3.7615938e+01
   6.6495494e+01  -3.7615648e+01
   6.6495032e+01  -3.7615357e+01
   6.6494571e+01  -3.7615066e+01
   6.6494109e+01  -3.7614775e+01
   6.6493647e+01  -3.7614483e+01
   6.6493185e+01  -3.7614192e+01
   6.6492723e+01  -3.7613900e+01
   6.6492261e+01  -3.7613607e+01
   6.6491799e+01  -3.7613315e+01
   6.6491337e+01  -3.7613024e+01
   6.6490875e+01  -3.7612734e+01
   6.6490413e+01  -3.7612446e+01
   6.6489952e+01  -3.7612160e+01
   6.6489490e+01  -3.7611876e+01
   6.6489029e+01  -3.7611595e+01
   6.6488567e+01  -3.7611316e+01
   6.6488106e+01  -3.7611040e+01
   6.6487645e+01  -3.7610766e+01
   6.6487184e+01  -3.7610495e+01
   6.6486724e+01  -3.7610227e+01
   6.6486263e+01  -3.7609961e+01
   6.6485803e+01  -3.7609697e+01
   6.6485342e+01  -3.7609436e+01
   6.6484882e+01  -3.7609178e+01
   6.6484422e+01  -3.7608922e+01
   6.6483962e+01  -3.7608668e+01
   6.6483502e+01  -3.7608417e+01
   6.6483042e+01  -3.7608169e+01
   6.6482583e+01  -3.7607923e+01
   6.6482123e+01  -3.7607681e+01
   6.6481664e+01  -3.7607443e+01
   6.6481205e+01  -3.7607207e+01
   6.6480746e+01  -3.7606976e+01
   6.6480288e+01  -3.7606748e+01
   6.6479829e+01  -3.7606523e+01
   6.6479371e+01  -3.7606302e+01
   6.6478913e+01  -3.7606084e+01
   6.6478455e+01  -3.7605869e+01
   6.6477997e+01  -3.7605658e+01
   6.6477539e+01  -3.7605447e+01
   6.6477082e+01  -3.7605237e+01
   6.6476624e+01  -3.7605027e+01
   6.6476166e+01  -3.7604817e+01
   6.6475709e+01  -3.7604607e+01
   6.6475251e+01  -3.7604398e+01
   6.6474793e+01  -3.7604189e+01
   6.6474336e+01  -3.7603982e+01
   6.6473878e+01  -3.7603775e+01
   6.6473421e+01  -3.7603570e+01
   6.6472963e+01  -3.7603367e+01
   6.6472506e+01  -3.7603166e+01
   6.6472049e+01  -3.7602968e+01
   6.6471592e+01  -3.7602771e+01
   6.6471135e+01  -3.7602577e+01
   6.6470678e+01  -3.7602385e+01
   6.6470221e+01  -3.7602193e+01
   6.6469765e+01  -3.7602004e+01
   6.6469308e+01  -3.7601816e+01
   6.6468852e+01  -3.7601628e+01
   6.6468395e+01  -3.7601445e+01
   6.6467939e+01  -3.7601267e+01
   6.6467483e+01  -3.7601093e+01
   6.6467028e+01  -3.7600923e+01
   6.6466572e+01  -3.7600757e+01
   6.6466117e+01  -3.7600595e+01
   6.6465662e+01  -3.7600437e+01
   6.6465207e+01  -3.7600282e+01
   6.6464753e+01  -3.7600132e+01
   6.6464298e+01  -3.7599985e+01
   6.6463844e+01  -3.7599849e+01
   6.6463391e+01  -3.7599723e+01
   6.6462938e+01  -3.7599608e+01
   6.6462486e+01  -3.7599504e+01
   6.6462034e+01  -3.7599410e+01
   6.6461583e+01  -3.7599327e+01
   6.6461133e+01  -3.7599255e+01
   6.6460683e+01  -3.7599193e+01
   6.6460233e+01  -3.7599142e+01
   6.6459784e+01  -3.7599102e+01
   6.6459336e+01  -3.7599068e+01
   6.6458888e+01  -3.7599040e+01
   6.6458440e+01  -3.7599019e+01
   6.6457992e+01  -3.7599005e+01
   6.6457545e+01  -3.7598996e+01
   6.6457098e+01  -3.7598994e+01
   6.6456651e+01  -3.7598999e+01
   6.6456205e+01  -3.7599009e+01
   6.6455759e+01  -3.7599026e+01
   6.6455314e+01  -3.7599048e+01
   6.6454868e+01  -3.7599072e+01
   6.6454423e+01  -3.7599098e+01
   6.6453977e+01  -3.7599126e+01
   6.6453532e+01  -3.7599155e+01
   6.6453087e+01  -3.7599186e+01
   6.6452642e+01  -3.7599218e+01
   6.6452197e+01  -3.7599252e+01
   6.6451752e+01  -3.7599288e+01
   6.6451307e+01  -3.7599325e+01
   6.6450862e+01  -3.7599364e+01
   6.6450417e+01  -3.7599403e+01
   6.6449972e+01  -3.7599442e+01
   6.6449528e+01  -3.7599481e+01
   6.6449083e+01  -3.7599521e+01
   6.6448638e+01  -3.7599560e+01
   6.6448193e+01  -3.7599600e+01
   6.6447749e+01  -3.7599639e+01
   6.6447304e+01  -3.7599679e+01
   6.6446859e+01  -3.7599719e+01
   6.6446415e+01  -3.7599758e+01
   6.6445970e+01  -3.7599798e+01
   6.6445525e+01  -3.7599838e+01
   6.6445080e+01  -3.7599878e+01
   6.6444636e+01  -3.7599918e+01
   6.6444191e+01  -3.7599959e+01
   6.6443746e+01  -3.7599999e+01
   6.6443302e+01  -3.7600039e+01
   6.6442857e+01  -3.7600079e+01
   6.6442412e+01  -3.7600119e+01
   6.6441968e+01  -3.7600159e+01
   6.6441523e+01  -3.7600200e+01
   6.6441078e+01  -3.7600240e+01
   6.6440634e+01  -3.7600282e+01
   6.6440189e+01  -3.7600324e+01
   6.6439745e+01  -3.7600366e+01
   6.6439300e+01  -3.7600409e+01
   6.6438855e+01  -3.7600453e+01
   6.6438411e+01  -3.7600497e+01
   6.6437967e+01  -3.7600542e+01
   6.6437522e+01  -3.7600587e+01
   6.6437078e+01  -3.7600634e+01
   6.6436634e+01  -3.7600681e+01
   6.6436189e+01  -3.7600730e+01
   6.6435745e+01  -3.7600780e+01
   6.6435301e+01  -3.7600832e+01
   6.6434857e+01  -3.7600884e+01
   6.6434413e+01  -3.7600937e+01
   6.6433969e+01  -3.7600992e+01
   6.6433525e+01  -3.7601048e+01
   6.6433081e+01  -3.7601105e+01
   6.6432638e+01  -3.7601162e+01
   6.6432194e+01  -3.7601218e+01
   6.6431750e+01  -3.7601274e+01
   6.6431306e+01  -3.7601329e+01
   6.6430862e+01  -3.7601384e+01
   6.6430418e+01  -3.7601438e+01
   6.6429974e+01  -3.7601492e+01
   6.6429530e+01  -3.7601545e+01
   6.6429086e+01  -3.7601597e+01
   6.6428642e+01  -3.7601648e+01
   6.6428198e+01  -3.7601699e+01
   6.6427754e+01  -3.7601749e+01
   6.6427310e+01  -3.7601798e+01
   6.6426865e+01  -3.7601845e+01
   6.6426421e+01  -3.7601892e+01
   6.6425977e+01  -3.7601938e+01
   6.6425532e+01  -3.7601983e+01
   6.6425088e+01  -3.7602026e+01
   6.6424643e+01  -3.7602069e+01
   6.6424199e+01  -3.7602111e+01
   6.6423754e+01  -3.7602153e+01
   6.6423310e+01  -3.7602195e+01
   6.6422865e+01  -3.7602237e+01
   6.6422420e+01  -3.7602280e+01
   6.6421976e+01  -3.7602323e+01
   6.6421531e+01  -3.7602366e+01
   6.6421087e+01  -3.7602409e+01
   6.6420642e+01  -3.7602453e+01
   6.6420198e+01  -3.7602497e+01
   6.6419754e+01  -3.7602541e+01
   6.6419309e+01  -3.7602590e+01
   6.6418865e+01  -3.7602642e+01
   6.6418422e+01  -3.7602698e+01
   6.6417978e+01  -3.7602758e+01
   6.6417535e+01  -3.7602822e+01
   6.6417091e+01  -3.7602890e+01
   6.6416648e+01  -3.7602962e+01
   6.6416205e+01  -3.7603037e+01
   6.6415763e+01  -3.7603116e+01
   6.6415320e+01  -3.7603199e+01
   6.6414878e+01  -3.7603289e+01
   6.6414437e+01  -3.7603388e+01
   6.6413996e+01  -3.7603495e+01
   6.6413555e+01  -3.7603610e+01
   6.6413115e+01  -3.7603732e+01
   6.6412675e+01  -3.7603862e+01
   6.6412235e+01  -3.7604000e+01
   6.6411796e+01  -3.7604145e+01
   6.6411357e+01  -3.7604298e+01
   6.6410919e+01  -3.7604458e+01
   6.6410480e+01  -3.7604622e+01
   6.6410043e+01  -3.7604791e+01
   6.6409605e+01  -3.7604963e+01
   6.6409167e+01  -3.7605139e+01
   6.6408730e+01  -3.7605320e+01
   6.6408293e+01  -3.7605504e+01
   6.6407856e+01  -3.7605692e+01
   6.6407419e+01  -3.7605884e+01
   6.6406983e+01  -3.7606080e+01
   6.6406546e+01  -3.7606280e+01
   6.6406110e+01  -3.7606477e+01
   6.6405673e+01  -3.7606672e+01
   6.6405236e+01  -3.7606863e+01
   6.6404800e+01  -3.7607052e+01
   6.6404362e+01  -3.7607239e+01
   6.6403925e+01  -3.7607422e+01
   6.6403488e+01  -3.7607603e+01
   6.6403051e+01  -3.7607781e+01
   6.6402613e+01  -3.7607956e+01
   6.6402175e+01  -3.7608129e+01
   6.6401737e+01  -3.7608283e+01
   6.6401297e+01  -3.7608418e+01
   6.6400856e+01  -3.7608536e+01
   6.6400415e+01  -3.7608635e+01
   6.6399972e+01  -3.7608716e+01
   6.6399529e+01  -3.7608780e+01
   6.6399085e+01  -3.7608826e+01
   6.6398639e+01  -3.7608854e+01
   6.6398193e+01  -3.7608864e+01
   6.6397746e+01  -3.7608857e+01
   6.6397298e+01  -3.7608835e+01
   6.6396850e+01  -3.7608798e+01
   6.6396400e+01  -3.7608746e+01
   6.6395950e+01  -3.7608678e+01
   6.6395499e+01  -3.7608595e+01
   6.6395047e+01  -3.7608497e+01
   6.6394594e+01  -3.7608381e+01
   6.6394141e+01  -3.7608249e+01
   6.6393686e+01  -3.7608099e+01
   6.6393231e+01  -3.7607930e+01
   6.6392775e+01  -3.7607743e+01
   6.6392317e+01  -3.7607537e+01
   6.6391859e+01  -3.7607312e+01
   6.6391399e+01  -3.7607068e+01
   6.6390939e+01  -3.7606802e+01
   6.6390477e+01  -3.7606516e+01
   6.6390015e+01  -3.7606208e+01
   6.6389551e+01  -3.7605877e+01
   6.6389086e+01  -3.7605524e+01
   6.6388619e+01  -3.7605146e+01
   6.6388152e+01  -3.7604752e+01
   6.6387684e+01  -3.7604338e+01
   6.6387215e+01  -3.7603904e+01
   6.6386744e+01  -3.7603450e+01
   6.6386273e+01  -3.7602975e+01
   6.6385800e+01  -3.7602480e+01
   6.6385327e+01  -3.7601964e+01
   6.6384852e+01  -3.7601430e+01
   6.6384377e+01  -3.7600878e+01
   6.6383901e+01  -3.7600310e+01
   6.6383423e+01  -3.7599720e+01
   6.6382945e+01  -3.7599106e+01
   6.6382465e+01  -3.7598469e+01
   6.6381984e+01  -3.7597808e+01
   6.6381501e+01  -3.7597122e+01
   6.6381017e+01  -3.7596412e+01
   6.6380532e+01  -3.7595678e+01
   6.6380046e+01  -3.7594920e+01
   6.6379559e+01  -3.7594139e+01
   6.6379070e+01  -3.7593337e+01
   6.6378581e+01  -3.7592514e+01
   6.6378090e+01  -3.7591671e+01
   6.6377598e+01  -3.7590808e+01
   6.6377106e+01  -3.7589926e+01
   6.6376612e+01  -3.7589027e+01
   6.6376118e+01  -3.7588110e+01
   6.6375622e+01  -3.7587177e+01
   6.6375126e+01  -3.7586229e+01
   6.6374634e+01  -3.7585275e+01
   6.6374146e+01  -3.7584320e+01
   6.6373664e+01  -3.7583363e+01
   6.6373188e+01  -3.7582404e+01
   6.6372719e+01  -3.7581443e+01
   6.6372255e+01  -3.7580480e+01
   6.6371796e+01  -3.7579516e+01
   6.6371343e+01  -3.7578549e+01
   6.6370894e+01  -3.7577582e+01
   6.6370450e+01  -3.7576613e+01
   6.6370010e+01  -3.7575643e+01
   6.6369574e+01  -3.7574671e+01
   6.6369141e+01  -3.7573698e+01
   6.6368710e+01  -3.7572725e+01
   6.6368280e+01  -3.7571752e+01
   6.6367852e+01  -3.7570778e+01
   6.6367426e+01  -3.7569803e+01
   6.6367000e+01  -3.7568828e+01
   6.6366574e+01  -3.7567854e+01
   6.6366149e+01  -3.7566879e+01
   6.6365725e+01  -3.7565904e+01
   6.6365299e+01  -3.7564929e+01
   6.6364874e+01  -3.7563955e+01
   6.6364447e+01  -3.7562980e+01
   6.6364019e+01  -3.7562007e+01
