   8.1232069e+01  -3.1044074e+01
   8.1232262e+01  -3.1040657e+01
   8.1232454e+01  -3.1037241e+01
   8.1232645e+01  -3.1033827e+01
   8.1232836e+01  -3.1030414e+01
   8.1233025e+01  -3.1027002e+01
   8.1233214e+01  -3.1023590e+01
   8.1233403e+01  -3.1020179e+01
   8.1233592e+01  -3.1016768e+01
   8.1233780e+01  -3.1013357e+01
   8.1233969e+01  -3.1009946e+01
   8.1234157e+01  -3.1006535e+01
   8.1234346e+01  -3.1003123e+01
   8.1234534e+01  -3.0999711e+01
   8.1234722e+01  -3.0996300e+01
   8.1234910e+01  -3.0992889e+01
   8.1235097e+01  -3.0989478e+01
   8.1235284e+01  -3.0986069e+01
   8.1235470e+01  -3.0982660e+01
   8.1235655e+01  -3.0979253e+01
   8.1235839e+01  -3.0975846e+01
   8.1236023e+01  -3.0972440e+01
   8.1236205e+01  -3.0969039e+01
   8.1236383e+01  -3.0965641e+01
   8.1236559e+01  -3.0962247e+01
   8.1236733e+01  -3.0958858e+01
   8.1236904e+01  -3.0955472e+01
   8.1237072e+01  -3.0952090e+01
   8.1237239e+01  -3.0948712e+01
   8.1237403e+01  -3.0945337e+01
   8.1237565e+01  -3.0941966e+01
   8.1237724e+01  -3.0938598e+01
   8.1237883e+01  -3.0935232e+01
   8.1238040e+01  -3.0931868e+01
   8.1238195e+01  -3.0928506e+01
   8.1238350e+01  -3.0925146e+01
   8.1238503e+01  -3.0921788e+01
   8.1238655e+01  -3.0918431e+01
   8.1238806e+01  -3.0915077e+01
   8.1238956e+01  -3.0911724e+01
   8.1239104e+01  -3.0908373e+01
   8.1239251e+01  -3.0905024e+01
   8.1239398e+01  -3.0901675e+01
   8.1239544e+01  -3.0898328e+01
   8.1239690e+01  -3.0894981e+01
   8.1239835e+01  -3.0891635e+01
   8.1239979e+01  -3.0888289e+01
   8.1240124e+01  -3.0884944e+01
   8.1240268e+01  -3.0881598e+01
   8.1240412e+01  -3.0878253e+01
   8.1240557e+01  -3.0874907e+01
   8.1240702e+01  -3.0871560e+01
   8.1240847e+01  -3.0868213e+01
   8.1240992e+01  -3.0864865e+01
   8.1241138e+01  -3.0861516e+01
   8.1241284e+01  -3.0858166e+01
   8.1241430e+01  -3.0854816e+01
   8.1241577e+01  -3.0851465e+01
   8.1241724e+01  -3.0848113e+01
   8.1241872e+01  -3.0844761e+01
   8.1242019e+01  -3.0841408e+01
   8.1242167e+01  -3.0838054e+01
   8.1242316e+01  -3.0834700e+01
   8.1242465e+01  -3.0831345e+01
   8.1242614e+01  -3.0827989e+01
   8.1242763e+01  -3.0824632e+01
   8.1242912e+01  -3.0821275e+01
   8.1243062e+01  -3.0817918e+01
   8.1243212e+01  -3.0814560e+01
   8.1243362e+01  -3.0811201e+01
   8.1243513e+01  -3.0807842e+01
   8.1243664e+01  -3.0804482e+01
   8.1243815e+01  -3.0801121e+01
   8.1243966e+01  -3.0797760e+01
   8.1244118e+01  -3.0794399e+01
   8.1244269e+01  -3.0791036e+01
   8.1244422e+01  -3.0787673e+01
   8.1244574e+01  -3.0784309e+01
   8.1244727e+01  -3.0780945e+01
   8.1244880e+01  -3.0777580e+01
   8.1245034e+01  -3.0774213e+01
   8.1245188e+01  -3.0770847e+01
   8.1245342e+01  -3.0767479e+01
   8.1245496e+01  -3.0764113e+01
   8.1245649e+01  -3.0760746e+01
   8.1245802e+01  -3.0757380e+01
   8.1245956e+01  -3.0754013e+01
   8.1246109e+01  -3.0750647e+01
   8.1246262e+01  -3.0747280e+01
   8.1246415e+01  -3.0743914e+01
   8.1246568e+01  -3.0740546e+01
   8.1246721e+01  -3.0737179e+01
   8.1246875e+01  -3.0733811e+01
   8.1247028e+01  -3.0730443e+01
   8.1247181e+01  -3.0727075e+01
   8.1247335e+01  -3.0723707e+01
   8.1247488e+01  -3.0720339e+01
   8.1247641e+01  -3.0716970e+01
   8.1247795e+01  -3.0713601e+01
   8.1247948e+01  -3.0710232e+01
   8.1248102e+01  -3.0706863e+01
   8.1248255e+01  -3.0703494e+01
   8.1248408e+01  -3.0700124e+01
   8.1248562e+01  -3.0696754e+01
   8.1248716e+01  -3.0693384e+01
   8.1248870e+01  -3.0690013e+01
   8.1249024e+01  -3.0686641e+01
   8.1249179e+01  -3.0683268e+01
   8.1249334e+01  -3.0679895e+01
   8.1249490e+01  -3.0676521e+01
   8.1249646e+01  -3.0673146e+01
   8.1249802e+01  -3.0669769e+01
   8.1249959e+01  -3.0666392e+01
   8.1250116e+01  -3.0663015e+01
   8.1250274e+01  -3.0659636e+01
   8.1250431e+01  -3.0656258e+01
   8.1250589e+01  -3.0652879e+01
   8.1250746e+01  -3.0649500e+01
   8.1250904e+01  -3.0646120e+01
   8.1251063e+01  -3.0642740e+01
   8.1251221e+01  -3.0639358e+01
   8.1251380e+01  -3.0635976e+01
   8.1251541e+01  -3.0632591e+01
   8.1251702e+01  -3.0629205e+01
   8.1251864e+01  -3.0625817e+01
   8.1252027e+01  -3.0622427e+01
   8.1252191e+01  -3.0619035e+01
   8.1252356e+01  -3.0615642e+01
   8.1252522e+01  -3.0612247e+01
   8.1252689e+01  -3.0608850e+01
   8.1252857e+01  -3.0605452e+01
   8.1253026e+01  -3.0602051e+01
   8.1253195e+01  -3.0598650e+01
   8.1253365e+01  -3.0595247e+01
   8.1253536e+01  -3.0591843e+01
   8.1253707e+01  -3.0588437e+01
   8.1253880e+01  -3.0585029e+01
   8.1254053e+01  -3.0581620e+01
   8.1254227e+01  -3.0578210e+01
   8.1254402e+01  -3.0574798e+01
   8.1254577e+01  -3.0571384e+01
   8.1254754e+01  -3.0567969e+01
   8.1254931e+01  -3.0564552e+01
   8.1255109e+01  -3.0561134e+01
   8.1255288e+01  -3.0557714e+01
   8.1255468e+01  -3.0554292e+01
   8.1255648e+01  -3.0550869e+01
   8.1255830e+01  -3.0547443e+01
   8.1256013e+01  -3.0544015e+01
   8.1256197e+01  -3.0540586e+01
   8.1256382e+01  -3.0537155e+01
   8.1256568e+01  -3.0533722e+01
   8.1256754e+01  -3.0530288e+01
   8.1256941e+01  -3.0526853e+01
   8.1257128e+01  -3.0523416e+01
   8.1257316e+01  -3.0519979e+01
   8.1257505e+01  -3.0516539e+01
   8.1257695e+01  -3.0513099e+01
   8.1257885e+01  -3.0509656e+01
   8.1258076e+01  -3.0506213e+01
   8.1258268e+01  -3.0502768e+01
   8.1258460e+01  -3.0499322e+01
   8.1258654e+01  -3.0495874e+01
   8.1258849e+01  -3.0492423e+01
   8.1259045e+01  -3.0488969e+01
   8.1259243e+01  -3.0485513e+01
   8.1259441e+01  -3.0482055e+01
   8.1259641e+01  -3.0478595e+01
   8.1259842e+01  -3.0475132e+01
   8.1260044e+01  -3.0471668e+01
   8.1260247e+01  -3.0468202e+01
   8.1260451e+01  -3.0464734e+01
   8.1260656e+01  -3.0461264e+01
   8.1260862e+01  -3.0457792e+01
   8.1261070e+01  -3.0454317e+01
   8.1261279e+01  -3.0450839e+01
   8.1261490e+01  -3.0447358e+01
   8.1261702e+01  -3.0443874e+01
   8.1261916e+01  -3.0440388e+01
   8.1262131e+01  -3.0436899e+01
   8.1262348e+01  -3.0433407e+01
   8.1262566e+01  -3.0429912e+01
   8.1262785e+01  -3.0426416e+01
   8.1263005e+01  -3.0422918e+01
   8.1263225e+01  -3.0419419e+01
   8.1263447e+01  -3.0415918e+01
   8.1263669e+01  -3.0412415e+01
   8.1263892e+01  -3.0408911e+01
   8.1264115e+01  -3.0405406e+01
   8.1264340e+01  -3.0401898e+01
   8.1264565e+01  -3.0398390e+01
   8.1264790e+01  -3.0394881e+01
   8.1265016e+01  -3.0391370e+01
   8.1265243e+01  -3.0387858e+01
   8.1265470e+01  -3.0384345e+01
   8.1265698e+01  -3.0380830e+01
   8.1265927e+01  -3.0377313e+01
   8.1266157e+01  -3.0373795e+01
   8.1266388e+01  -3.0370274e+01
   8.1266621e+01  -3.0366751e+01
   8.1266854e+01  -3.0363225e+01
   8.1267089e+01  -3.0359697e+01
   8.1267325e+01  -3.0356168e+01
   8.1267561e+01  -3.0352637e+01
   8.1267797e+01  -3.0349105e+01
   8.1268034e+01  -3.0345573e+01
   8.1268272e+01  -3.0342039e+01
   8.1268510e+01  -3.0338504e+01
   8.1268748e+01  -3.0334968e+01
   8.1268988e+01  -3.0331430e+01
   8.1269228e+01  -3.0327891e+01
   8.1269469e+01  -3.0324350e+01
   8.1269710e+01  -3.0320808e+01
   8.1269952e+01  -3.0317266e+01
   8.1270194e+01  -3.0313722e+01
   8.1270437e+01  -3.0310177e+01
   8.1270680e+01  -3.0306631e+01
   8.1270923e+01  -3.0303084e+01
   8.1271167e+01  -3.0299537e+01
   8.1271411e+01  -3.0295989e+01
   8.1271655e+01  -3.0292440e+01
   8.1271899e+01  -3.0288890e+01
   8.1272144e+01  -3.0285340e+01
   8.1272389e+01  -3.0281788e+01
   8.1272635e+01  -3.0278235e+01
   8.1272881e+01  -3.0274682e+01
   8.1273128e+01  -3.0271126e+01
   8.1273376e+01  -3.0267570e+01
   8.1273624e+01  -3.0264012e+01
   8.1273872e+01  -3.0260454e+01
   8.1274121e+01  -3.0256895e+01
   8.1274370e+01  -3.0253335e+01
   8.1274619e+01  -3.0249775e+01
   8.1274867e+01  -3.0246215e+01
   8.1275117e+01  -3.0242653e+01
   8.1275366e+01  -3.0239091e+01
   8.1275616e+01  -3.0235528e+01
   8.1275867e+01  -3.0231963e+01
   8.1276119e+01  -3.0228397e+01
   8.1276371e+01  -3.0224828e+01
   8.1276625e+01  -3.0221257e+01
   8.1276880e+01  -3.0217684e+01
   8.1277136e+01  -3.0214110e+01
   8.1277392e+01  -3.0210535e+01
   8.1277648e+01  -3.0206959e+01
   8.1277904e+01  -3.0203382e+01
   8.1278161e+01  -3.0199804e+01
   8.1278418e+01  -3.0196226e+01
   8.1278675e+01  -3.0192647e+01
   8.1278932e+01  -3.0189069e+01
   8.1279189e+01  -3.0185489e+01
   8.1279446e+01  -3.0181910e+01
   8.1279704e+01  -3.0178330e+01
   8.1279961e+01  -3.0174750e+01
   8.1280218e+01  -3.0171169e+01
   8.1280476e+01  -3.0167587e+01
   8.1280734e+01  -3.0164004e+01
   8.1280993e+01  -3.0160421e+01
   8.1281252e+01  -3.0156836e+01
   8.1281511e+01  -3.0153251e+01
   8.1281771e+01  -3.0149664e+01
   8.1282032e+01  -3.0146075e+01
   8.1282293e+01  -3.0142486e+01
   8.1282555e+01  -3.0138895e+01
   8.1282817e+01  -3.0135303e+01
   8.1283079e+01  -3.0131711e+01
   8.1283342e+01  -3.0128118e+01
   8.1283605e+01  -3.0124523e+01
   8.1283868e+01  -3.0120928e+01
   8.1284132e+01  -3.0117331e+01
   8.1284397e+01  -3.0113733e+01
   8.1284663e+01  -3.0110133e+01
   8.1284929e+01  -3.0106533e+01
   8.1285195e+01  -3.0102931e+01
   8.1285461e+01  -3.0099329e+01
   8.1285727e+01  -3.0095727e+01
   8.1285994e+01  -3.0092124e+01
   8.1286260e+01  -3.0088522e+01
   8.1286526e+01  -3.0084918e+01
   8.1286793e+01  -3.0081315e+01
   8.1287059e+01  -3.0077711e+01
   8.1287326e+01  -3.0074107e+01
   8.1287593e+01  -3.0070502e+01
   8.1287859e+01  -3.0066896e+01
   8.1288126e+01  -3.0063291e+01
   8.1288393e+01  -3.0059685e+01
   8.1288659e+01  -3.0056080e+01
   8.1288924e+01  -3.0052477e+01
   8.1289187e+01  -3.0048877e+01
   8.1289449e+01  -3.0045279e+01
   8.1289709e+01  -3.0041683e+01
   8.1289967e+01  -3.0038091e+01
   8.1290222e+01  -3.0034503e+01
   8.1290476e+01  -3.0030918e+01
   8.1290727e+01  -3.0027337e+01
   8.1290976e+01  -3.0023760e+01
   8.1291223e+01  -3.0020187e+01
   8.1291467e+01  -3.0016618e+01
   8.1291709e+01  -3.0013052e+01
   8.1291949e+01  -3.0009490e+01
   8.1292186e+01  -3.0005931e+01
   8.1292422e+01  -3.0002376e+01
   8.1292656e+01  -2.9998824e+01
   8.1292888e+01  -2.9995274e+01
   8.1293119e+01  -2.9991727e+01
   8.1293348e+01  -2.9988182e+01
   8.1293575e+01  -2.9984641e+01
   8.1293801e+01  -2.9981102e+01
   8.1294025e+01  -2.9977566e+01
   8.1294247e+01  -2.9974032e+01
   8.1294468e+01  -2.9970502e+01
   8.1294687e+01  -2.9966973e+01
   8.1294906e+01  -2.9963445e+01
   8.1295125e+01  -2.9959917e+01
   8.1295343e+01  -2.9956389e+01
   8.1295561e+01  -2.9952861e+01
   8.1295779e+01  -2.9949334e+01
   8.1295996e+01  -2.9945808e+01
   8.1296213e+01  -2.9942281e+01
   8.1296430e+01  -2.9938755e+01
   8.1296647e+01  -2.9935229e+01
   8.1296863e+01  -2.9931703e+01
   8.1297079e+01  -2.9928178e+01
   8.1297294e+01  -2.9924654e+01
   8.1297508e+01  -2.9921131e+01
   8.1297722e+01  -2.9917609e+01
   8.1297935e+01  -2.9914088e+01
   8.1298148e+01  -2.9910567e+01
   8.1298360e+01  -2.9907047e+01
   8.1298572e+01  -2.9903527e+01
   8.1298784e+01  -2.9900007e+01
   8.1298996e+01  -2.9896487e+01
   8.1299207e+01  -2.9892967e+01
   8.1299418e+01  -2.9889449e+01
   8.1299629e+01  -2.9885931e+01
   8.1299838e+01  -2.9882413e+01
   8.1300048e+01  -2.9878897e+01
   8.1300256e+01  -2.9875381e+01
   8.1300463e+01  -2.9871868e+01
   8.1300669e+01  -2.9868358e+01
   8.1300873e+01  -2.9864850e+01
   8.1301075e+01  -2.9861344e+01
   8.1301275e+01  -2.9857843e+01
   8.1301472e+01  -2.9854347e+01
   8.1301666e+01  -2.9850855e+01
   8.1301858e+01  -2.9847367e+01
   8.1302047e+01  -2.9843885e+01
   8.1302234e+01  -2.9840406e+01
   8.1302418e+01  -2.9836932e+01
   8.1302600e+01  -2.9833462e+01
   8.1302779e+01  -2.9829996e+01
   8.1302955e+01  -2.9826534e+01
   8.1303131e+01  -2.9823075e+01
   8.1303305e+01  -2.9819618e+01
   8.1303477e+01  -2.9816163e+01
   8.1303649e+01  -2.9812711e+01
   8.1303818e+01  -2.9809260e+01
   8.1303987e+01  -2.9805812e+01
   8.1304154e+01  -2.9802366e+01
   8.1304320e+01  -2.9798922e+01
   8.1304485e+01  -2.9795480e+01
   8.1304649e+01  -2.9792040e+01
   8.1304811e+01  -2.9788602e+01
   8.1304973e+01  -2.9785166e+01
   8.1305133e+01  -2.9781731e+01
   8.1305293e+01  -2.9778298e+01
   8.1305451e+01  -2.9774865e+01
   8.1305610e+01  -2.9771434e+01
   8.1305768e+01  -2.9768002e+01
   8.1305926e+01  -2.9764571e+01
   8.1306084e+01  -2.9761139e+01
   8.1306242e+01  -2.9757707e+01
   8.1306401e+01  -2.9754274e+01
   8.1306560e+01  -2.9750840e+01
   8.1306719e+01  -2.9747405e+01
   8.1306880e+01  -2.9743969e+01
   8.1307041e+01  -2.9740531e+01
   8.1307202e+01  -2.9737092e+01
   8.1307365e+01  -2.9733650e+01
   8.1307528e+01  -2.9730207e+01
   8.1307693e+01  -2.9726762e+01
   8.1307858e+01  -2.9723315e+01
   8.1308026e+01  -2.9719864e+01
   8.1308194e+01  -2.9716411e+01
   8.1308364e+01  -2.9712956e+01
   8.1308535e+01  -2.9709498e+01
   8.1308707e+01  -2.9706038e+01
   8.1308880e+01  -2.9702577e+01
   8.1309054e+01  -2.9699113e+01
   8.1309228e+01  -2.9695648e+01
   8.1309404e+01  -2.9692182e+01
   8.1309579e+01  -2.9688714e+01
   8.1309755e+01  -2.9685246e+01
   8.1309932e+01  -2.9681777e+01
   8.1310109e+01  -2.9678306e+01
   8.1310286e+01  -2.9674835e+01
   8.1310464e+01  -2.9671362e+01
   8.1310643e+01  -2.9667888e+01
   8.1310823e+01  -2.9664411e+01
   8.1311003e+01  -2.9660934e+01
   8.1311185e+01  -2.9657454e+01
   8.1311367e+01  -2.9653973e+01
   8.1311550e+01  -2.9650490e+01
   8.1311733e+01  -2.9647006e+01
   8.1311917e+01  -2.9643521e+01
   8.1312102e+01  -2.9640034e+01
   8.1312287e+01  -2.9636547e+01
   8.1312472e+01  -2.9633058e+01
   8.1312658e+01  -2.9629569e+01
   8.1312844e+01  -2.9626079e+01
   8.1313031e+01  -2.9622588e+01
   8.1313218e+01  -2.9619096e+01
   8.1313405e+01  -2.9615603e+01
   8.1313593e+01  -2.9612108e+01
   8.1313783e+01  -2.9608611e+01
   8.1313973e+01  -2.9605112e+01
   8.1314164e+01  -2.9601612e+01
   8.1314356e+01  -2.9598109e+01
   8.1314549e+01  -2.9594605e+01
   8.1314743e+01  -2.9591099e+01
   8.1314937e+01  -2.9587592e+01
   8.1315132e+01  -2.9584083e+01
   8.1315328e+01  -2.9580572e+01
   8.1315525e+01  -2.9577059e+01
   8.1315723e+01  -2.9573544e+01
   8.1315923e+01  -2.9570026e+01
   8.1316124e+01  -2.9566505e+01
   8.1316326e+01  -2.9562982e+01
   8.1316529e+01  -2.9559457e+01
   8.1316733e+01  -2.9555930e+01
   8.1316938e+01  -2.9552401e+01
   8.1317144e+01  -2.9548869e+01
   8.1317352e+01  -2.9545336e+01
   8.1317560e+01  -2.9541800e+01
   8.1317769e+01  -2.9538263e+01
   8.1317979e+01  -2.9534723e+01
   8.1318189e+01  -2.9531182e+01
   8.1318401e+01  -2.9527639e+01
   8.1318614e+01  -2.9524094e+01
   8.1318828e+01  -2.9520547e+01
   8.1319042e+01  -2.9516998e+01
   8.1319258e+01  -2.9513447e+01
   8.1319473e+01  -2.9509896e+01
   8.1319689e+01  -2.9506344e+01
   8.1319905e+01  -2.9502791e+01
   8.1320122e+01  -2.9499237e+01
   8.1320339e+01  -2.9495683e+01
   8.1320556e+01  -2.9492128e+01
   8.1320773e+01  -2.9488571e+01
   8.1320991e+01  -2.9485014e+01
   8.1321209e+01  -2.9481456e+01
   8.1321428e+01  -2.9477898e+01
   8.1321646e+01  -2.9474339e+01
   8.1321863e+01  -2.9470782e+01
   8.1322080e+01  -2.9467227e+01
   8.1322295e+01  -2.9463672e+01
   8.1322510e+01  -2.9460119e+01
   8.1322724e+01  -2.9456567e+01
   8.1322937e+01  -2.9453016e+01
   8.1323150e+01  -2.9449465e+01
   8.1323363e+01  -2.9445915e+01
   8.1323575e+01  -2.9442366e+01
   8.1323786e+01  -2.9438818e+01
   8.1323996e+01  -2.9435272e+01
   8.1324205e+01  -2.9431728e+01
   8.1324412e+01  -2.9428187e+01
   8.1324618e+01  -2.9424648e+01
   8.1324821e+01  -2.9421114e+01
   8.1325023e+01  -2.9417582e+01
   8.1325222e+01  -2.9414055e+01
   8.1325419e+01  -2.9410530e+01
   8.1325615e+01  -2.9407010e+01
   8.1325808e+01  -2.9403492e+01
   8.1326000e+01  -2.9399979e+01
   8.1326189e+01  -2.9396469e+01
   8.1326376e+01  -2.9392962e+01
   8.1326561e+01  -2.9389459e+01
   8.1326744e+01  -2.9385960e+01
   8.1326926e+01  -2.9382463e+01
   8.1327105e+01  -2.9378970e+01
   8.1327283e+01  -2.9375480e+01
   8.1327458e+01  -2.9371995e+01
   8.1327631e+01  -2.9368513e+01
   8.1327802e+01  -2.9365036e+01
   8.1327970e+01  -2.9361562e+01
   8.1328136e+01  -2.9358093e+01
   8.1328300e+01  -2.9354629e+01
   8.1328461e+01  -2.9351168e+01
   8.1328619e+01  -2.9347712e+01
   8.1328775e+01  -2.9344261e+01
   8.1328929e+01  -2.9340814e+01
   8.1329080e+01  -2.9337371e+01
   8.1329229e+01  -2.9333931e+01
   8.1329377e+01  -2.9330494e+01
   8.1329524e+01  -2.9327060e+01
   8.1329669e+01  -2.9323628e+01
   8.1329812e+01  -2.9320199e+01
   8.1329954e+01  -2.9316772e+01
   8.1330094e+01  -2.9313349e+01
   8.1330232e+01  -2.9309929e+01
   8.1330369e+01  -2.9306512e+01
   8.1330504e+01  -2.9303098e+01
   8.1330636e+01  -2.9299689e+01
   8.1330765e+01  -2.9296285e+01
   8.1330892e+01  -2.9292885e+01
   8.1331017e+01  -2.9289489e+01
   8.1331139e+01  -2.9286098e+01
   8.1331259e+01  -2.9282711e+01
   8.1331376e+01  -2.9279328e+01
   8.1331492e+01  -2.9275949e+01
   8.1331605e+01  -2.9272574e+01
   8.1331716e+01  -2.9269202e+01
   8.1331826e+01  -2.9265833e+01
   8.1331936e+01  -2.9262464e+01
   8.1332044e+01  -2.9259097e+01
   8.1332152e+01  -2.9255732e+01
   8.1332259e+01  -2.9252368e+01
   8.1332364e+01  -2.9249006e+01
   8.1332469e+01  -2.9245646e+01
   8.1332572e+01  -2.9242288e+01
   8.1332674e+01  -2.9238933e+01
   8.1332775e+01  -2.9235580e+01
   8.1332874e+01  -2.9232229e+01
   8.1332971e+01  -2.9228882e+01
   8.1333067e+01  -2.9225538e+01
   8.1333161e+01  -2.9222197e+01
   8.1333253e+01  -2.9218859e+01
   8.1333344e+01  -2.9215523e+01
   8.1333433e+01  -2.9212191e+01
   8.1333521e+01  -2.9208861e+01
   8.1333607e+01  -2.9205533e+01
   8.1333692e+01  -2.9202208e+01
   8.1333775e+01  -2.9198887e+01
   8.1333857e+01  -2.9195568e+01
   8.1333936e+01  -2.9192253e+01
   8.1334014e+01  -2.9188940e+01
   8.1334091e+01  -2.9185631e+01
   8.1334165e+01  -2.9182325e+01
   8.1334237e+01  -2.9179023e+01
   8.1334308e+01  -2.9175724e+01
   8.1334376e+01  -2.9172430e+01
   8.1334442e+01  -2.9169139e+01
   8.1334507e+01  -2.9165852e+01
   8.1334569e+01  -2.9162568e+01
   8.1334630e+01  -2.9159287e+01
   8.1334689e+01  -2.9156009e+01
   8.1334746e+01  -2.9152735e+01
   8.1334802e+01  -2.9149463e+01
   8.1334855e+01  -2.9146195e+01
   8.1334907e+01  -2.9142930e+01
   8.1334958e+01  -2.9139669e+01
   8.1335006e+01  -2.9136410e+01
   8.1335055e+01  -2.9133151e+01
   8.1335104e+01  -2.9129891e+01
   8.1335153e+01  -2.9126631e+01
   8.1335203e+01  -2.9123370e+01
   8.1335253e+01  -2.9120108e+01
   8.1335304e+01  -2.9116844e+01
   8.1335356e+01  -2.9113579e+01
   8.1335408e+01  -2.9110313e+01
   8.1335460e+01  -2.9107047e+01
   8.1335512e+01  -2.9103780e+01
   8.1335564e+01  -2.9100514e+01
   8.1335616e+01  -2.9097248e+01
   8.1335668e+01  -2.9093983e+01
   8.1335719e+01  -2.9090718e+01
   8.1335770e+01  -2.9087453e+01
   8.1335822e+01  -2.9084188e+01
   8.1335873e+01  -2.9080923e+01
   8.1335924e+01  -2.9077657e+01
   8.1335976e+01  -2.9074391e+01
   8.1336027e+01  -2.9071125e+01
   8.1336080e+01  -2.9067857e+01
   8.1336133e+01  -2.9064588e+01
   8.1336186e+01  -2.9061318e+01
   8.1336240e+01  -2.9058047e+01
   8.1336295e+01  -2.9054775e+01
   8.1336350e+01  -2.9051502e+01
   8.1336405e+01  -2.9048227e+01
   8.1336462e+01  -2.9044952e+01
   8.1336518e+01  -2.9041675e+01
   8.1336575e+01  -2.9038397e+01
   8.1336633e+01  -2.9035119e+01
   8.1336691e+01  -2.9031839e+01
   8.1336750e+01  -2.9028557e+01
   8.1336810e+01  -2.9025275e+01
   8.1336870e+01  -2.9021991e+01
   8.1336930e+01  -2.9018707e+01
   8.1336991e+01  -2.9015421e+01
   8.1337053e+01  -2.9012135e+01
   8.1337114e+01  -2.9008847e+01
   8.1337177e+01  -2.9005559e+01
   8.1337240e+01  -2.9002269e+01
   8.1337303e+01  -2.8998978e+01
   8.1337368e+01  -2.8995685e+01
   8.1337433e+01  -2.8992391e+01
   8.1337499e+01  -2.8989095e+01
   8.1337566e+01  -2.8985797e+01
   8.1337634e+01  -2.8982496e+01
   8.1337703e+01  -2.8979194e+01
   8.1337773e+01  -2.8975890e+01
   8.1337845e+01  -2.8972584e+01
   8.1337917e+01  -2.8969274e+01
   8.1337992e+01  -2.8965961e+01
   8.1338068e+01  -2.8962646e+01
   8.1338145e+01  -2.8959328e+01
   8.1338223e+01  -2.8956008e+01
   8.1338302e+01  -2.8952685e+01
   8.1338382e+01  -2.8949361e+01
   8.1338464e+01  -2.8946034e+01
   8.1338546e+01  -2.8942706e+01
   8.1338629e+01  -2.8939375e+01
   8.1338714e+01  -2.8936042e+01
   8.1338800e+01  -2.8932706e+01
   8.1338887e+01  -2.8929367e+01
   8.1338976e+01  -2.8926025e+01
   8.1339067e+01  -2.8922679e+01
   8.1339159e+01  -2.8919330e+01
   8.1339254e+01  -2.8915978e+01
   8.1339350e+01  -2.8912622e+01
   8.1339448e+01  -2.8909262e+01
   8.1339548e+01  -2.8905898e+01
   8.1339650e+01  -2.8902530e+01
   8.1339753e+01  -2.8899159e+01
   8.1339859e+01  -2.8895785e+01
   8.1339965e+01  -2.8892408e+01
   8.1340073e+01  -2.8889028e+01
   8.1340182e+01  -2.8885645e+01
   8.1340293e+01  -2.8882260e+01
   8.1340405e+01  -2.8878872e+01
   8.1340519e+01  -2.8875481e+01
   8.1340634e+01  -2.8872087e+01
   8.1340751e+01  -2.8868689e+01
   8.1340870e+01  -2.8865286e+01
   8.1340992e+01  -2.8861879e+01
   8.1341115e+01  -2.8858468e+01
   8.1341241e+01  -2.8855052e+01
   8.1341370e+01  -2.8851631e+01
   8.1341500e+01  -2.8848206e+01
   8.1341633e+01  -2.8844776e+01
   8.1341769e+01  -2.8841341e+01
   8.1341907e+01  -2.8837901e+01
   8.1342046e+01  -2.8834458e+01
   8.1342187e+01  -2.8831013e+01
   8.1342329e+01  -2.8827564e+01
   8.1342473e+01  -2.8824113e+01
   8.1342618e+01  -2.8820658e+01
   8.1342765e+01  -2.8817200e+01
   8.1342914e+01  -2.8813739e+01
   8.1343064e+01  -2.8810274e+01
   8.1343216e+01  -2.8806805e+01
   8.1343371e+01  -2.8803331e+01
   8.1343527e+01  -2.8799854e+01
   8.1343685e+01  -2.8796373e+01
   8.1343846e+01  -2.8792887e+01
   8.1344009e+01  -2.8789396e+01
   8.1344174e+01  -2.8785901e+01
   8.1344342e+01  -2.8782401e+01
   8.1344513e+01  -2.8778895e+01
   8.1344686e+01  -2.8775384e+01
   8.1344861e+01  -2.8771868e+01
   8.1345040e+01  -2.8768346e+01
   8.1345219e+01  -2.8764823e+01
   8.1345399e+01  -2.8761297e+01
   8.1345581e+01  -2.8757770e+01
   8.1345763e+01  -2.8754239e+01
   8.1345947e+01  -2.8750706e+01
   8.1346133e+01  -2.8747169e+01
   8.1346321e+01  -2.8743628e+01
   8.1346511e+01  -2.8740082e+01
   8.1346703e+01  -2.8736531e+01
   8.1346899e+01  -2.8732974e+01
   8.1347095e+01  -2.8729415e+01
   8.1347292e+01  -2.8725855e+01
   8.1347490e+01  -2.8722292e+01
   8.1347689e+01  -2.8718729e+01
   8.1347888e+01  -2.8715163e+01
   8.1348088e+01  -2.8711596e+01
   8.1348289e+01  -2.8708027e+01
   8.1348491e+01  -2.8704457e+01
   8.1348693e+01  -2.8700884e+01
   8.1348896e+01  -2.8697310e+01
   8.1349101e+01  -2.8693734e+01
   8.1349306e+01  -2.8690156e+01
   8.1349511e+01  -2.8686576e+01
   8.1349718e+01  -2.8682994e+01
   8.1349925e+01  -2.8679411e+01
   8.1350133e+01  -2.8675826e+01
   8.1350342e+01  -2.8672240e+01
   8.1350551e+01  -2.8668653e+01
   8.1350760e+01  -2.8665065e+01
   8.1350970e+01  -2.8661475e+01
   8.1351181e+01  -2.8657883e+01
   8.1351393e+01  -2.8654290e+01
   8.1351605e+01  -2.8650696e+01
   8.1351818e+01  -2.8647100e+01
   8.1352031e+01  -2.8643502e+01
   8.1352246e+01  -2.8639902e+01
   8.1352461e+01  -2.8636300e+01
   8.1352678e+01  -2.8632695e+01
   8.1352895e+01  -2.8629088e+01
   8.1353115e+01  -2.8625478e+01
   8.1353335e+01  -2.8621865e+01
   8.1353556e+01  -2.8618251e+01
   8.1353778e+01  -2.8614635e+01
   8.1354000e+01  -2.8611019e+01
   8.1354221e+01  -2.8607403e+01
   8.1354442e+01  -2.8603788e+01
   8.1354663e+01  -2.8600174e+01
   8.1354882e+01  -2.8596562e+01
   8.1355099e+01  -2.8592953e+01
   8.1355315e+01  -2.8589346e+01
   8.1355531e+01  -2.8585740e+01
   8.1355746e+01  -2.8582136e+01
   8.1355960e+01  -2.8578533e+01
   8.1356173e+01  -2.8574931e+01
   8.1356385e+01  -2.8571331e+01
   8.1356596e+01  -2.8567733e+01
   8.1356806e+01  -2.8564137e+01
   8.1357014e+01  -2.8560543e+01
   8.1357222e+01  -2.8556951e+01
   8.1357429e+01  -2.8553361e+01
   8.1357636e+01  -2.8549768e+01
   8.1357845e+01  -2.8546172e+01
   8.1358056e+01  -2.8542573e+01
   8.1358268e+01  -2.8538971e+01
   8.1358482e+01  -2.8535365e+01
   8.1358698e+01  -2.8531755e+01
   8.1358916e+01  -2.8528142e+01
   8.1359135e+01  -2.8524525e+01
   8.1359355e+01  -2.8520904e+01
   8.1359578e+01  -2.8517280e+01
   8.1359804e+01  -2.8513650e+01
   8.1360032e+01  -2.8510013e+01
   8.1360263e+01  -2.8506371e+01
   8.1360497e+01  -2.8502724e+01
   8.1360732e+01  -2.8499073e+01
   8.1360971e+01  -2.8495416e+01
   8.1361212e+01  -2.8491754e+01
   8.1361455e+01  -2.8488086e+01
   8.1361701e+01  -2.8484415e+01
   8.1361948e+01  -2.8480739e+01
   8.1362196e+01  -2.8477061e+01
   8.1362445e+01  -2.8473382e+01
   8.1362695e+01  -2.8469701e+01
   8.1362945e+01  -2.8466019e+01
   8.1363195e+01  -2.8462336e+01
   8.1363446e+01  -2.8458652e+01
   8.1363697e+01  -2.8454967e+01
   8.1363949e+01  -2.8451279e+01
   8.1364203e+01  -2.8447588e+01
   8.1364458e+01  -2.8443893e+01
   8.1364714e+01  -2.8440198e+01
   8.1364970e+01  -2.8436501e+01
   8.1365227e+01  -2.8432803e+01
   8.1365484e+01  -2.8429104e+01
   8.1365742e+01  -2.8425404e+01
   8.1365999e+01  -2.8421703e+01
   8.1366257e+01  -2.8418002e+01
   8.1366515e+01  -2.8414300e+01
   8.1366772e+01  -2.8410599e+01
   8.1367029e+01  -2.8406898e+01
   8.1367288e+01  -2.8403194e+01
   8.1367548e+01  -2.8399487e+01
   8.1367810e+01  -2.8395776e+01
   8.1368073e+01  -2.8392063e+01
   8.1368337e+01  -2.8388347e+01
   8.1368602e+01  -2.8384628e+01
   8.1368867e+01  -2.8380908e+01
   8.1369134e+01  -2.8377186e+01
   8.1369402e+01  -2.8373462e+01
   8.1369670e+01  -2.8369735e+01
   8.1369939e+01  -2.8366007e+01
   8.1370209e+01  -2.8362278e+01
   8.1370480e+01  -2.8358546e+01
   8.1370752e+01  -2.8354811e+01
   8.1371025e+01  -2.8351073e+01
   8.1371301e+01  -2.8347331e+01
   8.1371577e+01  -2.8343586e+01
   8.1371856e+01  -2.8339837e+01
   8.1372137e+01  -2.8336082e+01
   8.1372421e+01  -2.8332323e+01
   8.1372703e+01  -2.8328566e+01
   8.1372984e+01  -2.8324811e+01
   8.1373264e+01  -2.8321057e+01
   8.1373545e+01  -2.8317302e+01
   8.1373825e+01  -2.8313547e+01
   8.1374106e+01  -2.8309790e+01
   8.1374389e+01  -2.8306030e+01
   8.1374673e+01  -2.8302266e+01
   8.1374960e+01  -2.8298498e+01
   8.1375250e+01  -2.8294723e+01
   8.1375540e+01  -2.8290947e+01
   8.1375828e+01  -2.8287174e+01
   8.1376115e+01  -2.8283404e+01
   8.1376400e+01  -2.8279636e+01
   8.1376685e+01  -2.8275870e+01
   8.1376968e+01  -2.8272106e+01
   8.1377250e+01  -2.8268343e+01
   8.1377532e+01  -2.8264581e+01
   8.1377814e+01  -2.8260819e+01
   8.1378095e+01  -2.8257058e+01
   8.1378375e+01  -2.8253298e+01
   8.1378656e+01  -2.8249537e+01
   8.1378938e+01  -2.8245773e+01
   8.1379221e+01  -2.8242008e+01
   8.1379505e+01  -2.8238239e+01
   8.1379790e+01  -2.8234467e+01
   8.1380078e+01  -2.8230691e+01
   8.1380367e+01  -2.8226910e+01
   8.1380659e+01  -2.8223125e+01
   8.1380954e+01  -2.8219333e+01
   8.1381251e+01  -2.8215537e+01
   8.1381550e+01  -2.8211735e+01
   8.1381853e+01  -2.8207926e+01
   8.1382159e+01  -2.8204110e+01
   8.1382467e+01  -2.8200310e+01
   8.1382775e+01  -2.8196535e+01
   8.1383085e+01  -2.8192784e+01
   8.1383396e+01  -2.8189058e+01
   8.1383708e+01  -2.8185357e+01
   8.1384021e+01  -2.8181681e+01
   8.1384336e+01  -2.8178043e+01
   8.1384652e+01  -2.8174441e+01
   8.1384970e+01  -2.8170866e+01
   8.1385289e+01  -2.8167322e+01
   8.1385610e+01  -2.8163813e+01
   8.1385932e+01  -2.8160341e+01
   8.1386256e+01  -2.8156909e+01
   8.1386582e+01  -2.8153520e+01
   8.1386910e+01  -2.8150177e+01
   8.1387240e+01  -2.8146881e+01
   8.1387572e+01  -2.8143635e+01
   8.1387906e+01  -2.8140424e+01
   8.1388241e+01  -2.8137223e+01
   8.1388575e+01  -2.8134028e+01
   8.1388910e+01  -2.8130837e+01
   8.1389245e+01  -2.8127645e+01
   8.1389579e+01  -2.8124450e+01
   8.1389914e+01  -2.8121248e+01
   8.1390248e+01  -2.8118036e+01
   8.1390581e+01  -2.8114810e+01
   8.1390913e+01  -2.8111567e+01
   8.1391244e+01  -2.8108304e+01
   8.1391575e+01  -2.8105025e+01
   8.1391905e+01  -2.8101730e+01
   8.1392234e+01  -2.8098422e+01
   8.1392563e+01  -2.8095102e+01
   8.1392891e+01  -2.8091768e+01
   8.1393219e+01  -2.8088422e+01
   8.1393546e+01  -2.8085063e+01
   8.1393872e+01  -2.8081691e+01
   8.1394198e+01  -2.8078307e+01
   8.1394523e+01  -2.8074912e+01
   8.1394849e+01  -2.8071521e+01
   8.1395174e+01  -2.8068131e+01
   8.1395500e+01  -2.8064743e+01
   8.1395825e+01  -2.8061354e+01
   8.1396150e+01  -2.8057963e+01
   8.1396476e+01  -2.8054569e+01
   8.1396801e+01  -2.8051171e+01
   8.1397125e+01  -2.8047768e+01
   8.1397450e+01  -2.8044360e+01
   8.1397774e+01  -2.8040946e+01
   8.1398098e+01  -2.8037529e+01
   8.1398422e+01  -2.8034109e+01
   8.1398746e+01  -2.8030685e+01
   8.1399069e+01  -2.8027258e+01
   8.1399393e+01  -2.8023828e+01
   8.1399716e+01  -2.8020396e+01
   8.1400039e+01  -2.8016965e+01
   8.1400362e+01  -2.8013532e+01
   8.1400686e+01  -2.8010099e+01
   8.1401009e+01  -2.8006664e+01
   8.1401331e+01  -2.8003221e+01
   8.1401654e+01  -2.7999771e+01
   8.1401976e+01  -2.7996311e+01
   8.1402297e+01  -2.7992842e+01
   8.1402618e+01  -2.7989363e+01
   8.1402938e+01  -2.7985872e+01
   8.1403258e+01  -2.7982369e+01
   8.1403578e+01  -2.7978863e+01
   8.1403897e+01  -2.7975356e+01
   8.1404217e+01  -2.7971850e+01
   8.1404537e+01  -2.7968355e+01
   8.1404858e+01  -2.7964869e+01
   8.1405179e+01  -2.7961394e+01
   8.1405500e+01  -2.7957930e+01
   8.1405822e+01  -2.7954475e+01
   8.1406144e+01  -2.7951031e+01
   8.1406467e+01  -2.7947598e+01
   8.1406790e+01  -2.7944176e+01
   8.1407114e+01  -2.7940763e+01
   8.1407438e+01  -2.7937358e+01
   8.1407762e+01  -2.7933953e+01
   8.1408086e+01  -2.7930548e+01
   8.1408410e+01  -2.7927145e+01
   8.1408734e+01  -2.7923742e+01
   8.1409058e+01  -2.7920340e+01
   8.1409383e+01  -2.7916939e+01
   8.1409707e+01  -2.7913539e+01
   8.1410031e+01  -2.7910140e+01
   8.1410355e+01  -2.7906742e+01
   8.1410679e+01  -2.7903346e+01
   8.1411004e+01  -2.7899952e+01
   8.1411328e+01  -2.7896561e+01
   8.1411653e+01  -2.7893170e+01
   8.1411977e+01  -2.7889782e+01
   8.1412302e+01  -2.7886394e+01
   8.1412627e+01  -2.7883007e+01
   8.1412951e+01  -2.7879621e+01
   8.1413276e+01  -2.7876236e+01
   8.1413600e+01  -2.7872850e+01
   8.1413925e+01  -2.7869465e+01
   8.1414249e+01  -2.7866075e+01
   8.1414574e+01  -2.7862683e+01
   8.1414898e+01  -2.7859291e+01
   8.1415222e+01  -2.7855899e+01
   8.1415546e+01  -2.7852504e+01
   8.1415870e+01  -2.7849104e+01
   8.1416193e+01  -2.7845698e+01
   8.1416517e+01  -2.7842283e+01
   8.1416839e+01  -2.7838857e+01
   8.1417161e+01  -2.7835420e+01
   8.1417483e+01  -2.7831982e+01
   8.1417805e+01  -2.7828544e+01
   8.1418127e+01  -2.7825106e+01
   8.1418449e+01  -2.7821669e+01
   8.1418771e+01  -2.7818238e+01
   8.1419094e+01  -2.7814813e+01
   8.1419416e+01  -2.7811393e+01
   8.1419739e+01  -2.7807975e+01
   8.1420062e+01  -2.7804561e+01
   8.1420385e+01  -2.7801146e+01
   8.1420708e+01  -2.7797727e+01
   8.1421030e+01  -2.7794301e+01
   8.1421352e+01  -2.7790869e+01
   8.1421674e+01  -2.7787430e+01
   8.1421995e+01  -2.7783982e+01
   8.1422316e+01  -2.7780530e+01
   8.1422637e+01  -2.7777076e+01
   8.1422958e+01  -2.7773621e+01
   8.1423278e+01  -2.7770162e+01
   8.1423599e+01  -2.7766700e+01
   8.1423919e+01  -2.7763236e+01
   8.1424239e+01  -2.7759768e+01
   8.1424560e+01  -2.7756297e+01
   8.1424879e+01  -2.7752821e+01
   8.1425199e+01  -2.7749339e+01
   8.1425518e+01  -2.7745851e+01
   8.1425837e+01  -2.7742357e+01
   8.1426155e+01  -2.7738853e+01
   8.1426473e+01  -2.7735339e+01
   8.1426791e+01  -2.7731814e+01
   8.1427107e+01  -2.7728276e+01
   8.1427424e+01  -2.7724725e+01
   8.1427739e+01  -2.7721162e+01
   8.1428054e+01  -2.7717588e+01
   8.1428369e+01  -2.7714002e+01
   8.1428682e+01  -2.7710405e+01
   8.1428996e+01  -2.7706797e+01
   8.1429309e+01  -2.7703179e+01
   8.1429621e+01  -2.7699552e+01
   8.1429933e+01  -2.7695917e+01
   8.1430245e+01  -2.7692269e+01
   8.1430556e+01  -2.7688609e+01
   8.1430866e+01  -2.7684937e+01
   8.1431176e+01  -2.7681256e+01
   8.1431485e+01  -2.7677564e+01
   8.1431794e+01  -2.7673864e+01
   8.1432103e+01  -2.7670156e+01
   8.1432411e+01  -2.7666441e+01
   8.1432718e+01  -2.7662715e+01
   8.1433025e+01  -2.7658962e+01
   8.1433330e+01  -2.7655181e+01
   8.1433634e+01  -2.7651371e+01
   8.1433936e+01  -2.7647534e+01
   8.1434237e+01  -2.7643674e+01
   8.1434534e+01  -2.7639822e+01
   8.1434827e+01  -2.7635977e+01
   8.1435117e+01  -2.7632139e+01
   8.1435404e+01  -2.7628307e+01
   8.1435688e+01  -2.7624482e+01
   8.1435968e+01  -2.7620663e+01
   8.1436246e+01  -2.7616848e+01
   8.1436522e+01  -2.7613038e+01
   8.1436794e+01  -2.7609236e+01
   8.1437062e+01  -2.7605442e+01
   8.1437325e+01  -2.7601658e+01
   8.1437583e+01  -2.7597885e+01
   8.1437835e+01  -2.7594123e+01
   8.1438081e+01  -2.7590374e+01
   8.1438320e+01  -2.7586638e+01
   8.1438553e+01  -2.7582915e+01
   8.1438781e+01  -2.7579203e+01
   8.1439008e+01  -2.7575494e+01
   8.1439233e+01  -2.7571788e+01
   8.1439456e+01  -2.7568084e+01
   8.1439679e+01  -2.7564383e+01
   8.1439899e+01  -2.7560685e+01
   8.1440119e+01  -2.7556989e+01
   8.1440337e+01  -2.7553296e+01
   8.1440554e+01  -2.7549606e+01
   8.1440768e+01  -2.7545920e+01
   8.1440980e+01  -2.7542240e+01
   8.1441189e+01  -2.7538564e+01
   8.1441395e+01  -2.7534895e+01
   8.1441599e+01  -2.7531231e+01
   8.1441799e+01  -2.7527573e+01
   8.1441996e+01  -2.7523923e+01
   8.1442190e+01  -2.7520279e+01
   8.1442380e+01  -2.7516642e+01
   8.1442568e+01  -2.7513011e+01
   8.1442753e+01  -2.7509385e+01
   8.1442935e+01  -2.7505765e+01
   8.1443115e+01  -2.7502149e+01
   8.1443292e+01  -2.7498539e+01
   8.1443467e+01  -2.7494934e+01
   8.1443639e+01  -2.7491334e+01
   8.1443808e+01  -2.7487740e+01
   8.1443975e+01  -2.7484150e+01
   8.1444140e+01  -2.7480565e+01
   8.1444302e+01  -2.7476985e+01
   8.1444463e+01  -2.7473408e+01
   8.1444622e+01  -2.7469836e+01
