   7.4998161e+01  -5.6722521e+01
   7.4998173e+01  -5.6724321e+01
   7.4998186e+01  -5.6726122e+01
   7.4998200e+01  -5.6727924e+01
   7.4998215e+01  -5.6729726e+01
   7.4998230e+01  -5.6731529e+01
   7.4998247e+01  -5.6733333e+01
   7.4998265e+01  -5.6735138e+01
   7.4998283e+01  -5.6736943e+01
   7.4998302e+01  -5.6738749e+01
   7.4998322e+01  -5.6740556e+01
   7.4998343e+01  -5.6742363e+01
   7.4998363e+01  -5.6744170e+01
   7.4998383e+01  -5.6745976e+01
   7.4998402e+01  -5.6747782e+01
   7.4998420e+01  -5.6749588e+01
   7.4998438e+01  -5.6751392e+01
   7.4998454e+01  -5.6753197e+01
   7.4998471e+01  -5.6755000e+01
   7.4998486e+01  -5.6756804e+01
   7.4998501e+01  -5.6758606e+01
   7.4998515e+01  -5.6760409e+01
   7.4998529e+01  -5.6762211e+01
   7.4998543e+01  -5.6764012e+01
   7.4998556e+01  -5.6765813e+01
   7.4998568e+01  -5.6767614e+01
   7.4998580e+01  -5.6769415e+01
   7.4998592e+01  -5.6771215e+01
   7.4998603e+01  -5.6773015e+01
   7.4998614e+01  -5.6774815e+01
   7.4998624e+01  -5.6776614e+01
   7.4998634e+01  -5.6778413e+01
   7.4998643e+01  -5.6780211e+01
   7.4998651e+01  -5.6782008e+01
   7.4998658e+01  -5.6783805e+01
   7.4998664e+01  -5.6785600e+01
   7.4998669e+01  -5.6787395e+01
   7.4998673e+01  -5.6789190e+01
   7.4998676e+01  -5.6790983e+01
   7.4998678e+01  -5.6792776e+01
   7.4998679e+01  -5.6794567e+01
   7.4998679e+01  -5.6796358e+01
   7.4998677e+01  -5.6798148e+01
   7.4998674e+01  -5.6799937e+01
   7.4998670e+01  -5.6801725e+01
   7.4998665e+01  -5.6803511e+01
   7.4998658e+01  -5.6805297e+01
   7.4998651e+01  -5.6807082e+01
   7.4998642e+01  -5.6808867e+01
   7.4998633e+01  -5.6810650e+01
   7.4998623e+01  -5.6812433e+01
   7.4998611e+01  -5.6814215e+01
   7.4998599e+01  -5.6815996e+01
   7.4998586e+01  -5.6817777e+01
   7.4998573e+01  -5.6819557e+01
   7.4998559e+01  -5.6821337e+01
   7.4998545e+01  -5.6823117e+01
   7.4998530e+01  -5.6824896e+01
   7.4998514e+01  -5.6826674e+01
   7.4998498e+01  -5.6828453e+01
   7.4998481e+01  -5.6830230e+01
   7.4998464e+01  -5.6832008e+01
   7.4998446e+01  -5.6833785e+01
   7.4998428e+01  -5.6835561e+01
   7.4998408e+01  -5.6837336e+01
   7.4998388e+01  -5.6839112e+01
   7.4998368e+01  -5.6840886e+01
   7.4998346e+01  -5.6842660e+01
   7.4998324e+01  -5.6844434e+01
   7.4998302e+01  -5.6846207e+01
   7.4998279e+01  -5.6847979e+01
   7.4998255e+01  -5.6849752e+01
   7.4998231e+01  -5.6851523e+01
   7.4998205e+01  -5.6853294e+01
   7.4998179e+01  -5.6855064e+01
   7.4998153e+01  -5.6856834e+01
   7.4998125e+01  -5.6858603e+01
   7.4998097e+01  -5.6860371e+01
   7.4998068e+01  -5.6862139e+01
   7.4998038e+01  -5.6863906e+01
   7.4998007e+01  -5.6865673e+01
   7.4997976e+01  -5.6867439e+01
   7.4997944e+01  -5.6869204e+01
   7.4997911e+01  -5.6870969e+01
   7.4997878e+01  -5.6872733e+01
   7.4997843e+01  -5.6874497e+01
   7.4997808e+01  -5.6876260e+01
   7.4997772e+01  -5.6878022e+01
   7.4997735e+01  -5.6879784e+01
   7.4997698e+01  -5.6881545e+01
   7.4997660e+01  -5.6883305e+01
   7.4997621e+01  -5.6885065e+01
   7.4997581e+01  -5.6886824e+01
   7.4997541e+01  -5.6888583e+01
   7.4997501e+01  -5.6890342e+01
   7.4997459e+01  -5.6892100e+01
   7.4997418e+01  -5.6893857e+01
   7.4997375e+01  -5.6895615e+01
   7.4997333e+01  -5.6897371e+01
   7.4997289e+01  -5.6899127e+01
   7.4997245e+01  -5.6900883e+01
   7.4997201e+01  -5.6902639e+01
   7.4997156e+01  -5.6904393e+01
   7.4997110e+01  -5.6906148e+01
   7.4997063e+01  -5.6907901e+01
   7.4997015e+01  -5.6909654e+01
   7.4996967e+01  -5.6911406e+01
   7.4996918e+01  -5.6913158e+01
   7.4996868e+01  -5.6914909e+01
   7.4996818e+01  -5.6916660e+01
   7.4996767e+01  -5.6918409e+01
   7.4996715e+01  -5.6920159e+01
   7.4996661e+01  -5.6921906e+01
   7.4996604e+01  -5.6923651e+01
   7.4996544e+01  -5.6925394e+01
   7.4996481e+01  -5.6927135e+01
   7.4996416e+01  -5.6928873e+01
   7.4996348e+01  -5.6930609e+01
   7.4996278e+01  -5.6932343e+01
   7.4996204e+01  -5.6934075e+01
   7.4996128e+01  -5.6935805e+01
   7.4996050e+01  -5.6937532e+01
   7.4995966e+01  -5.6939256e+01
   7.4995879e+01  -5.6940976e+01
   7.4995786e+01  -5.6942692e+01
   7.4995689e+01  -5.6944404e+01
   7.4995587e+01  -5.6946113e+01
   7.4995480e+01  -5.6947817e+01
   7.4995369e+01  -5.6949518e+01
   7.4995254e+01  -5.6951215e+01
   7.4995133e+01  -5.6952909e+01
   7.4995009e+01  -5.6954598e+01
   7.4994877e+01  -5.6956283e+01
   7.4994739e+01  -5.6957961e+01
   7.4994594e+01  -5.6959634e+01
   7.4994442e+01  -5.6961302e+01
   7.4994284e+01  -5.6962964e+01
   7.4994119e+01  -5.6964620e+01
   7.4993947e+01  -5.6966271e+01
   7.4993768e+01  -5.6967916e+01
   7.4993582e+01  -5.6969556e+01
   7.4993389e+01  -5.6971189e+01
   7.4993186e+01  -5.6972815e+01
   7.4992974e+01  -5.6974433e+01
   7.4992751e+01  -5.6976042e+01
   7.4992518e+01  -5.6977643e+01
   7.4992275e+01  -5.6979235e+01
   7.4992021e+01  -5.6980819e+01
   7.4991757e+01  -5.6982393e+01
   7.4991481e+01  -5.6983959e+01
   7.4991194e+01  -5.6985515e+01
   7.4990895e+01  -5.6987061e+01
   7.4990579e+01  -5.6988594e+01
   7.4990246e+01  -5.6990112e+01
   7.4989896e+01  -5.6991616e+01
   7.4989527e+01  -5.6993105e+01
   7.4989140e+01  -5.6994579e+01
   7.4988733e+01  -5.6996037e+01
   7.4988307e+01  -5.6997479e+01
   7.4987861e+01  -5.6998904e+01
   7.4987393e+01  -5.7000311e+01
   7.4986903e+01  -5.7001700e+01
   7.4986387e+01  -5.7003068e+01
   7.4985850e+01  -5.7004394e+01
   7.4985318e+01  -5.7005618e+01
   7.4984792e+01  -5.7006750e+01
   7.4984270e+01  -5.7007801e+01
   7.4983751e+01  -5.7008781e+01
   7.4983237e+01  -5.7009695e+01
   7.4982726e+01  -5.7010550e+01
   7.4982217e+01  -5.7011352e+01
   7.4981711e+01  -5.7012116e+01
   7.4981206e+01  -5.7012854e+01
   7.4980703e+01  -5.7013567e+01
   7.4980201e+01  -5.7014245e+01
   7.4979701e+01  -5.7014885e+01
   7.4979204e+01  -5.7015486e+01
   7.4978709e+01  -5.7016050e+01
   7.4978216e+01  -5.7016577e+01
   7.4977724e+01  -5.7017066e+01
   7.4977235e+01  -5.7017519e+01
   7.4976748e+01  -5.7017941e+01
   7.4976262e+01  -5.7018338e+01
   7.4975777e+01  -5.7018711e+01
   7.4975293e+01  -5.7019063e+01
   7.4974811e+01  -5.7019394e+01
   7.4974330e+01  -5.7019706e+01
   7.4973849e+01  -5.7020000e+01
   7.4973370e+01  -5.7020276e+01
   7.4972891e+01  -5.7020537e+01
   7.4972413e+01  -5.7020783e+01
   7.4971935e+01  -5.7021035e+01
   7.4971456e+01  -5.7021316e+01
   7.4970974e+01  -5.7021626e+01
   7.4970492e+01  -5.7021965e+01
   7.4970007e+01  -5.7022335e+01
   7.4969520e+01  -5.7022744e+01
   7.4969031e+01  -5.7023199e+01
   7.4968539e+01  -5.7023702e+01
   7.4968044e+01  -5.7024252e+01
   7.4967547e+01  -5.7024851e+01
   7.4967047e+01  -5.7025497e+01
   7.4966545e+01  -5.7026189e+01
   7.4966040e+01  -5.7026924e+01
   7.4965533e+01  -5.7027703e+01
   7.4965023e+01  -5.7028525e+01
   7.4964511e+01  -5.7029387e+01
   7.4963997e+01  -5.7030290e+01
   7.4963481e+01  -5.7031231e+01
   7.4962963e+01  -5.7032209e+01
   7.4962443e+01  -5.7033221e+01
   7.4961921e+01  -5.7034253e+01
   7.4961398e+01  -5.7035315e+01
   7.4960874e+01  -5.7036411e+01
   7.4960347e+01  -5.7037537e+01
   7.4959819e+01  -5.7038687e+01
   7.4959290e+01  -5.7039856e+01
   7.4958760e+01  -5.7041041e+01
   7.4958230e+01  -5.7042234e+01
   7.4957700e+01  -5.7043431e+01
   7.4957169e+01  -5.7044626e+01
   7.4956639e+01  -5.7045814e+01
   7.4956110e+01  -5.7046991e+01
   7.4955581e+01  -5.7048166e+01
   7.4955051e+01  -5.7049345e+01
   7.4954521e+01  -5.7050527e+01
   7.4953991e+01  -5.7051714e+01
   7.4953461e+01  -5.7052906e+01
   7.4952931e+01  -5.7054101e+01
   7.4952400e+01  -5.7055300e+01
   7.4951869e+01  -5.7056504e+01
   7.4951338e+01  -5.7057706e+01
   7.4950807e+01  -5.7058901e+01
   7.4950277e+01  -5.7060087e+01
   7.4949748e+01  -5.7061270e+01
   7.4949218e+01  -5.7062454e+01
   7.4948688e+01  -5.7063640e+01
   7.4948157e+01  -5.7064827e+01
   7.4947627e+01  -5.7066016e+01
   7.4947097e+01  -5.7067208e+01
   7.4946566e+01  -5.7068401e+01
   7.4946036e+01  -5.7069596e+01
   7.4945505e+01  -5.7070789e+01
   7.4944975e+01  -5.7071979e+01
   7.4944445e+01  -5.7073165e+01
   7.4943915e+01  -5.7074350e+01
   7.4943385e+01  -5.7075534e+01
   7.4942854e+01  -5.7076719e+01
   7.4942324e+01  -5.7077905e+01
   7.4941794e+01  -5.7079092e+01
   7.4941264e+01  -5.7080282e+01
   7.4940733e+01  -5.7081473e+01
   7.4940203e+01  -5.7082660e+01
   7.4939673e+01  -5.7083841e+01
   7.4939143e+01  -5.7085015e+01
   7.4938614e+01  -5.7086180e+01
   7.4938086e+01  -5.7087331e+01
   7.4937558e+01  -5.7088466e+01
   7.4937032e+01  -5.7089585e+01
   7.4936506e+01  -5.7090689e+01
   7.4935981e+01  -5.7091778e+01
   7.4935457e+01  -5.7092847e+01
   7.4934935e+01  -5.7093889e+01
   7.4934414e+01  -5.7094906e+01
   7.4933894e+01  -5.7095902e+01
   7.4933376e+01  -5.7096878e+01
   7.4932858e+01  -5.7097836e+01
   7.4932341e+01  -5.7098779e+01
   7.4931826e+01  -5.7099705e+01
   7.4931311e+01  -5.7100610e+01
   7.4930797e+01  -5.7101495e+01
   7.4930284e+01  -5.7102364e+01
   7.4929772e+01  -5.7103220e+01
   7.4929261e+01  -5.7104063e+01
   7.4928751e+01  -5.7104894e+01
   7.4928241e+01  -5.7105713e+01
