   6.6526769e+01  -3.8707676e+01
   6.6526610e+01  -3.8706602e+01
   6.6526452e+01  -3.8705528e+01
   6.6526296e+01  -3.8704453e+01
   6.6526142e+01  -3.8703377e+01
   6.6525990e+01  -3.8702301e+01
   6.6525838e+01  -3.8701225e+01
   6.6525689e+01  -3.8700148e+01
   6.6525540e+01  -3.8699071e+01
   6.6525393e+01  -3.8697994e+01
   6.6525247e+01  -3.8696916e+01
   6.6525103e+01  -3.8695838e+01
   6.6524959e+01  -3.8694759e+01
   6.6524818e+01  -3.8693681e+01
   6.6524678e+01  -3.8692601e+01
   6.6524539e+01  -3.8691522e+01
   6.6524402e+01  -3.8690441e+01
   6.6524266e+01  -3.8689361e+01
   6.6524132e+01  -3.8688280e+01
   6.6524000e+01  -3.8687199e+01
   6.6523868e+01  -3.8686117e+01
   6.6523739e+01  -3.8685035e+01
   6.6523610e+01  -3.8683953e+01
   6.6523482e+01  -3.8682870e+01
   6.6523355e+01  -3.8681787e+01
   6.6523229e+01  -3.8680704e+01
   6.6523104e+01  -3.8679621e+01
   6.6522979e+01  -3.8678537e+01
   6.6522856e+01  -3.8677454e+01
   6.6522734e+01  -3.8676370e+01
   6.6522612e+01  -3.8675285e+01
   6.6522491e+01  -3.8674201e+01
   6.6522370e+01  -3.8673116e+01
   6.6522249e+01  -3.8672032e+01
   6.6522128e+01  -3.8670948e+01
   6.6522006e+01  -3.8669864e+01
   6.6521884e+01  -3.8668780e+01
   6.6521762e+01  -3.8667696e+01
   6.6521639e+01  -3.8666612e+01
   6.6521516e+01  -3.8665528e+01
   6.6521393e+01  -3.8664444e+01
   6.6521270e+01  -3.8663360e+01
   6.6521147e+01  -3.8662277e+01
   6.6521023e+01  -3.8661193e+01
   6.6520898e+01  -3.8660110e+01
   6.6520773e+01  -3.8659027e+01
   6.6520648e+01  -3.8657944e+01
   6.6520522e+01  -3.8656861e+01
   6.6520396e+01  -3.8655778e+01
   6.6520270e+01  -3.8654695e+01
   6.6520143e+01  -3.8653612e+01
   6.6520016e+01  -3.8652530e+01
   6.6519888e+01  -3.8651447e+01
   6.6519760e+01  -3.8650365e+01
   6.6519632e+01  -3.8649283e+01
   6.6519502e+01  -3.8648201e+01
   6.6519372e+01  -3.8647120e+01
   6.6519242e+01  -3.8646038e+01
   6.6519111e+01  -3.8644957e+01
   6.6518980e+01  -3.8643875e+01
   6.6518848e+01  -3.8642794e+01
   6.6518716e+01  -3.8641713e+01
   6.6518583e+01  -3.8640632e+01
   6.6518449e+01  -3.8639552e+01
   6.6518314e+01  -3.8638472e+01
   6.6518178e+01  -3.8637392e+01
   6.6518041e+01  -3.8636312e+01
   6.6517903e+01  -3.8635233e+01
   6.6517764e+01  -3.8634154e+01
   6.6517624e+01  -3.8633075e+01
   6.6517484e+01  -3.8631996e+01
   6.6517343e+01  -3.8630918e+01
   6.6517201e+01  -3.8629840e+01
   6.6517058e+01  -3.8628762e+01
   6.6516915e+01  -3.8627684e+01
   6.6516771e+01  -3.8626606e+01
   6.6516626e+01  -3.8625529e+01
   6.6516481e+01  -3.8624452e+01
   6.6516336e+01  -3.8623375e+01
   6.6516190e+01  -3.8622298e+01
   6.6516044e+01  -3.8621221e+01
   6.6515897e+01  -3.8620144e+01
   6.6515750e+01  -3.8619068e+01
   6.6515602e+01  -3.8617991e+01
   6.6515453e+01  -3.8616915e+01
   6.6515304e+01  -3.8615839e+01
   6.6515154e+01  -3.8614763e+01
   6.6515004e+01  -3.8613688e+01
   6.6514854e+01  -3.8612612e+01
   6.6514703e+01  -3.8611537e+01
   6.6514551e+01  -3.8610461e+01
   6.6514399e+01  -3.8609386e+01
   6.6514246e+01  -3.8608311e+01
   6.6514091e+01  -3.8607237e+01
   6.6513935e+01  -3.8606163e+01
   6.6513777e+01  -3.8605090e+01
   6.6513618e+01  -3.8604017e+01
   6.6513457e+01  -3.8602944e+01
   6.6513295e+01  -3.8601872e+01
   6.6513132e+01  -3.8600800e+01
   6.6512968e+01  -3.8599728e+01
   6.6512802e+01  -3.8598657e+01
   6.6512631e+01  -3.8597588e+01
   6.6512457e+01  -3.8596519e+01
   6.6512278e+01  -3.8595452e+01
   6.6512095e+01  -3.8594385e+01
   6.6511909e+01  -3.8593320e+01
   6.6511719e+01  -3.8592256e+01
   6.6511526e+01  -3.8591192e+01
   6.6511329e+01  -3.8590130e+01
   6.6511129e+01  -3.8589069e+01
   6.6510926e+01  -3.8588008e+01
   6.6510720e+01  -3.8586949e+01
   6.6510512e+01  -3.8585890e+01
   6.6510300e+01  -3.8584831e+01
   6.6510087e+01  -3.8583774e+01
   6.6509871e+01  -3.8582717e+01
   6.6509654e+01  -3.8581661e+01
   6.6509435e+01  -3.8580605e+01
   6.6509214e+01  -3.8579550e+01
   6.6508992e+01  -3.8578495e+01
   6.6508769e+01  -3.8577440e+01
   6.6508544e+01  -3.8576386e+01
   6.6508317e+01  -3.8575332e+01
   6.6508090e+01  -3.8574279e+01
   6.6507862e+01  -3.8573226e+01
   6.6507634e+01  -3.8572172e+01
   6.6507407e+01  -3.8571119e+01
   6.6507181e+01  -3.8570065e+01
   6.6506955e+01  -3.8569011e+01
   6.6506729e+01  -3.8567958e+01
   6.6506501e+01  -3.8566905e+01
   6.6506269e+01  -3.8565853e+01
   6.6506032e+01  -3.8564802e+01
   6.6505791e+01  -3.8563753e+01
   6.6505547e+01  -3.8562705e+01
   6.6505299e+01  -3.8561657e+01
   6.6505049e+01  -3.8560611e+01
   6.6504796e+01  -3.8559565e+01
   6.6504541e+01  -3.8558519e+01
   6.6504285e+01  -3.8557474e+01
   6.6504027e+01  -3.8556430e+01
   6.6503769e+01  -3.8555385e+01
   6.6503512e+01  -3.8554341e+01
   6.6503257e+01  -3.8553296e+01
   6.6503004e+01  -3.8552250e+01
   6.6502756e+01  -3.8551203e+01
   6.6502512e+01  -3.8550155e+01
   6.6502273e+01  -3.8549105e+01
   6.6502042e+01  -3.8548053e+01
   6.6501817e+01  -3.8546999e+01
   6.6501601e+01  -3.8545943e+01
   6.6501367e+01  -3.8544892e+01
   6.6501116e+01  -3.8543846e+01
   6.6500848e+01  -3.8542805e+01
   6.6500566e+01  -3.8541768e+01
   6.6500272e+01  -3.8540734e+01
   6.6499967e+01  -3.8539703e+01
   6.6499653e+01  -3.8538675e+01
   6.6499332e+01  -3.8537649e+01
   6.6499005e+01  -3.8536624e+01
   6.6498675e+01  -3.8535601e+01
   6.6498341e+01  -3.8534578e+01
   6.6498004e+01  -3.8533557e+01
   6.6497662e+01  -3.8532537e+01
   6.6497315e+01  -3.8531518e+01
   6.6496962e+01  -3.8530501e+01
   6.6496602e+01  -3.8529486e+01
   6.6496235e+01  -3.8528474e+01
   6.6495863e+01  -3.8527462e+01
   6.6495489e+01  -3.8526452e+01
   6.6495114e+01  -3.8525441e+01
   6.6494742e+01  -3.8524430e+01
   6.6494372e+01  -3.8523418e+01
   6.6494001e+01  -3.8522406e+01
   6.6493629e+01  -3.8521395e+01
   6.6493254e+01  -3.8520385e+01
   6.6492876e+01  -3.8519376e+01
   6.6492493e+01  -3.8518368e+01
   6.6492103e+01  -3.8517362e+01
   6.6491706e+01  -3.8516358e+01
   6.6491301e+01  -3.8515356e+01
   6.6490896e+01  -3.8514355e+01
   6.6490495e+01  -3.8513352e+01
   6.6490095e+01  -3.8512349e+01
   6.6489696e+01  -3.8511346e+01
   6.6489297e+01  -3.8510343e+01
   6.6488896e+01  -3.8509340e+01
   6.6488493e+01  -3.8508338e+01
   6.6488087e+01  -3.8507337e+01
   6.6487676e+01  -3.8506338e+01
   6.6487259e+01  -3.8505340e+01
   6.6486843e+01  -3.8504342e+01
   6.6486426e+01  -3.8503344e+01
   6.6486009e+01  -3.8502346e+01
   6.6485593e+01  -3.8501348e+01
   6.6485177e+01  -3.8500350e+01
   6.6484761e+01  -3.8499352e+01
   6.6484345e+01  -3.8498354e+01
   6.6483926e+01  -3.8497357e+01
   6.6483505e+01  -3.8496361e+01
   6.6483081e+01  -3.8495365e+01
   6.6482655e+01  -3.8494370e+01
   6.6482229e+01  -3.8493376e+01
   6.6481801e+01  -3.8492381e+01
   6.6481372e+01  -3.8491387e+01
   6.6480941e+01  -3.8490394e+01
   6.6480505e+01  -3.8489402e+01
   6.6480066e+01  -3.8488411e+01
   6.6479621e+01  -3.8487422e+01
   6.6479173e+01  -3.8486434e+01
   6.6478719e+01  -3.8485447e+01
   6.6478257e+01  -3.8484463e+01
   6.6477787e+01  -3.8483481e+01
   6.6477308e+01  -3.8482502e+01
   6.6476819e+01  -3.8481525e+01
   6.6476330e+01  -3.8480569e+01
   6.6475841e+01  -3.8479636e+01
   6.6475354e+01  -3.8478723e+01
   6.6474867e+01  -3.8477831e+01
   6.6474381e+01  -3.8476961e+01
   6.6473896e+01  -3.8476113e+01
   6.6473413e+01  -3.8475288e+01
   6.6472930e+01  -3.8474483e+01
   6.6472448e+01  -3.8473698e+01
   6.6471967e+01  -3.8472934e+01
   6.6471487e+01  -3.8472188e+01
   6.6471007e+01  -3.8471456e+01
   6.6470528e+01  -3.8470727e+01
   6.6470049e+01  -3.8470001e+01
   6.6469570e+01  -3.8469280e+01
   6.6469091e+01  -3.8468562e+01
   6.6468612e+01  -3.8467849e+01
   6.6468134e+01  -3.8467140e+01
   6.6467656e+01  -3.8466436e+01
   6.6467178e+01  -3.8465739e+01
   6.6466700e+01  -3.8465049e+01
   6.6466223e+01  -3.8464366e+01
   6.6465746e+01  -3.8463689e+01
   6.6465269e+01  -3.8463015e+01
   6.6464793e+01  -3.8462345e+01
   6.6464316e+01  -3.8461678e+01
   6.6463839e+01  -3.8461012e+01
   6.6463363e+01  -3.8460348e+01
   6.6462887e+01  -3.8459685e+01
   6.6462410e+01  -3.8459021e+01
   6.6461934e+01  -3.8458356e+01
   6.6461457e+01  -3.8457690e+01
   6.6460981e+01  -3.8457027e+01
   6.6460505e+01  -3.8456371e+01
   6.6460029e+01  -3.8455719e+01
   6.6459553e+01  -3.8455072e+01
   6.6459078e+01  -3.8454427e+01
   6.6458602e+01  -3.8453785e+01
   6.6458127e+01  -3.8453144e+01
   6.6457651e+01  -3.8452503e+01
   6.6457176e+01  -3.8451861e+01
   6.6456701e+01  -3.8451219e+01
   6.6456225e+01  -3.8450582e+01
   6.6455750e+01  -3.8449949e+01
   6.6455275e+01  -3.8449320e+01
   6.6454801e+01  -3.8448695e+01
   6.6454326e+01  -3.8448073e+01
   6.6453852e+01  -3.8447456e+01
   6.6453378e+01  -3.8446841e+01
   6.6452903e+01  -3.8446230e+01
   6.6452429e+01  -3.8445620e+01
   6.6451956e+01  -3.8445014e+01
   6.6451482e+01  -3.8444415e+01
   6.6451009e+01  -3.8443825e+01
   6.6450536e+01  -3.8443244e+01
   6.6450064e+01  -3.8442673e+01
   6.6449592e+01  -3.8442112e+01
   6.6449121e+01  -3.8441561e+01
   6.6448650e+01  -3.8441021e+01
   6.6448180e+01  -3.8440493e+01
   6.6447710e+01  -3.8439975e+01
   6.6447241e+01  -3.8439469e+01
   6.6446772e+01  -3.8438978e+01
   6.6446304e+01  -3.8438500e+01
   6.6445837e+01  -3.8438033e+01
   6.6445370e+01  -3.8437577e+01
   6.6444903e+01  -3.8437131e+01
   6.6444437e+01  -3.8436694e+01
   6.6443972e+01  -3.8436266e+01
   6.6443506e+01  -3.8435845e+01
   6.6443041e+01  -3.8435431e+01
   6.6442576e+01  -3.8435023e+01
   6.6442112e+01  -3.8434616e+01
   6.6441647e+01  -3.8434211e+01
   6.6441182e+01  -3.8433808e+01
   6.6440718e+01  -3.8433407e+01
   6.6440254e+01  -3.8433008e+01
   6.6439789e+01  -3.8432611e+01
   6.6439325e+01  -3.8432216e+01
   6.6438861e+01  -3.8431824e+01
   6.6438397e+01  -3.8431434e+01
   6.6437934e+01  -3.8431050e+01
   6.6437471e+01  -3.8430682e+01
   6.6437009e+01  -3.8430332e+01
   6.6436547e+01  -3.8430000e+01
   6.6436087e+01  -3.8429682e+01
   6.6435627e+01  -3.8429379e+01
   6.6435167e+01  -3.8429089e+01
   6.6434709e+01  -3.8428810e+01
   6.6434250e+01  -3.8428542e+01
   6.6433792e+01  -3.8428284e+01
   6.6433335e+01  -3.8428036e+01
   6.6432878e+01  -3.8427804e+01
   6.6432422e+01  -3.8427586e+01
   6.6431967e+01  -3.8427383e+01
   6.6431512e+01  -3.8427194e+01
   6.6431058e+01  -3.8427019e+01
   6.6430605e+01  -3.8426859e+01
   6.6430152e+01  -3.8426712e+01
   6.6429700e+01  -3.8426579e+01
   6.6429249e+01  -3.8426460e+01
   6.6428798e+01  -3.8426351e+01
   6.6428347e+01  -3.8426245e+01
   6.6427896e+01  -3.8426142e+01
   6.6427445e+01  -3.8426041e+01
   6.6426995e+01  -3.8425942e+01
   6.6426544e+01  -3.8425845e+01
   6.6426094e+01  -3.8425750e+01
   6.6425644e+01  -3.8425655e+01
   6.6425193e+01  -3.8425562e+01
   6.6424743e+01  -3.8425469e+01
   6.6424293e+01  -3.8425374e+01
   6.6423842e+01  -3.8425265e+01
   6.6423390e+01  -3.8425144e+01
   6.6422938e+01  -3.8425009e+01
   6.6422485e+01  -3.8424861e+01
   6.6422032e+01  -3.8424699e+01
   6.6421578e+01  -3.8424524e+01
   6.6421123e+01  -3.8424332e+01
   6.6420667e+01  -3.8424125e+01
   6.6420211e+01  -3.8423902e+01
   6.6419754e+01  -3.8423666e+01
   6.6419297e+01  -3.8423423e+01
   6.6418840e+01  -3.8423172e+01
   6.6418382e+01  -3.8422915e+01
   6.6417924e+01  -3.8422651e+01
   6.6417465e+01  -3.8422380e+01
   6.6417007e+01  -3.8422103e+01
   6.6416547e+01  -3.8421820e+01
   6.6416088e+01  -3.8421531e+01
   6.6415629e+01  -3.8421236e+01
   6.6415169e+01  -3.8420940e+01
   6.6414710e+01  -3.8420648e+01
   6.6414250e+01  -3.8420363e+01
   6.6413792e+01  -3.8420083e+01
   6.6413333e+01  -3.8419809e+01
   6.6412875e+01  -3.8419541e+01
   6.6412417e+01  -3.8419279e+01
   6.6411959e+01  -3.8419024e+01
   6.6411501e+01  -3.8418774e+01
   6.6411044e+01  -3.8418532e+01
   6.6410587e+01  -3.8418296e+01
   6.6410131e+01  -3.8418068e+01
   6.6409675e+01  -3.8417847e+01
   6.6409219e+01  -3.8417633e+01
   6.6408763e+01  -3.8417427e+01
   6.6408308e+01  -3.8417227e+01
   6.6407853e+01  -3.8417028e+01
   6.6407398e+01  -3.8416830e+01
   6.6406943e+01  -3.8416633e+01
   6.6406488e+01  -3.8416437e+01
   6.6406033e+01  -3.8416239e+01
   6.6405578e+01  -3.8416038e+01
   6.6405122e+01  -3.8415833e+01
   6.6404667e+01  -3.8415625e+01
   6.6404211e+01  -3.8415416e+01
   6.6403755e+01  -3.8415207e+01
   6.6403300e+01  -3.8414998e+01
   6.6402844e+01  -3.8414791e+01
   6.6402389e+01  -3.8414587e+01
   6.6401934e+01  -3.8414387e+01
   6.6401479e+01  -3.8414188e+01
   6.6401023e+01  -3.8413986e+01
   6.6400568e+01  -3.8413780e+01
   6.6400112e+01  -3.8413568e+01
   6.6399656e+01  -3.8413350e+01
   6.6399200e+01  -3.8413124e+01
   6.6398743e+01  -3.8412891e+01
   6.6398286e+01  -3.8412650e+01
   6.6397828e+01  -3.8412398e+01
   6.6397370e+01  -3.8412137e+01
   6.6396912e+01  -3.8411862e+01
   6.6396452e+01  -3.8411567e+01
   6.6395991e+01  -3.8411250e+01
   6.6395530e+01  -3.8410911e+01
   6.6395067e+01  -3.8410547e+01
   6.6394603e+01  -3.8410156e+01
   6.6394137e+01  -3.8409730e+01
   6.6393669e+01  -3.8409255e+01
   6.6393199e+01  -3.8408731e+01
   6.6392727e+01  -3.8408154e+01
   6.6392252e+01  -3.8407531e+01
   6.6391776e+01  -3.8406882e+01
   6.6391298e+01  -3.8406204e+01
   6.6390820e+01  -3.8405495e+01
   6.6390339e+01  -3.8404752e+01
   6.6389857e+01  -3.8403973e+01
   6.6389373e+01  -3.8403156e+01
   6.6388888e+01  -3.8402299e+01
   6.6388400e+01  -3.8401400e+01
   6.6387910e+01  -3.8400457e+01
   6.6387423e+01  -3.8399486e+01
   6.6386945e+01  -3.8398512e+01
   6.6386476e+01  -3.8397535e+01
   6.6386018e+01  -3.8396555e+01
   6.6385570e+01  -3.8395573e+01
   6.6385132e+01  -3.8394587e+01
   6.6384705e+01  -3.8393599e+01
   6.6384287e+01  -3.8392607e+01
   6.6383879e+01  -3.8391613e+01
   6.6383480e+01  -3.8390617e+01
   6.6383088e+01  -3.8389618e+01
   6.6382702e+01  -3.8388617e+01
   6.6382325e+01  -3.8387615e+01
   6.6381954e+01  -3.8386610e+01
   6.6381591e+01  -3.8385603e+01
   6.6381234e+01  -3.8384594e+01
   6.6380883e+01  -3.8383584e+01
   6.6380538e+01  -3.8382572e+01
   6.6380199e+01  -3.8381559e+01
   6.6379864e+01  -3.8380544e+01
   6.6379534e+01  -3.8379527e+01
   6.6379209e+01  -3.8378510e+01
   6.6378887e+01  -3.8377491e+01
   6.6378570e+01  -3.8376471e+01
   6.6378257e+01  -3.8375450e+01
   6.6377947e+01  -3.8374428e+01
   6.6377640e+01  -3.8373405e+01
   6.6377333e+01  -3.8372383e+01
   6.6377025e+01  -3.8371360e+01
   6.6376717e+01  -3.8370338e+01
   6.6376412e+01  -3.8369315e+01
   6.6376113e+01  -3.8368290e+01
   6.6375820e+01  -3.8367263e+01
   6.6375535e+01  -3.8366234e+01
   6.6375259e+01  -3.8365202e+01
   6.6374991e+01  -3.8364169e+01
   6.6374733e+01  -3.8363132e+01
   6.6374483e+01  -3.8362093e+01
   6.6374243e+01  -3.8361051e+01
   6.6374011e+01  -3.8360007e+01
   6.6373786e+01  -3.8358961e+01
   6.6373565e+01  -3.8357913e+01
   6.6373349e+01  -3.8356864e+01
   6.6373137e+01  -3.8355814e+01
   6.6372929e+01  -3.8354763e+01
   6.6372724e+01  -3.8353711e+01
   6.6372524e+01  -3.8352658e+01
   6.6372327e+01  -3.8351604e+01
   6.6372133e+01  -3.8350549e+01
   6.6371942e+01  -3.8349493e+01
   6.6371753e+01  -3.8348436e+01
   6.6371567e+01  -3.8347379e+01
   6.6371384e+01  -3.8346321e+01
   6.6371203e+01  -3.8345262e+01
   6.6371024e+01  -3.8344202e+01
   6.6370847e+01  -3.8343142e+01
   6.6370673e+01  -3.8342082e+01
   6.6370501e+01  -3.8341020e+01
   6.6370332e+01  -3.8339958e+01
   6.6370164e+01  -3.8338896e+01
   6.6369999e+01  -3.8337832e+01
   6.6369836e+01  -3.8336768e+01
   6.6369676e+01  -3.8335704e+01
   6.6369518e+01  -3.8334638e+01
   6.6369362e+01  -3.8333572e+01
   6.6369209e+01  -3.8332506e+01
   6.6369058e+01  -3.8331438e+01
   6.6368910e+01  -3.8330370e+01
   6.6368764e+01  -3.8329301e+01
   6.6368620e+01  -3.8328232e+01
   6.6368479e+01  -3.8327162e+01
   6.6368340e+01  -3.8326091e+01
   6.6368203e+01  -3.8325019e+01
   6.6368069e+01  -3.8323947e+01
   6.6367937e+01  -3.8322875e+01
   6.6367807e+01  -3.8321801e+01
   6.6367680e+01  -3.8320727e+01
   6.6367555e+01  -3.8319652e+01
   6.6367433e+01  -3.8318576e+01
   6.6367313e+01  -3.8317500e+01
   6.6367195e+01  -3.8316423e+01
   6.6367079e+01  -3.8315346e+01
   6.6366965e+01  -3.8314268e+01
   6.6366853e+01  -3.8313189e+01
   6.6366742e+01  -3.8312110e+01
   6.6366634e+01  -3.8311031e+01
   6.6366527e+01  -3.8309951e+01
   6.6366422e+01  -3.8308870e+01
   6.6366319e+01  -3.8307789e+01
   6.6366218e+01  -3.8306707e+01
   6.6366119e+01  -3.8305625e+01
   6.6366021e+01  -3.8304542e+01
   6.6365925e+01  -3.8303459e+01
   6.6365830e+01  -3.8302376e+01
   6.6365737e+01  -3.8301292e+01
   6.6365645e+01  -3.8300207e+01
   6.6365555e+01  -3.8299122e+01
   6.6365466e+01  -3.8298037e+01
   6.6365379e+01  -3.8296951e+01
   6.6365293e+01  -3.8295865e+01
   6.6365210e+01  -3.8294779e+01
   6.6365127e+01  -3.8293691e+01
   6.6365047e+01  -3.8292604e+01
   6.6364968e+01  -3.8291516e+01
   6.6364891e+01  -3.8290427e+01
   6.6364816e+01  -3.8289338e+01
   6.6364742e+01  -3.8288248e+01
   6.6364671e+01  -3.8287158e+01
   6.6364601e+01  -3.8286067e+01
   6.6364533e+01  -3.8284976e+01
   6.6364466e+01  -3.8283884e+01
   6.6364402e+01  -3.8282792e+01
   6.6364339e+01  -3.8281699e+01
   6.6364277e+01  -3.8280606e+01
   6.6364217e+01  -3.8279512e+01
   6.6364159e+01  -3.8278418e+01
   6.6364103e+01  -3.8277323e+01
   6.6364048e+01  -3.8276228e+01
   6.6363995e+01  -3.8275133e+01
   6.6363943e+01  -3.8274036e+01
   6.6363893e+01  -3.8272940e+01
   6.6363844e+01  -3.8271843e+01
   6.6363796e+01  -3.8270746e+01
   6.6363750e+01  -3.8269648e+01
   6.6363704e+01  -3.8268551e+01
   6.6363660e+01  -3.8267452e+01
   6.6363617e+01  -3.8266354e+01
   6.6363575e+01  -3.8265255e+01
   6.6363534e+01  -3.8264156e+01
   6.6363495e+01  -3.8263056e+01
   6.6363456e+01  -3.8261956e+01
   6.6363417e+01  -3.8260856e+01
   6.6363380e+01  -3.8259756e+01
   6.6363342e+01  -3.8258656e+01
   6.6363306e+01  -3.8257556e+01
   6.6363270e+01  -3.8256455e+01
   6.6363234e+01  -3.8255354e+01
   6.6363199e+01  -3.8254253e+01
   6.6363165e+01  -3.8253152e+01
   6.6363132e+01  -3.8252051e+01
   6.6363098e+01  -3.8250949e+01
   6.6363064e+01  -3.8249848e+01
   6.6363031e+01  -3.8248747e+01
   6.6362997e+01  -3.8247645e+01
   6.6362963e+01  -3.8246544e+01
   6.6362929e+01  -3.8245443e+01
   6.6362895e+01  -3.8244342e+01
   6.6362861e+01  -3.8243241e+01
   6.6362826e+01  -3.8242140e+01
   6.6362792e+01  -3.8241038e+01
   6.6362757e+01  -3.8239938e+01
   6.6362722e+01  -3.8238837e+01
   6.6362686e+01  -3.8237736e+01
   6.6362649e+01  -3.8236636e+01
   6.6362612e+01  -3.8235535e+01
   6.6362574e+01  -3.8234435e+01
   6.6362535e+01  -3.8233336e+01
   6.6362496e+01  -3.8232236e+01
   6.6362457e+01  -3.8231136e+01
   6.6362417e+01  -3.8230037e+01
   6.6362376e+01  -3.8228938e+01
   6.6362334e+01  -3.8227839e+01
   6.6362291e+01  -3.8226740e+01
   6.6362248e+01  -3.8225642e+01
   6.6362204e+01  -3.8224544e+01
   6.6362159e+01  -3.8223446e+01
   6.6362113e+01  -3.8222348e+01
   6.6362066e+01  -3.8221250e+01
   6.6362019e+01  -3.8220153e+01
   6.6361971e+01  -3.8219056e+01
   6.6361922e+01  -3.8217959e+01
   6.6361872e+01  -3.8216863e+01
   6.6361820e+01  -3.8215767e+01
   6.6361767e+01  -3.8214671e+01
   6.6361714e+01  -3.8213576e+01
   6.6361659e+01  -3.8212481e+01
   6.6361602e+01  -3.8211387e+01
   6.6361545e+01  -3.8210292e+01
   6.6361487e+01  -3.8209198e+01
   6.6361427e+01  -3.8208105e+01
   6.6361367e+01  -3.8207012e+01
   6.6361305e+01  -3.8205919e+01
   6.6361242e+01  -3.8204826e+01
   6.6361178e+01  -3.8203734e+01
   6.6361113e+01  -3.8202642e+01
   6.6361047e+01  -3.8201550e+01
   6.6360980e+01  -3.8200459e+01
   6.6360911e+01  -3.8199368e+01
   6.6360842e+01  -3.8198277e+01
   6.6360772e+01  -3.8197187e+01
   6.6360700e+01  -3.8196097e+01
   6.6360627e+01  -3.8195007e+01
   6.6360553e+01  -3.8193918e+01
   6.6360477e+01  -3.8192830e+01
   6.6360399e+01  -3.8191741e+01
   6.6360320e+01  -3.8190654e+01
   6.6360240e+01  -3.8189566e+01
   6.6360158e+01  -3.8188479e+01
   6.6360075e+01  -3.8187393e+01
   6.6359990e+01  -3.8186307e+01
   6.6359904e+01  -3.8185221e+01
   6.6359818e+01  -3.8184136e+01
   6.6359731e+01  -3.8183050e+01
   6.6359643e+01  -3.8181965e+01
