   7.9754871e+01  -6.3035994e+01
   7.9755074e+01  -6.3039072e+01
   7.9755275e+01  -6.3042149e+01
   7.9755476e+01  -6.3045224e+01
   7.9755675e+01  -6.3048297e+01
   7.9755873e+01  -6.3051368e+01
   7.9756070e+01  -6.3054437e+01
   7.9756265e+01  -6.3057504e+01
   7.9756459e+01  -6.3060568e+01
   7.9756651e+01  -6.3063628e+01
   7.9756842e+01  -6.3066686e+01
   7.9757030e+01  -6.3069740e+01
   7.9757218e+01  -6.3072795e+01
   7.9757407e+01  -6.3075849e+01
   7.9757595e+01  -6.3078905e+01
   7.9757787e+01  -6.3081965e+01
   7.9757980e+01  -6.3085030e+01
   7.9758177e+01  -6.3088100e+01
   7.9758376e+01  -6.3091176e+01
   7.9758578e+01  -6.3094257e+01
   7.9758784e+01  -6.3097344e+01
   7.9758993e+01  -6.3100438e+01
   7.9759206e+01  -6.3103540e+01
   7.9759424e+01  -6.3106650e+01
   7.9759646e+01  -6.3109768e+01
   7.9759872e+01  -6.3112895e+01
   7.9760103e+01  -6.3116030e+01
   7.9760339e+01  -6.3119174e+01
   7.9760579e+01  -6.3122327e+01
   7.9760823e+01  -6.3125487e+01
   7.9761072e+01  -6.3128656e+01
   7.9761325e+01  -6.3131833e+01
   7.9761581e+01  -6.3135015e+01
   7.9761840e+01  -6.3138203e+01
   7.9762102e+01  -6.3141398e+01
   7.9762368e+01  -6.3144600e+01
   7.9762638e+01  -6.3147809e+01
   7.9762911e+01  -6.3151025e+01
   7.9763188e+01  -6.3154247e+01
   7.9763468e+01  -6.3157475e+01
   7.9763750e+01  -6.3160707e+01
   7.9764034e+01  -6.3163944e+01
   7.9764319e+01  -6.3167182e+01
   7.9764605e+01  -6.3170422e+01
   7.9764892e+01  -6.3173664e+01
   7.9765179e+01  -6.3176908e+01
   7.9765469e+01  -6.3180155e+01
   7.9765759e+01  -6.3183405e+01
   7.9766050e+01  -6.3186656e+01
   7.9766342e+01  -6.3189910e+01
   7.9766635e+01  -6.3193160e+01
   7.9766927e+01  -6.3196408e+01
   7.9767219e+01  -6.3199661e+01
   7.9767508e+01  -6.3202911e+01
   7.9767796e+01  -6.3206158e+01
   7.9768083e+01  -6.3209401e+01
   7.9768367e+01  -6.3212642e+01
   7.9768649e+01  -6.3215879e+01
   7.9768930e+01  -6.3219113e+01
   7.9769208e+01  -6.3222343e+01
   7.9769484e+01  -6.3225570e+01
   7.9769759e+01  -6.3228793e+01
   7.9770031e+01  -6.3232013e+01
   7.9770301e+01  -6.3235229e+01
   7.9770570e+01  -6.3238442e+01
   7.9770837e+01  -6.3241652e+01
   7.9771102e+01  -6.3244859e+01
   7.9771366e+01  -6.3248064e+01
   7.9771628e+01  -6.3251267e+01
   7.9771888e+01  -6.3254466e+01
   7.9772147e+01  -6.3257661e+01
   7.9772402e+01  -6.3260852e+01
   7.9772656e+01  -6.3264039e+01
   7.9772907e+01  -6.3267222e+01
   7.9773156e+01  -6.3270402e+01
   7.9773404e+01  -6.3273579e+01
   7.9773650e+01  -6.3276753e+01
   7.9773896e+01  -6.3279926e+01
   7.9774140e+01  -6.3283098e+01
   7.9774385e+01  -6.3286269e+01
   7.9774626e+01  -6.3289436e+01
   7.9774866e+01  -6.3292599e+01
   7.9775103e+01  -6.3295757e+01
   7.9775338e+01  -6.3298913e+01
   7.9775572e+01  -6.3302065e+01
   7.9775803e+01  -6.3305214e+01
   7.9776034e+01  -6.3308361e+01
   7.9776263e+01  -6.3311506e+01
   7.9776491e+01  -6.3314648e+01
   7.9776718e+01  -6.3317789e+01
   7.9776944e+01  -6.3320929e+01
   7.9777169e+01  -6.3324068e+01
   7.9777393e+01  -6.3327204e+01
   7.9777616e+01  -6.3330338e+01
   7.9777837e+01  -6.3333469e+01
   7.9778057e+01  -6.3336599e+01
   7.9778276e+01  -6.3339727e+01
   7.9778495e+01  -6.3342853e+01
   7.9778712e+01  -6.3345977e+01
   7.9778928e+01  -6.3349101e+01
   7.9779144e+01  -6.3352223e+01
   7.9779359e+01  -6.3355343e+01
   7.9779571e+01  -6.3358460e+01
   7.9779781e+01  -6.3361572e+01
   7.9779987e+01  -6.3364677e+01
   7.9780190e+01  -6.3367776e+01
   7.9780389e+01  -6.3370869e+01
   7.9780586e+01  -6.3373956e+01
   7.9780779e+01  -6.3377038e+01
   7.9780969e+01  -6.3380113e+01
   7.9781155e+01  -6.3383182e+01
   7.9781339e+01  -6.3386246e+01
   7.9781518e+01  -6.3389303e+01
   7.9781694e+01  -6.3392352e+01
   7.9781866e+01  -6.3395396e+01
   7.9782035e+01  -6.3398434e+01
   7.9782202e+01  -6.3401466e+01
   7.9782365e+01  -6.3404493e+01
   7.9782525e+01  -6.3407515e+01
   7.9782683e+01  -6.3410532e+01
   7.9782838e+01  -6.3413544e+01
   7.9782992e+01  -6.3416553e+01
   7.9783146e+01  -6.3419565e+01
   7.9783303e+01  -6.3422580e+01
   7.9783461e+01  -6.3425598e+01
   7.9783621e+01  -6.3428620e+01
   7.9783783e+01  -6.3431646e+01
   7.9783947e+01  -6.3434676e+01
   7.9784114e+01  -6.3437711e+01
   7.9784283e+01  -6.3440751e+01
   7.9784455e+01  -6.3443796e+01
   7.9784627e+01  -6.3446841e+01
   7.9784796e+01  -6.3449881e+01
   7.9784962e+01  -6.3452916e+01
   7.9785125e+01  -6.3455946e+01
   7.9785286e+01  -6.3458971e+01
   7.9785445e+01  -6.3461992e+01
   7.9785601e+01  -6.3465008e+01
   7.9785755e+01  -6.3468021e+01
   7.9785907e+01  -6.3471031e+01
   7.9786058e+01  -6.3474037e+01
   7.9786207e+01  -6.3477040e+01
   7.9786354e+01  -6.3480042e+01
   7.9786501e+01  -6.3483042e+01
   7.9786648e+01  -6.3486041e+01
   7.9786793e+01  -6.3489038e+01
   7.9786937e+01  -6.3492034e+01
   7.9787081e+01  -6.3495029e+01
   7.9787225e+01  -6.3498023e+01
   7.9787369e+01  -6.3501018e+01
   7.9787513e+01  -6.3504014e+01
   7.9787658e+01  -6.3507011e+01
   7.9787803e+01  -6.3510009e+01
   7.9787948e+01  -6.3513007e+01
   7.9788093e+01  -6.3516005e+01
   7.9788238e+01  -6.3519002e+01
   7.9788382e+01  -6.3521999e+01
   7.9788525e+01  -6.3524994e+01
   7.9788668e+01  -6.3527989e+01
   7.9788810e+01  -6.3530982e+01
   7.9788952e+01  -6.3533974e+01
   7.9789094e+01  -6.3536968e+01
   7.9789233e+01  -6.3539956e+01
   7.9789370e+01  -6.3542938e+01
   7.9789503e+01  -6.3545915e+01
   7.9789633e+01  -6.3548887e+01
   7.9789760e+01  -6.3551852e+01
   7.9789884e+01  -6.3554811e+01
   7.9790004e+01  -6.3557764e+01
   7.9790120e+01  -6.3560710e+01
   7.9790233e+01  -6.3563649e+01
   7.9790342e+01  -6.3566581e+01
   7.9790451e+01  -6.3569513e+01
   7.9790560e+01  -6.3572445e+01
   7.9790669e+01  -6.3575378e+01
   7.9790779e+01  -6.3578312e+01
   7.9790889e+01  -6.3581246e+01
   7.9790998e+01  -6.3584178e+01
   7.9791105e+01  -6.3587109e+01
   7.9791211e+01  -6.3590035e+01
   7.9791314e+01  -6.3592957e+01
   7.9791415e+01  -6.3595874e+01
   7.9791511e+01  -6.3598783e+01
   7.9791603e+01  -6.3601685e+01
   7.9791691e+01  -6.3604578e+01
   7.9791776e+01  -6.3607465e+01
   7.9791856e+01  -6.3610344e+01
   7.9791933e+01  -6.3613217e+01
   7.9792005e+01  -6.3616082e+01
   7.9792074e+01  -6.3618940e+01
   7.9792140e+01  -6.3621791e+01
   7.9792201e+01  -6.3624635e+01
   7.9792261e+01  -6.3627475e+01
   7.9792319e+01  -6.3630312e+01
   7.9792375e+01  -6.3633147e+01
   7.9792432e+01  -6.3635981e+01
   7.9792487e+01  -6.3638813e+01
   7.9792540e+01  -6.3641642e+01
   7.9792591e+01  -6.3644467e+01
   7.9792639e+01  -6.3647286e+01
   7.9792684e+01  -6.3650098e+01
   7.9792724e+01  -6.3652903e+01
   7.9792762e+01  -6.3655702e+01
   7.9792797e+01  -6.3658495e+01
   7.9792828e+01  -6.3661283e+01
   7.9792857e+01  -6.3664066e+01
   7.9792883e+01  -6.3666843e+01
   7.9792906e+01  -6.3669615e+01
   7.9792926e+01  -6.3672382e+01
   7.9792944e+01  -6.3675143e+01
   7.9792958e+01  -6.3677898e+01
   7.9792970e+01  -6.3680649e+01
   7.9792981e+01  -6.3683398e+01
   7.9792992e+01  -6.3686146e+01
   7.9793002e+01  -6.3688895e+01
   7.9793013e+01  -6.3691644e+01
   7.9793025e+01  -6.3694395e+01
   7.9793038e+01  -6.3697147e+01
   7.9793051e+01  -6.3699902e+01
   7.9793067e+01  -6.3702660e+01
   7.9793085e+01  -6.3705423e+01
   7.9793105e+01  -6.3708191e+01
   7.9793127e+01  -6.3710960e+01
   7.9793149e+01  -6.3713730e+01
   7.9793171e+01  -6.3716503e+01
   7.9793195e+01  -6.3719276e+01
   7.9793219e+01  -6.3722051e+01
   7.9793244e+01  -6.3724827e+01
   7.9793269e+01  -6.3727604e+01
   7.9793294e+01  -6.3730381e+01
   7.9793320e+01  -6.3733160e+01
   7.9793346e+01  -6.3735938e+01
   7.9793374e+01  -6.3738722e+01
   7.9793405e+01  -6.3741510e+01
   7.9793439e+01  -6.3744303e+01
   7.9793474e+01  -6.3747101e+01
   7.9793512e+01  -6.3749902e+01
   7.9793552e+01  -6.3752708e+01
   7.9793594e+01  -6.3755518e+01
   7.9793637e+01  -6.3758331e+01
   7.9793682e+01  -6.3761147e+01
   7.9793729e+01  -6.3763966e+01
   7.9793769e+01  -6.3766773e+01
   7.9793803e+01  -6.3769567e+01
   7.9793830e+01  -6.3772348e+01
   7.9793851e+01  -6.3775118e+01
   7.9793865e+01  -6.3777876e+01
   7.9793874e+01  -6.3780622e+01
   7.9793877e+01  -6.3783358e+01
   7.9793875e+01  -6.3786084e+01
   7.9793868e+01  -6.3788800e+01
   7.9793855e+01  -6.3791507e+01
   7.9793843e+01  -6.3794212e+01
   7.9793829e+01  -6.3796917e+01
   7.9793816e+01  -6.3799621e+01
   7.9793802e+01  -6.3802324e+01
   7.9793787e+01  -6.3805026e+01
   7.9793772e+01  -6.3807727e+01
   7.9793756e+01  -6.3810427e+01
   7.9793740e+01  -6.3813126e+01
   7.9793723e+01  -6.3815825e+01
   7.9793706e+01  -6.3818522e+01
   7.9793688e+01  -6.3821219e+01
   7.9793670e+01  -6.3823915e+01
   7.9793652e+01  -6.3826610e+01
   7.9793633e+01  -6.3829304e+01
   7.9793614e+01  -6.3831998e+01
   7.9793594e+01  -6.3834690e+01
   7.9793573e+01  -6.3837382e+01
   7.9793552e+01  -6.3840072e+01
   7.9793531e+01  -6.3842761e+01
   7.9793509e+01  -6.3845450e+01
   7.9793485e+01  -6.3848134e+01
   7.9793459e+01  -6.3850815e+01
   7.9793430e+01  -6.3853492e+01
   7.9793400e+01  -6.3856163e+01
   7.9793366e+01  -6.3858830e+01
   7.9793330e+01  -6.3861491e+01
   7.9793291e+01  -6.3864147e+01
   7.9793250e+01  -6.3866798e+01
   7.9793206e+01  -6.3869445e+01
   7.9793160e+01  -6.3872087e+01
   7.9793114e+01  -6.3874731e+01
   7.9793069e+01  -6.3877375e+01
   7.9793024e+01  -6.3880020e+01
   7.9792980e+01  -6.3882666e+01
   7.9792936e+01  -6.3885312e+01
   7.9792892e+01  -6.3887960e+01
   7.9792849e+01  -6.3890608e+01
   7.9792807e+01  -6.3893257e+01
   7.9792764e+01  -6.3895906e+01
   7.9792722e+01  -6.3898556e+01
   7.9792679e+01  -6.3901205e+01
   7.9792636e+01  -6.3903853e+01
   7.9792592e+01  -6.3906499e+01
   7.9792547e+01  -6.3909145e+01
   7.9792503e+01  -6.3911791e+01
   7.9792458e+01  -6.3914437e+01
   7.9792414e+01  -6.3917082e+01
   7.9792369e+01  -6.3919728e+01
   7.9792325e+01  -6.3922374e+01
   7.9792281e+01  -6.3925021e+01
   7.9792233e+01  -6.3927661e+01
   7.9792181e+01  -6.3930292e+01
   7.9792125e+01  -6.3932915e+01
   7.9792065e+01  -6.3935530e+01
   7.9792000e+01  -6.3938137e+01
   7.9791932e+01  -6.3940736e+01
   7.9791859e+01  -6.3943328e+01
   7.9791782e+01  -6.3945911e+01
   7.9791701e+01  -6.3948487e+01
   7.9791617e+01  -6.3951054e+01
   7.9791527e+01  -6.3953613e+01
   7.9791432e+01  -6.3956162e+01
   7.9791333e+01  -6.3958701e+01
   7.9791229e+01  -6.3961232e+01
   7.9791120e+01  -6.3963752e+01
   7.9791006e+01  -6.3966264e+01
   7.9790887e+01  -6.3968766e+01
   7.9790764e+01  -6.3971258e+01
   7.9790635e+01  -6.3973742e+01
   7.9790502e+01  -6.3976216e+01
   7.9790367e+01  -6.3978685e+01
   7.9790229e+01  -6.3981150e+01
   7.9790089e+01  -6.3983611e+01
   7.9789947e+01  -6.3986067e+01
   7.9789802e+01  -6.3988519e+01
   7.9789655e+01  -6.3990966e+01
   7.9789506e+01  -6.3993409e+01
   7.9789355e+01  -6.3995848e+01
   7.9789202e+01  -6.3998283e+01
   7.9789047e+01  -6.4000714e+01
   7.9788891e+01  -6.4003143e+01
   7.9788734e+01  -6.4005569e+01
   7.9788575e+01  -6.4007993e+01
   7.9788415e+01  -6.4010415e+01
   7.9788254e+01  -6.4012834e+01
   7.9788092e+01  -6.4015251e+01
   7.9787928e+01  -6.4017666e+01
   7.9787764e+01  -6.4020079e+01
   7.9787599e+01  -6.4022489e+01
   7.9787432e+01  -6.4024898e+01
   7.9787264e+01  -6.4027303e+01
   7.9787094e+01  -6.4029705e+01
   7.9786923e+01  -6.4032104e+01
   7.9786751e+01  -6.4034501e+01
   7.9786577e+01  -6.4036894e+01
   7.9786401e+01  -6.4039285e+01
   7.9786224e+01  -6.4041673e+01
   7.9786046e+01  -6.4044059e+01
   7.9785867e+01  -6.4046441e+01
   7.9785686e+01  -6.4048821e+01
   7.9785503e+01  -6.4051198e+01
   7.9785318e+01  -6.4053570e+01
   7.9785132e+01  -6.4055939e+01
   7.9784943e+01  -6.4058304e+01
   7.9784753e+01  -6.4060666e+01
   7.9784561e+01  -6.4063024e+01
   7.9784367e+01  -6.4065379e+01
   7.9784172e+01  -6.4067730e+01
   7.9783975e+01  -6.4070078e+01
   7.9783777e+01  -6.4072424e+01
   7.9783576e+01  -6.4074765e+01
   7.9783374e+01  -6.4077102e+01
   7.9783169e+01  -6.4079435e+01
   7.9782963e+01  -6.4081764e+01
   7.9782754e+01  -6.4084090e+01
   7.9782544e+01  -6.4086412e+01
   7.9782332e+01  -6.4088730e+01
   7.9782118e+01  -6.4091045e+01
   7.9781903e+01  -6.4093357e+01
   7.9781686e+01  -6.4095665e+01
   7.9781466e+01  -6.4097969e+01
   7.9781245e+01  -6.4100269e+01
   7.9781022e+01  -6.4102565e+01
   7.9780797e+01  -6.4104857e+01
   7.9780570e+01  -6.4107146e+01
   7.9780341e+01  -6.4109431e+01
   7.9780111e+01  -6.4111713e+01
   7.9779879e+01  -6.4113992e+01
   7.9779645e+01  -6.4116267e+01
   7.9779410e+01  -6.4118540e+01
   7.9779174e+01  -6.4120811e+01
   7.9778938e+01  -6.4123081e+01
   7.9778701e+01  -6.4125349e+01
   7.9778464e+01  -6.4127617e+01
   7.9778226e+01  -6.4129883e+01
   7.9777987e+01  -6.4132147e+01
   7.9777747e+01  -6.4134411e+01
   7.9777507e+01  -6.4136673e+01
   7.9777267e+01  -6.4138934e+01
   7.9777026e+01  -6.4141194e+01
   7.9776783e+01  -6.4143450e+01
   7.9776538e+01  -6.4145704e+01
   7.9776292e+01  -6.4147954e+01
   7.9776045e+01  -6.4150200e+01
   7.9775795e+01  -6.4152444e+01
   7.9775544e+01  -6.4154684e+01
   7.9775292e+01  -6.4156922e+01
   7.9775038e+01  -6.4159156e+01
   7.9774783e+01  -6.4161387e+01
   7.9774526e+01  -6.4163616e+01
   7.9774269e+01  -6.4165843e+01
