   6.5722558e+01  -4.0066067e+01
   6.5722212e+01  -4.0065061e+01
   6.5721869e+01  -4.0064056e+01
   6.5721526e+01  -4.0063050e+01
   6.5721186e+01  -4.0062044e+01
   6.5720846e+01  -4.0061038e+01
   6.5720508e+01  -4.0060031e+01
   6.5720170e+01  -4.0059025e+01
   6.5719833e+01  -4.0058018e+01
   6.5719497e+01  -4.0057011e+01
   6.5719161e+01  -4.0056004e+01
   6.5718825e+01  -4.0054997e+01
   6.5718489e+01  -4.0053991e+01
   6.5718154e+01  -4.0052984e+01
   6.5717818e+01  -4.0051977e+01
   6.5717481e+01  -4.0050970e+01
   6.5717145e+01  -4.0049964e+01
   6.5716810e+01  -4.0048957e+01
   6.5716474e+01  -4.0047950e+01
   6.5716139e+01  -4.0046943e+01
   6.5715805e+01  -4.0045936e+01
   6.5715470e+01  -4.0044930e+01
   6.5715136e+01  -4.0043923e+01
   6.5714804e+01  -4.0042915e+01
   6.5714473e+01  -4.0041908e+01
   6.5714144e+01  -4.0040900e+01
   6.5713817e+01  -4.0039891e+01
   6.5713492e+01  -4.0038883e+01
   6.5713169e+01  -4.0037874e+01
   6.5712849e+01  -4.0036864e+01
   6.5712531e+01  -4.0035854e+01
   6.5712217e+01  -4.0034843e+01
   6.5711908e+01  -4.0033831e+01
   6.5711604e+01  -4.0032818e+01
   6.5711303e+01  -4.0031804e+01
   6.5711006e+01  -4.0030790e+01
   6.5710711e+01  -4.0029775e+01
   6.5710419e+01  -4.0028760e+01
   6.5710128e+01  -4.0027744e+01
   6.5709840e+01  -4.0026728e+01
   6.5709552e+01  -4.0025711e+01
   6.5709265e+01  -4.0024695e+01
   6.5708978e+01  -4.0023679e+01
   6.5708693e+01  -4.0022662e+01
   6.5708408e+01  -4.0021645e+01
   6.5708123e+01  -4.0020628e+01
   6.5707839e+01  -4.0019611e+01
   6.5707556e+01  -4.0018594e+01
   6.5707273e+01  -4.0017577e+01
   6.5706990e+01  -4.0016560e+01
   6.5706709e+01  -4.0015543e+01
   6.5706428e+01  -4.0014525e+01
   6.5706146e+01  -4.0013508e+01
   6.5705864e+01  -4.0012491e+01
   6.5705580e+01  -4.0011474e+01
   6.5705295e+01  -4.0010458e+01
   6.5705009e+01  -4.0009441e+01
   6.5704721e+01  -4.0008426e+01
   6.5704431e+01  -4.0007410e+01
   6.5704140e+01  -4.0006395e+01
   6.5703846e+01  -4.0005381e+01
   6.5703550e+01  -4.0004367e+01
   6.5703254e+01  -4.0003352e+01
   6.5702959e+01  -4.0002338e+01
   6.5702666e+01  -4.0001324e+01
   6.5702373e+01  -4.0000309e+01
   6.5702083e+01  -3.9999294e+01
   6.5701794e+01  -3.9998279e+01
   6.5701508e+01  -3.9997263e+01
   6.5701224e+01  -3.9996246e+01
   6.5700942e+01  -3.9995229e+01
   6.5700662e+01  -3.9994212e+01
   6.5700381e+01  -3.9993195e+01
   6.5700099e+01  -3.9992179e+01
   6.5699816e+01  -3.9991162e+01
   6.5699532e+01  -3.9990146e+01
   6.5699248e+01  -3.9989130e+01
   6.5698963e+01  -3.9988114e+01
   6.5698677e+01  -3.9987098e+01
   6.5698391e+01  -3.9986082e+01
   6.5698103e+01  -3.9985067e+01
   6.5697815e+01  -3.9984051e+01
   6.5697531e+01  -3.9983036e+01
   6.5697249e+01  -3.9982019e+01
   6.5696972e+01  -3.9981001e+01
   6.5696699e+01  -3.9979983e+01
   6.5696429e+01  -3.9978964e+01
   6.5696161e+01  -3.9977945e+01
   6.5695895e+01  -3.9976925e+01
   6.5695629e+01  -3.9975905e+01
   6.5695363e+01  -3.9974885e+01
   6.5695096e+01  -3.9973866e+01
   6.5694831e+01  -3.9972846e+01
   6.5694566e+01  -3.9971826e+01
   6.5694304e+01  -3.9970806e+01
   6.5694043e+01  -3.9969785e+01
   6.5693784e+01  -3.9968764e+01
   6.5693527e+01  -3.9967742e+01
   6.5693273e+01  -3.9966720e+01
   6.5693020e+01  -3.9965698e+01
   6.5692771e+01  -3.9964675e+01
   6.5692524e+01  -3.9963651e+01
   6.5692275e+01  -3.9962628e+01
   6.5692024e+01  -3.9961605e+01
   6.5691770e+01  -3.9960583e+01
   6.5691511e+01  -3.9959562e+01
   6.5691245e+01  -3.9958543e+01
   6.5690971e+01  -3.9957525e+01
   6.5690687e+01  -3.9956509e+01
   6.5690391e+01  -3.9955497e+01
   6.5690079e+01  -3.9954487e+01
   6.5689751e+01  -3.9953481e+01
   6.5689412e+01  -3.9952478e+01
   6.5689063e+01  -3.9951476e+01
   6.5688705e+01  -3.9950477e+01
   6.5688338e+01  -3.9949479e+01
   6.5687962e+01  -3.9948483e+01
   6.5687579e+01  -3.9947489e+01
   6.5687189e+01  -3.9946497e+01
   6.5686793e+01  -3.9945506e+01
   6.5686401e+01  -3.9944514e+01
   6.5686012e+01  -3.9943521e+01
   6.5685638e+01  -3.9942525e+01
   6.5685278e+01  -3.9941526e+01
   6.5684933e+01  -3.9940524e+01
   6.5684602e+01  -3.9939519e+01
   6.5684284e+01  -3.9938511e+01
   6.5683981e+01  -3.9937501e+01
   6.5683692e+01  -3.9936487e+01
   6.5683416e+01  -3.9935470e+01
   6.5683153e+01  -3.9934450e+01
   6.5682904e+01  -3.9933428e+01
   6.5682660e+01  -3.9932405e+01
   6.5682419e+01  -3.9931380e+01
   6.5682184e+01  -3.9930355e+01
   6.5681954e+01  -3.9929329e+01
   6.5681728e+01  -3.9928301e+01
   6.5681506e+01  -3.9927273e+01
   6.5681289e+01  -3.9926244e+01
   6.5681075e+01  -3.9925214e+01
   6.5680866e+01  -3.9924183e+01
   6.5680661e+01  -3.9923151e+01
   6.5680455e+01  -3.9922120e+01
   6.5680249e+01  -3.9921088e+01
   6.5680041e+01  -3.9920057e+01
   6.5679832e+01  -3.9919026e+01
   6.5679621e+01  -3.9917996e+01
   6.5679409e+01  -3.9916966e+01
   6.5679194e+01  -3.9915936e+01
   6.5678978e+01  -3.9914907e+01
   6.5678758e+01  -3.9913879e+01
   6.5678536e+01  -3.9912851e+01
   6.5678311e+01  -3.9911824e+01
   6.5678083e+01  -3.9910797e+01
   6.5677853e+01  -3.9909771e+01
   6.5677622e+01  -3.9908745e+01
   6.5677388e+01  -3.9907720e+01
   6.5677154e+01  -3.9906695e+01
   6.5676918e+01  -3.9905670e+01
   6.5676682e+01  -3.9904645e+01
   6.5676446e+01  -3.9903620e+01
   6.5676211e+01  -3.9902595e+01
   6.5675974e+01  -3.9901571e+01
   6.5675735e+01  -3.9900547e+01
   6.5675495e+01  -3.9899523e+01
   6.5675255e+01  -3.9898499e+01
   6.5675013e+01  -3.9897476e+01
   6.5674769e+01  -3.9896453e+01
   6.5674525e+01  -3.9895430e+01
   6.5674280e+01  -3.9894408e+01
   6.5674034e+01  -3.9893385e+01
   6.5673787e+01  -3.9892363e+01
   6.5673541e+01  -3.9891341e+01
   6.5673297e+01  -3.9890318e+01
   6.5673053e+01  -3.9889295e+01
   6.5672810e+01  -3.9888272e+01
   6.5672569e+01  -3.9887249e+01
   6.5672328e+01  -3.9886226e+01
   6.5672087e+01  -3.9885202e+01
   6.5671847e+01  -3.9884179e+01
   6.5671607e+01  -3.9883155e+01
   6.5671368e+01  -3.9882132e+01
   6.5671128e+01  -3.9881108e+01
   6.5670886e+01  -3.9880085e+01
   6.5670644e+01  -3.9879062e+01
   6.5670401e+01  -3.9878040e+01
   6.5670157e+01  -3.9877017e+01
   6.5669912e+01  -3.9875995e+01
   6.5669667e+01  -3.9874973e+01
   6.5669420e+01  -3.9873951e+01
   6.5669173e+01  -3.9872929e+01
   6.5668925e+01  -3.9871908e+01
   6.5668679e+01  -3.9870886e+01
   6.5668433e+01  -3.9869864e+01
   6.5668190e+01  -3.9868841e+01
   6.5667948e+01  -3.9867818e+01
   6.5667707e+01  -3.9866795e+01
   6.5667469e+01  -3.9865772e+01
   6.5667231e+01  -3.9864748e+01
   6.5666996e+01  -3.9863724e+01
   6.5666763e+01  -3.9862700e+01
   6.5666531e+01  -3.9861675e+01
   6.5666300e+01  -3.9860650e+01
   6.5666070e+01  -3.9859625e+01
   6.5665840e+01  -3.9858599e+01
   6.5665610e+01  -3.9857574e+01
   6.5665381e+01  -3.9856549e+01
   6.5665154e+01  -3.9855523e+01
   6.5664927e+01  -3.9854497e+01
   6.5664701e+01  -3.9853471e+01
   6.5664476e+01  -3.9852445e+01
   6.5664253e+01  -3.9851418e+01
   6.5664031e+01  -3.9850392e+01
   6.5663811e+01  -3.9849364e+01
   6.5663591e+01  -3.9848337e+01
   6.5663374e+01  -3.9847309e+01
   6.5663157e+01  -3.9846281e+01
   6.5662943e+01  -3.9845253e+01
   6.5662729e+01  -3.9844224e+01
   6.5662518e+01  -3.9843196e+01
   6.5662307e+01  -3.9842166e+01
   6.5662099e+01  -3.9841137e+01
   6.5661891e+01  -3.9840107e+01
   6.5661685e+01  -3.9839077e+01
   6.5661479e+01  -3.9838047e+01
   6.5661275e+01  -3.9837016e+01
   6.5661072e+01  -3.9835986e+01
   6.5660870e+01  -3.9834955e+01
   6.5660669e+01  -3.9833924e+01
   6.5660469e+01  -3.9832892e+01
   6.5660272e+01  -3.9831860e+01
   6.5660076e+01  -3.9830828e+01
   6.5659882e+01  -3.9829796e+01
   6.5659689e+01  -3.9828763e+01
   6.5659497e+01  -3.9827730e+01
   6.5659308e+01  -3.9826696e+01
   6.5659120e+01  -3.9825662e+01
   6.5658933e+01  -3.9824628e+01
   6.5658748e+01  -3.9823594e+01
   6.5658565e+01  -3.9822559e+01
   6.5658384e+01  -3.9821523e+01
   6.5658204e+01  -3.9820488e+01
   6.5658026e+01  -3.9819452e+01
   6.5657851e+01  -3.9818415e+01
   6.5657677e+01  -3.9817378e+01
   6.5657505e+01  -3.9816341e+01
   6.5657336e+01  -3.9815303e+01
   6.5657168e+01  -3.9814265e+01
   6.5657003e+01  -3.9813227e+01
   6.5656839e+01  -3.9812187e+01
   6.5656678e+01  -3.9811148e+01
   6.5656519e+01  -3.9810108e+01
   6.5656361e+01  -3.9809068e+01
   6.5656204e+01  -3.9808027e+01
   6.5656049e+01  -3.9806986e+01
   6.5655894e+01  -3.9805945e+01
   6.5655740e+01  -3.9804904e+01
   6.5655588e+01  -3.9803863e+01
   6.5655436e+01  -3.9802821e+01
   6.5655285e+01  -3.9801780e+01
   6.5655135e+01  -3.9800738e+01
   6.5654986e+01  -3.9799696e+01
   6.5654834e+01  -3.9798654e+01
   6.5654680e+01  -3.9797613e+01
   6.5654525e+01  -3.9796573e+01
   6.5654367e+01  -3.9795533e+01
   6.5654208e+01  -3.9794493e+01
   6.5654047e+01  -3.9793453e+01
   6.5653884e+01  -3.9792414e+01
   6.5653720e+01  -3.9791376e+01
   6.5653555e+01  -3.9790337e+01
   6.5653389e+01  -3.9789299e+01
   6.5653220e+01  -3.9788261e+01
   6.5653050e+01  -3.9787224e+01
   6.5652879e+01  -3.9786187e+01
   6.5652706e+01  -3.9785150e+01
   6.5652532e+01  -3.9784114e+01
   6.5652357e+01  -3.9783078e+01
   6.5652181e+01  -3.9782042e+01
   6.5652005e+01  -3.9781006e+01
   6.5651828e+01  -3.9779970e+01
   6.5651651e+01  -3.9778935e+01
   6.5651477e+01  -3.9777898e+01
   6.5651304e+01  -3.9776862e+01
   6.5651134e+01  -3.9775825e+01
   6.5650965e+01  -3.9774787e+01
   6.5650798e+01  -3.9773749e+01
   6.5650633e+01  -3.9772711e+01
   6.5650470e+01  -3.9771672e+01
   6.5650308e+01  -3.9770634e+01
   6.5650148e+01  -3.9769594e+01
   6.5649990e+01  -3.9768555e+01
   6.5649829e+01  -3.9767516e+01
   6.5649664e+01  -3.9766477e+01
   6.5649498e+01  -3.9765439e+01
   6.5649330e+01  -3.9764402e+01
   6.5649159e+01  -3.9763365e+01
   6.5648985e+01  -3.9762329e+01
   6.5648808e+01  -3.9761294e+01
   6.5648628e+01  -3.9760259e+01
   6.5648446e+01  -3.9759225e+01
   6.5648261e+01  -3.9758191e+01
   6.5648057e+01  -3.9757161e+01
   6.5647836e+01  -3.9756136e+01
   6.5647597e+01  -3.9755114e+01
   6.5647342e+01  -3.9754096e+01
   6.5647072e+01  -3.9753082e+01
   6.5646787e+01  -3.9752070e+01
   6.5646490e+01  -3.9751062e+01
   6.5646181e+01  -3.9750056e+01
   6.5645862e+01  -3.9749052e+01
   6.5645533e+01  -3.9748051e+01
   6.5645206e+01  -3.9747049e+01
   6.5644882e+01  -3.9746047e+01
   6.5644559e+01  -3.9745044e+01
   6.5644237e+01  -3.9744041e+01
   6.5643916e+01  -3.9743038e+01
   6.5643598e+01  -3.9742035e+01
   6.5643283e+01  -3.9741030e+01
   6.5642969e+01  -3.9740026e+01
   6.5642657e+01  -3.9739021e+01
   6.5642345e+01  -3.9738016e+01
   6.5642036e+01  -3.9737010e+01
   6.5641729e+01  -3.9736004e+01
   6.5641423e+01  -3.9734998e+01
   6.5641119e+01  -3.9733992e+01
   6.5640816e+01  -3.9732985e+01
   6.5640513e+01  -3.9731978e+01
   6.5640211e+01  -3.9730971e+01
   6.5639909e+01  -3.9729964e+01
   6.5639607e+01  -3.9728957e+01
   6.5639305e+01  -3.9727950e+01
   6.5639003e+01  -3.9726943e+01
   6.5638704e+01  -3.9725936e+01
   6.5638409e+01  -3.9724928e+01
   6.5638117e+01  -3.9723918e+01
   6.5637828e+01  -3.9722909e+01
   6.5637541e+01  -3.9721899e+01
   6.5637256e+01  -3.9720888e+01
   6.5636972e+01  -3.9719877e+01
   6.5636688e+01  -3.9718867e+01
   6.5636404e+01  -3.9717856e+01
   6.5636120e+01  -3.9716845e+01
   6.5635835e+01  -3.9715835e+01
   6.5635550e+01  -3.9714824e+01
   6.5635265e+01  -3.9713814e+01
   6.5634980e+01  -3.9712804e+01
   6.5634696e+01  -3.9711793e+01
   6.5634413e+01  -3.9710783e+01
   6.5634130e+01  -3.9709772e+01
   6.5633848e+01  -3.9708761e+01
   6.5633568e+01  -3.9707749e+01
   6.5633288e+01  -3.9706738e+01
   6.5633009e+01  -3.9705727e+01
   6.5632731e+01  -3.9704715e+01
   6.5632453e+01  -3.9703703e+01
   6.5632176e+01  -3.9702691e+01
   6.5631900e+01  -3.9701679e+01
   6.5631623e+01  -3.9700667e+01
   6.5631347e+01  -3.9699655e+01
   6.5631071e+01  -3.9698643e+01
   6.5630795e+01  -3.9697631e+01
   6.5630521e+01  -3.9696619e+01
   6.5630247e+01  -3.9695606e+01
   6.5629972e+01  -3.9694594e+01
   6.5629695e+01  -3.9693582e+01
   6.5629415e+01  -3.9692571e+01
   6.5629132e+01  -3.9691561e+01
   6.5628843e+01  -3.9690552e+01
   6.5628548e+01  -3.9689544e+01
   6.5628248e+01  -3.9688538e+01
   6.5627944e+01  -3.9687532e+01
   6.5627636e+01  -3.9686528e+01
   6.5627326e+01  -3.9685523e+01
   6.5627016e+01  -3.9684519e+01
   6.5626706e+01  -3.9683515e+01
   6.5626397e+01  -3.9682511e+01
   6.5626092e+01  -3.9681506e+01
   6.5625791e+01  -3.9680500e+01
   6.5625495e+01  -3.9679493e+01
   6.5625206e+01  -3.9678484e+01
   6.5624924e+01  -3.9677474e+01
   6.5624638e+01  -3.9676465e+01
   6.5624348e+01  -3.9675456e+01
   6.5624054e+01  -3.9674449e+01
   6.5623755e+01  -3.9673442e+01
   6.5623451e+01  -3.9672437e+01
   6.5623141e+01  -3.9671434e+01
   6.5622825e+01  -3.9670431e+01
   6.5622506e+01  -3.9669429e+01
   6.5622184e+01  -3.9668428e+01
   6.5621862e+01  -3.9667427e+01
   6.5621545e+01  -3.9666425e+01
