   6.5529611e+01  -4.0384043e+01
   6.5529597e+01  -4.0382978e+01
   6.5529582e+01  -4.0381913e+01
   6.5529564e+01  -4.0380848e+01
   6.5529545e+01  -4.0379783e+01
   6.5529525e+01  -4.0378719e+01
   6.5529502e+01  -4.0377655e+01
   6.5529479e+01  -4.0376591e+01
   6.5529453e+01  -4.0375527e+01
   6.5529426e+01  -4.0374464e+01
   6.5529397e+01  -4.0373402e+01
   6.5529367e+01  -4.0372339e+01
   6.5529337e+01  -4.0371277e+01
   6.5529306e+01  -4.0370214e+01
   6.5529275e+01  -4.0369152e+01
   6.5529244e+01  -4.0368090e+01
   6.5529213e+01  -4.0367028e+01
   6.5529181e+01  -4.0365965e+01
   6.5529148e+01  -4.0364903e+01
   6.5529116e+01  -4.0363841e+01
   6.5529083e+01  -4.0362779e+01
   6.5529050e+01  -4.0361717e+01
   6.5529019e+01  -4.0360655e+01
   6.5528989e+01  -4.0359593e+01
   6.5528961e+01  -4.0358530e+01
   6.5528935e+01  -4.0357467e+01
   6.5528910e+01  -4.0356403e+01
   6.5528887e+01  -4.0355339e+01
   6.5528866e+01  -4.0354275e+01
   6.5528846e+01  -4.0353211e+01
   6.5528827e+01  -4.0352146e+01
   6.5528810e+01  -4.0351081e+01
   6.5528794e+01  -4.0350016e+01
   6.5528778e+01  -4.0348950e+01
   6.5528763e+01  -4.0347885e+01
   6.5528749e+01  -4.0346819e+01
   6.5528735e+01  -4.0345754e+01
   6.5528721e+01  -4.0344688e+01
   6.5528708e+01  -4.0343622e+01
   6.5528696e+01  -4.0342556e+01
   6.5528684e+01  -4.0341490e+01
   6.5528673e+01  -4.0340424e+01
   6.5528661e+01  -4.0339358e+01
   6.5528648e+01  -4.0338292e+01
   6.5528635e+01  -4.0337226e+01
   6.5528621e+01  -4.0336161e+01
   6.5528606e+01  -4.0335095e+01
   6.5528591e+01  -4.0334030e+01
   6.5528575e+01  -4.0332965e+01
   6.5528559e+01  -4.0331900e+01
   6.5528542e+01  -4.0330834e+01
   6.5528524e+01  -4.0329770e+01
   6.5528505e+01  -4.0328705e+01
   6.5528485e+01  -4.0327641e+01
   6.5528463e+01  -4.0326576e+01
   6.5528440e+01  -4.0325513e+01
   6.5528416e+01  -4.0324449e+01
   6.5528390e+01  -4.0323386e+01
   6.5528363e+01  -4.0322323e+01
   6.5528335e+01  -4.0321260e+01
   6.5528306e+01  -4.0320197e+01
   6.5528275e+01  -4.0319135e+01
   6.5528241e+01  -4.0318073e+01
   6.5528204e+01  -4.0317012e+01
   6.5528164e+01  -4.0315951e+01
   6.5528121e+01  -4.0314892e+01
   6.5528076e+01  -4.0313832e+01
   6.5528027e+01  -4.0312773e+01
   6.5527976e+01  -4.0311715e+01
   6.5527922e+01  -4.0310657e+01
   6.5527866e+01  -4.0309600e+01
   6.5527807e+01  -4.0308543e+01
   6.5527744e+01  -4.0307487e+01
   6.5527677e+01  -4.0306432e+01
   6.5527606e+01  -4.0305378e+01
   6.5527530e+01  -4.0304325e+01
   6.5527451e+01  -4.0303272e+01
   6.5527368e+01  -4.0302220e+01
   6.5527281e+01  -4.0301169e+01
   6.5527191e+01  -4.0300118e+01
   6.5527097e+01  -4.0299069e+01
   6.5527000e+01  -4.0298020e+01
   6.5526902e+01  -4.0296971e+01
   6.5526804e+01  -4.0295922e+01
   6.5526707e+01  -4.0294873e+01
   6.5526609e+01  -4.0293824e+01
   6.5526511e+01  -4.0292775e+01
   6.5526413e+01  -4.0291726e+01
   6.5526316e+01  -4.0290677e+01
   6.5526218e+01  -4.0289628e+01
   6.5526121e+01  -4.0288579e+01
   6.5526025e+01  -4.0287530e+01
   6.5525926e+01  -4.0286481e+01
   6.5525827e+01  -4.0285432e+01
   6.5525727e+01  -4.0284384e+01
   6.5525625e+01  -4.0283336e+01
   6.5525522e+01  -4.0282288e+01
   6.5525419e+01  -4.0281240e+01
   6.5525314e+01  -4.0280193e+01
   6.5525208e+01  -4.0279145e+01
   6.5525101e+01  -4.0278098e+01
   6.5524994e+01  -4.0277051e+01
   6.5524885e+01  -4.0276005e+01
   6.5524775e+01  -4.0274958e+01
   6.5524664e+01  -4.0273912e+01
   6.5524552e+01  -4.0272866e+01
   6.5524439e+01  -4.0271821e+01
   6.5524325e+01  -4.0270775e+01
   6.5524210e+01  -4.0269730e+01
   6.5524094e+01  -4.0268685e+01
   6.5523976e+01  -4.0267640e+01
   6.5523858e+01  -4.0266595e+01
   6.5523740e+01  -4.0265550e+01
   6.5523621e+01  -4.0264506e+01
   6.5523502e+01  -4.0263461e+01
   6.5523383e+01  -4.0262417e+01
   6.5523263e+01  -4.0261373e+01
   6.5523142e+01  -4.0260328e+01
   6.5523021e+01  -4.0259284e+01
   6.5522900e+01  -4.0258240e+01
   6.5522778e+01  -4.0257197e+01
   6.5522655e+01  -4.0256153e+01
   6.5522532e+01  -4.0255109e+01
   6.5522410e+01  -4.0254065e+01
   6.5522287e+01  -4.0253022e+01
   6.5522165e+01  -4.0251978e+01
   6.5522042e+01  -4.0250934e+01
   6.5521920e+01  -4.0249891e+01
   6.5521797e+01  -4.0248847e+01
   6.5521675e+01  -4.0247803e+01
   6.5521553e+01  -4.0246760e+01
   6.5521431e+01  -4.0245716e+01
   6.5521310e+01  -4.0244672e+01
   6.5521190e+01  -4.0243628e+01
   6.5521072e+01  -4.0242583e+01
   6.5520954e+01  -4.0241539e+01
   6.5520838e+01  -4.0240494e+01
   6.5520723e+01  -4.0239449e+01
   6.5520610e+01  -4.0238403e+01
   6.5520497e+01  -4.0237358e+01
   6.5520386e+01  -4.0236312e+01
   6.5520275e+01  -4.0235266e+01
   6.5520167e+01  -4.0234220e+01
   6.5520061e+01  -4.0233173e+01
   6.5519957e+01  -4.0232126e+01
   6.5519854e+01  -4.0231078e+01
   6.5519753e+01  -4.0230030e+01
   6.5519654e+01  -4.0228982e+01
   6.5519556e+01  -4.0227934e+01
   6.5519460e+01  -4.0226885e+01
   6.5519365e+01  -4.0225836e+01
   6.5519271e+01  -4.0224787e+01
   6.5519178e+01  -4.0223737e+01
   6.5519086e+01  -4.0222688e+01
   6.5518994e+01  -4.0221638e+01
   6.5518903e+01  -4.0220588e+01
   6.5518812e+01  -4.0219538e+01
   6.5518722e+01  -4.0218488e+01
   6.5518633e+01  -4.0217438e+01
   6.5518545e+01  -4.0216388e+01
   6.5518457e+01  -4.0215338e+01
   6.5518370e+01  -4.0214287e+01
   6.5518283e+01  -4.0213236e+01
   6.5518197e+01  -4.0212186e+01
   6.5518111e+01  -4.0211135e+01
   6.5518026e+01  -4.0210084e+01
   6.5517942e+01  -4.0209033e+01
   6.5517858e+01  -4.0207982e+01
   6.5517776e+01  -4.0206930e+01
   6.5517693e+01  -4.0205879e+01
   6.5517612e+01  -4.0204827e+01
   6.5517531e+01  -4.0203775e+01
   6.5517454e+01  -4.0202723e+01
   6.5517379e+01  -4.0201670e+01
   6.5517306e+01  -4.0200617e+01
   6.5517236e+01  -4.0199563e+01
   6.5517167e+01  -4.0198509e+01
   6.5517101e+01  -4.0197454e+01
   6.5517036e+01  -4.0196399e+01
   6.5516973e+01  -4.0195344e+01
   6.5516912e+01  -4.0194288e+01
   6.5516852e+01  -4.0193232e+01
   6.5516793e+01  -4.0192176e+01
   6.5516734e+01  -4.0191120e+01
   6.5516677e+01  -4.0190063e+01
   6.5516620e+01  -4.0189007e+01
   6.5516563e+01  -4.0187950e+01
   6.5516507e+01  -4.0186894e+01
   6.5516452e+01  -4.0185837e+01
   6.5516398e+01  -4.0184780e+01
   6.5516344e+01  -4.0183723e+01
   6.5516290e+01  -4.0182665e+01
   6.5516236e+01  -4.0181608e+01
   6.5516182e+01  -4.0180551e+01
   6.5516127e+01  -4.0179494e+01
   6.5516072e+01  -4.0178438e+01
   6.5516016e+01  -4.0177381e+01
   6.5515960e+01  -4.0176324e+01
   6.5515904e+01  -4.0175268e+01
   6.5515847e+01  -4.0174211e+01
   6.5515790e+01  -4.0173155e+01
   6.5515732e+01  -4.0172098e+01
   6.5515666e+01  -4.0171044e+01
   6.5515590e+01  -4.0169991e+01
   6.5515503e+01  -4.0168941e+01
   6.5515403e+01  -4.0167893e+01
   6.5515289e+01  -4.0166848e+01
   6.5515156e+01  -4.0165807e+01
   6.5515001e+01  -4.0164771e+01
   6.5514818e+01  -4.0163740e+01
   6.5514596e+01  -4.0162717e+01
   6.5514316e+01  -4.0161707e+01
   6.5514050e+01  -4.0160693e+01
   6.5513795e+01  -4.0159677e+01
   6.5513551e+01  -4.0158659e+01
   6.5513315e+01  -4.0157639e+01
   6.5513080e+01  -4.0156619e+01
   6.5512834e+01  -4.0155601e+01
   6.5512548e+01  -4.0154592e+01
   6.5512188e+01  -4.0153597e+01
   6.5511716e+01  -4.0152770e+01
   6.5511261e+01  -4.0152439e+01
   6.5510801e+01  -4.0151953e+01
   6.5510332e+01  -4.0151240e+01
   6.5509860e+01  -4.0150422e+01
   6.5509389e+01  -4.0149633e+01
   6.5508923e+01  -4.0148961e+01
   6.5508461e+01  -4.0148437e+01
   6.5508004e+01  -4.0148050e+01
   6.5507555e+01  -4.0147867e+01
   6.5507113e+01  -4.0147903e+01
   6.5506676e+01  -4.0148082e+01
   6.5506243e+01  -4.0148372e+01
   6.5505813e+01  -4.0148761e+01
   6.5505388e+01  -4.0149251e+01
   6.5504965e+01  -4.0149850e+01
   6.5504548e+01  -4.0150574e+01
   6.5504135e+01  -4.0151440e+01
   6.5503728e+01  -4.0152464e+01
   6.5503315e+01  -4.0153306e+01
   6.5502871e+01  -4.0153289e+01
   6.5502568e+01  -4.0152283e+01
   6.5502413e+01  -4.0151248e+01
   6.5502299e+01  -4.0150203e+01
   6.5502212e+01  -4.0149154e+01
   6.5502148e+01  -4.0148099e+01
   6.5502110e+01  -4.0147040e+01
   6.5502123e+01  -4.0145969e+01
