   6.5770016e+01  -3.9786092e+01
   6.5769541e+01  -3.9785261e+01
   6.5769066e+01  -3.9784437e+01
   6.5768592e+01  -3.9783618e+01
   6.5768117e+01  -3.9782804e+01
   6.5767643e+01  -3.9781992e+01
   6.5767169e+01  -3.9781183e+01
   6.5766694e+01  -3.9780373e+01
   6.5766220e+01  -3.9779563e+01
   6.5765746e+01  -3.9778751e+01
   6.5765271e+01  -3.9777937e+01
   6.5764797e+01  -3.9777118e+01
   6.5764322e+01  -3.9776298e+01
   6.5763848e+01  -3.9775478e+01
   6.5763373e+01  -3.9774659e+01
   6.5762898e+01  -3.9773841e+01
   6.5762424e+01  -3.9773024e+01
   6.5761949e+01  -3.9772209e+01
   6.5761475e+01  -3.9771395e+01
   6.5761001e+01  -3.9770582e+01
   6.5760526e+01  -3.9769771e+01
   6.5760052e+01  -3.9768961e+01
   6.5759578e+01  -3.9768153e+01
   6.5759104e+01  -3.9767348e+01
   6.5758629e+01  -3.9766545e+01
   6.5758156e+01  -3.9765746e+01
   6.5757682e+01  -3.9764953e+01
   6.5757208e+01  -3.9764166e+01
   6.5756735e+01  -3.9763387e+01
   6.5756262e+01  -3.9762614e+01
   6.5755790e+01  -3.9761849e+01
   6.5755317e+01  -3.9761092e+01
   6.5754845e+01  -3.9760336e+01
   6.5754373e+01  -3.9759583e+01
   6.5753901e+01  -3.9758833e+01
   6.5753429e+01  -3.9758084e+01
   6.5752957e+01  -3.9757339e+01
   6.5752485e+01  -3.9756596e+01
   6.5752013e+01  -3.9755860e+01
   6.5751542e+01  -3.9755129e+01
   6.5751071e+01  -3.9754403e+01
   6.5750599e+01  -3.9753682e+01
   6.5750129e+01  -3.9752964e+01
   6.5749658e+01  -3.9752249e+01
   6.5749187e+01  -3.9751538e+01
   6.5748716e+01  -3.9750829e+01
   6.5748246e+01  -3.9750124e+01
   6.5747776e+01  -3.9749421e+01
   6.5747305e+01  -3.9748721e+01
   6.5746835e+01  -3.9748023e+01
   6.5746365e+01  -3.9747327e+01
   6.5745895e+01  -3.9746630e+01
   6.5745424e+01  -3.9745921e+01
   6.5744953e+01  -3.9745200e+01
   6.5744482e+01  -3.9744469e+01
   6.5744010e+01  -3.9743728e+01
   6.5743538e+01  -3.9742979e+01
   6.5743065e+01  -3.9742221e+01
   6.5742592e+01  -3.9741456e+01
   6.5742119e+01  -3.9740684e+01
   6.5741646e+01  -3.9739907e+01
   6.5741173e+01  -3.9739126e+01
   6.5740699e+01  -3.9738331e+01
   6.5740225e+01  -3.9737541e+01
   6.5739752e+01  -3.9736783e+01
   6.5739281e+01  -3.9736053e+01
   6.5738810e+01  -3.9735345e+01
   6.5738340e+01  -3.9734658e+01
   6.5737871e+01  -3.9733986e+01
   6.5737402e+01  -3.9733329e+01
   6.5736934e+01  -3.9732684e+01
   6.5736466e+01  -3.9732050e+01
   6.5735998e+01  -3.9731411e+01
   6.5735530e+01  -3.9730766e+01
   6.5735061e+01  -3.9730115e+01
   6.5734593e+01  -3.9729457e+01
   6.5734123e+01  -3.9728789e+01
   6.5733654e+01  -3.9728106e+01
   6.5733183e+01  -3.9727407e+01
   6.5732712e+01  -3.9726695e+01
   6.5732241e+01  -3.9725973e+01
   6.5731770e+01  -3.9725243e+01
   6.5731298e+01  -3.9724501e+01
   6.5730825e+01  -3.9723748e+01
   6.5730352e+01  -3.9722985e+01
   6.5729879e+01  -3.9722214e+01
   6.5729406e+01  -3.9721436e+01
   6.5728932e+01  -3.9720654e+01
   6.5728459e+01  -3.9719869e+01
   6.5727985e+01  -3.9719081e+01
   6.5727511e+01  -3.9718278e+01
   6.5727036e+01  -3.9717463e+01
   6.5726561e+01  -3.9716642e+01
   6.5726085e+01  -3.9715815e+01
   6.5725610e+01  -3.9714981e+01
   6.5725134e+01  -3.9714143e+01
   6.5724658e+01  -3.9713300e+01
   6.5724182e+01  -3.9712453e+01
   6.5723706e+01  -3.9711602e+01
   6.5723229e+01  -3.9710748e+01
   6.5722753e+01  -3.9709891e+01
   6.5722276e+01  -3.9709029e+01
   6.5721799e+01  -3.9708139e+01
   6.5721320e+01  -3.9707217e+01
   6.5720839e+01  -3.9706261e+01
   6.5720368e+01  -3.9705289e+01
   6.5719911e+01  -3.9704314e+01
   6.5719467e+01  -3.9703335e+01
   6.5719036e+01  -3.9702354e+01
   6.5718617e+01  -3.9701371e+01
   6.5718209e+01  -3.9700385e+01
   6.5717811e+01  -3.9699396e+01
   6.5717424e+01  -3.9698406e+01
   6.5717048e+01  -3.9697412e+01
   6.5716686e+01  -3.9696416e+01
   6.5716338e+01  -3.9695416e+01
   6.5716007e+01  -3.9694413e+01
   6.5715691e+01  -3.9693407e+01
   6.5715390e+01  -3.9692397e+01
   6.5715102e+01  -3.9691384e+01
   6.5714827e+01  -3.9690368e+01
   6.5714562e+01  -3.9689350e+01
   6.5714306e+01  -3.9688330e+01
   6.5714058e+01  -3.9687308e+01
   6.5713816e+01  -3.9686285e+01
   6.5713577e+01  -3.9685261e+01
   6.5713341e+01  -3.9684236e+01
   6.5713106e+01  -3.9683212e+01
   6.5712870e+01  -3.9682187e+01
   6.5712633e+01  -3.9681163e+01
   6.5712391e+01  -3.9680140e+01
   6.5712143e+01  -3.9679118e+01
   6.5711888e+01  -3.9678098e+01
   6.5711626e+01  -3.9677080e+01
   6.5711358e+01  -3.9676063e+01
   6.5711083e+01  -3.9675047e+01
   6.5710802e+01  -3.9674033e+01
   6.5710514e+01  -3.9673020e+01
   6.5710220e+01  -3.9672009e+01
   6.5709920e+01  -3.9670999e+01
   6.5709615e+01  -3.9669991e+01
   6.5709302e+01  -3.9668984e+01
   6.5708983e+01  -3.9667979e+01
   6.5708657e+01  -3.9666975e+01
   6.5708326e+01  -3.9665972e+01
   6.5707993e+01  -3.9664970e+01
   6.5707658e+01  -3.9663969e+01
   6.5707323e+01  -3.9662967e+01
   6.5706987e+01  -3.9661966e+01
   6.5706650e+01  -3.9660965e+01
   6.5706311e+01  -3.9659964e+01
   6.5705969e+01  -3.9658964e+01
   6.5705623e+01  -3.9657965e+01
   6.5705274e+01  -3.9656967e+01
   6.5704921e+01  -3.9655969e+01
   6.5704566e+01  -3.9654973e+01
   6.5704208e+01  -3.9653977e+01
   6.5703848e+01  -3.9652981e+01
   6.5703487e+01  -3.9651985e+01
   6.5703126e+01  -3.9650990e+01
   6.5702764e+01  -3.9649995e+01
   6.5702404e+01  -3.9649000e+01
   6.5702045e+01  -3.9648004e+01
   6.5701685e+01  -3.9647008e+01
