   6.5638998e+01  -4.0212371e+01
   6.5638753e+01  -4.0211347e+01
   6.5638509e+01  -4.0210323e+01
   6.5638265e+01  -4.0209299e+01
   6.5638021e+01  -4.0208275e+01
   6.5637778e+01  -4.0207251e+01
   6.5637535e+01  -4.0206226e+01
   6.5637294e+01  -4.0205202e+01
   6.5637054e+01  -4.0204177e+01
   6.5636815e+01  -4.0203152e+01
   6.5636578e+01  -4.0202127e+01
   6.5636342e+01  -4.0201101e+01
   6.5636106e+01  -4.0200076e+01
   6.5635868e+01  -4.0199051e+01
   6.5635630e+01  -4.0198026e+01
   6.5635391e+01  -4.0197001e+01
   6.5635151e+01  -4.0195976e+01
   6.5634909e+01  -4.0194952e+01
   6.5634667e+01  -4.0193928e+01
   6.5634423e+01  -4.0192905e+01
   6.5634177e+01  -4.0191881e+01
   6.5633930e+01  -4.0190858e+01
   6.5633682e+01  -4.0189835e+01
   6.5633432e+01  -4.0188813e+01
   6.5633181e+01  -4.0187791e+01
   6.5632929e+01  -4.0186769e+01
   6.5632676e+01  -4.0185747e+01
   6.5632423e+01  -4.0184725e+01
   6.5632170e+01  -4.0183704e+01
   6.5631916e+01  -4.0182682e+01
   6.5631663e+01  -4.0181660e+01
   6.5631410e+01  -4.0180639e+01
   6.5631155e+01  -4.0179618e+01
   6.5630898e+01  -4.0178597e+01
   6.5630640e+01  -4.0177576e+01
   6.5630381e+01  -4.0176556e+01
   6.5630120e+01  -4.0175536e+01
   6.5629859e+01  -4.0174516e+01
   6.5629597e+01  -4.0173497e+01
   6.5629334e+01  -4.0172477e+01
   6.5629071e+01  -4.0171458e+01
   6.5628808e+01  -4.0170438e+01
   6.5628543e+01  -4.0169419e+01
   6.5628275e+01  -4.0168401e+01
   6.5628005e+01  -4.0167383e+01
   6.5627733e+01  -4.0166366e+01
   6.5627458e+01  -4.0165349e+01
   6.5627181e+01  -4.0164332e+01
   6.5626902e+01  -4.0163317e+01
   6.5626621e+01  -4.0162301e+01
   6.5626338e+01  -4.0161286e+01
   6.5626053e+01  -4.0160271e+01
   6.5625767e+01  -4.0159257e+01
   6.5625479e+01  -4.0158243e+01
   6.5625190e+01  -4.0157229e+01
   6.5624900e+01  -4.0156216e+01
   6.5624607e+01  -4.0155203e+01
   6.5624313e+01  -4.0154190e+01
   6.5624017e+01  -4.0153178e+01
   6.5623719e+01  -4.0152166e+01
   6.5623419e+01  -4.0151155e+01
   6.5623117e+01  -4.0150144e+01
   6.5622813e+01  -4.0149133e+01
   6.5622509e+01  -4.0148123e+01
   6.5622203e+01  -4.0147113e+01
   6.5621895e+01  -4.0146103e+01
   6.5621585e+01  -4.0145094e+01
   6.5621273e+01  -4.0144085e+01
   6.5620958e+01  -4.0143077e+01
   6.5620640e+01  -4.0142069e+01
   6.5620320e+01  -4.0141063e+01
   6.5619996e+01  -4.0140056e+01
   6.5619669e+01  -4.0139051e+01
   6.5619341e+01  -4.0138046e+01
   6.5619010e+01  -4.0137041e+01
   6.5618677e+01  -4.0136037e+01
   6.5618343e+01  -4.0135033e+01
   6.5618006e+01  -4.0134029e+01
   6.5617669e+01  -4.0133026e+01
   6.5617330e+01  -4.0132023e+01
   6.5616990e+01  -4.0131021e+01
   6.5616648e+01  -4.0130018e+01
   6.5616304e+01  -4.0129017e+01
   6.5615959e+01  -4.0128015e+01
   6.5615612e+01  -4.0127014e+01
   6.5615262e+01  -4.0126014e+01
   6.5614910e+01  -4.0125014e+01
   6.5614556e+01  -4.0124014e+01
   6.5614199e+01  -4.0123015e+01
   6.5613840e+01  -4.0122017e+01
   6.5613478e+01  -4.0121019e+01
   6.5613113e+01  -4.0120022e+01
   6.5612746e+01  -4.0119025e+01
   6.5612375e+01  -4.0118029e+01
   6.5612002e+01  -4.0117034e+01
   6.5611625e+01  -4.0116039e+01
   6.5611245e+01  -4.0115045e+01
   6.5610862e+01  -4.0114052e+01
   6.5610475e+01  -4.0113060e+01
   6.5610085e+01  -4.0112068e+01
   6.5609692e+01  -4.0111077e+01
   6.5609295e+01  -4.0110087e+01
   6.5608897e+01  -4.0109097e+01
   6.5608497e+01  -4.0108107e+01
   6.5608096e+01  -4.0107118e+01
   6.5607693e+01  -4.0106129e+01
   6.5607289e+01  -4.0105140e+01
   6.5606883e+01  -4.0104152e+01
   6.5606475e+01  -4.0103164e+01
   6.5606066e+01  -4.0102177e+01
   6.5605654e+01  -4.0101190e+01
   6.5605241e+01  -4.0100203e+01
   6.5604823e+01  -4.0099218e+01
   6.5604402e+01  -4.0098233e+01
   6.5603977e+01  -4.0097249e+01
   6.5603548e+01  -4.0096266e+01
   6.5603115e+01  -4.0095284e+01
   6.5602678e+01  -4.0094302e+01
   6.5602238e+01  -4.0093321e+01
   6.5601795e+01  -4.0092341e+01
   6.5601349e+01  -4.0091362e+01
   6.5600902e+01  -4.0090383e+01
   6.5600451e+01  -4.0089404e+01
   6.5599999e+01  -4.0088426e+01
   6.5599544e+01  -4.0087449e+01
   6.5599087e+01  -4.0086472e+01
   6.5598627e+01  -4.0085496e+01
   6.5598163e+01  -4.0084520e+01
   6.5597695e+01  -4.0083545e+01
   6.5597224e+01  -4.0082572e+01
   6.5596750e+01  -4.0081598e+01
   6.5596274e+01  -4.0080626e+01
   6.5595796e+01  -4.0079659e+01
   6.5595319e+01  -4.0078703e+01
   6.5594841e+01  -4.0077755e+01
   6.5594365e+01  -4.0076818e+01
   6.5593888e+01  -4.0075889e+01
   6.5593412e+01  -4.0074960e+01
   6.5592935e+01  -4.0074032e+01
   6.5592459e+01  -4.0073103e+01
   6.5591982e+01  -4.0072173e+01
   6.5591506e+01  -4.0071241e+01
   6.5591029e+01  -4.0070309e+01
   6.5590553e+01  -4.0069375e+01
   6.5590076e+01  -4.0068440e+01
   6.5589599e+01  -4.0067503e+01
   6.5589122e+01  -4.0066562e+01
   6.5588645e+01  -4.0065612e+01
   6.5588167e+01  -4.0064652e+01
   6.5587689e+01  -4.0063681e+01
   6.5587215e+01  -4.0062709e+01
   6.5586746e+01  -4.0061735e+01
   6.5586281e+01  -4.0060761e+01
   6.5585822e+01  -4.0059785e+01
   6.5585368e+01  -4.0058809e+01
   6.5584918e+01  -4.0057832e+01
   6.5584474e+01  -4.0056853e+01
   6.5584036e+01  -4.0055873e+01
   6.5583603e+01  -4.0054892e+01
   6.5583176e+01  -4.0053910e+01
   6.5582753e+01  -4.0052928e+01
   6.5582335e+01  -4.0051944e+01
   6.5581920e+01  -4.0050959e+01
   6.5581505e+01  -4.0049975e+01
   6.5581092e+01  -4.0048990e+01
   6.5580680e+01  -4.0048005e+01
   6.5580269e+01  -4.0047020e+01
   6.5579860e+01  -4.0046035e+01
   6.5579454e+01  -4.0045048e+01
   6.5579053e+01  -4.0044061e+01
   6.5578656e+01  -4.0043074e+01
   6.5578264e+01  -4.0042084e+01
   6.5577880e+01  -4.0041094e+01
   6.5577503e+01  -4.0040102e+01
   6.5577134e+01  -4.0039108e+01
   6.5576773e+01  -4.0038113e+01
   6.5576420e+01  -4.0037116e+01
   6.5576074e+01  -4.0036118e+01
   6.5575735e+01  -4.0035118e+01
   6.5575403e+01  -4.0034116e+01
   6.5575078e+01  -4.0033114e+01
   6.5574760e+01  -4.0032110e+01
   6.5574440e+01  -4.0031106e+01
   6.5574119e+01  -4.0030102e+01
   6.5573798e+01  -4.0029099e+01
   6.5573477e+01  -4.0028095e+01
   6.5573157e+01  -4.0027092e+01
   6.5572838e+01  -4.0026088e+01
   6.5572523e+01  -4.0025083e+01
   6.5572210e+01  -4.0024078e+01
   6.5571902e+01  -4.0023072e+01
   6.5571597e+01  -4.0022065e+01
   6.5571287e+01  -4.0021060e+01
   6.5570958e+01  -4.0020058e+01
   6.5570611e+01  -4.0019061e+01
   6.5570249e+01  -4.0018066e+01
   6.5569873e+01  -4.0017074e+01
   6.5569486e+01  -4.0016085e+01
   6.5569091e+01  -4.0015098e+01
   6.5568692e+01  -4.0014111e+01
   6.5568291e+01  -4.0013125e+01
   6.5567894e+01  -4.0012138e+01
   6.5567497e+01  -4.0011151e+01
   6.5567094e+01  -4.0010165e+01
   6.5566684e+01  -4.0009181e+01
   6.5566262e+01  -4.0008199e+01
   6.5565827e+01  -4.0007221e+01
   6.5565373e+01  -4.0006246e+01
   6.5564896e+01  -4.0005276e+01
   6.5564419e+01  -4.0004331e+01
   6.5563941e+01  -4.0003378e+01
   6.5563467e+01  -4.0002407e+01
   6.5563021e+01  -4.0001431e+01
   6.5562610e+01  -4.0000447e+01
   6.5562229e+01  -3.9999457e+01
   6.5561873e+01  -3.9998462e+01
   6.5561538e+01  -3.9997462e+01
   6.5561223e+01  -3.9996459e+01
   6.5560924e+01  -3.9995452e+01
   6.5560640e+01  -3.9994441e+01
   6.5560369e+01  -3.9993428e+01
   6.5560110e+01  -3.9992413e+01
