   7.2314740e+01  -5.2156306e+01
   7.2314247e+01  -5.2157321e+01
   7.2313754e+01  -5.2158319e+01
   7.2313262e+01  -5.2159301e+01
   7.2312770e+01  -5.2160269e+01
   7.2312279e+01  -5.2161224e+01
   7.2311789e+01  -5.2162167e+01
   7.2311298e+01  -5.2163100e+01
   7.2310809e+01  -5.2164023e+01
   7.2310319e+01  -5.2164938e+01
   7.2309830e+01  -5.2165845e+01
   7.2309341e+01  -5.2166746e+01
   7.2308852e+01  -5.2167636e+01
   7.2308364e+01  -5.2168516e+01
   7.2307876e+01  -5.2169385e+01
   7.2307388e+01  -5.2170242e+01
   7.2306901e+01  -5.2171088e+01
   7.2306415e+01  -5.2171922e+01
   7.2305929e+01  -5.2172746e+01
   7.2305443e+01  -5.2173558e+01
   7.2304958e+01  -5.2174359e+01
   7.2304473e+01  -5.2175150e+01
   7.2303988e+01  -5.2175931e+01
   7.2303504e+01  -5.2176703e+01
   7.2303020e+01  -5.2177467e+01
   7.2302537e+01  -5.2178223e+01
   7.2302053e+01  -5.2178971e+01
   7.2301570e+01  -5.2179711e+01
   7.2301088e+01  -5.2180444e+01
   7.2300605e+01  -5.2181170e+01
   7.2300123e+01  -5.2181890e+01
   7.2299641e+01  -5.2182604e+01
   7.2299159e+01  -5.2183314e+01
   7.2298677e+01  -5.2184022e+01
   7.2298196e+01  -5.2184726e+01
   7.2297714e+01  -5.2185425e+01
   7.2297233e+01  -5.2186120e+01
   7.2296752e+01  -5.2186810e+01
   7.2296271e+01  -5.2187495e+01
   7.2295790e+01  -5.2188174e+01
   7.2295310e+01  -5.2188846e+01
   7.2294830e+01  -5.2189512e+01
   7.2294349e+01  -5.2190178e+01
   7.2293869e+01  -5.2190845e+01
   7.2293389e+01  -5.2191513e+01
   7.2292909e+01  -5.2192181e+01
   7.2292428e+01  -5.2192850e+01
   7.2291948e+01  -5.2193521e+01
   7.2291467e+01  -5.2194193e+01
   7.2290987e+01  -5.2194866e+01
   7.2290506e+01  -5.2195538e+01
   7.2290026e+01  -5.2196208e+01
   7.2289546e+01  -5.2196880e+01
   7.2289065e+01  -5.2197553e+01
   7.2288585e+01  -5.2198227e+01
   7.2288104e+01  -5.2198904e+01
   7.2287623e+01  -5.2199583e+01
   7.2287142e+01  -5.2200265e+01
   7.2286661e+01  -5.2200950e+01
   7.2286180e+01  -5.2201638e+01
   7.2285699e+01  -5.2202330e+01
   7.2285218e+01  -5.2203026e+01
   7.2284736e+01  -5.2203729e+01
   7.2284254e+01  -5.2204439e+01
   7.2283772e+01  -5.2205153e+01
   7.2283290e+01  -5.2205869e+01
   7.2282807e+01  -5.2206586e+01
   7.2282325e+01  -5.2207304e+01
   7.2281843e+01  -5.2208021e+01
   7.2281361e+01  -5.2208737e+01
   7.2280878e+01  -5.2209450e+01
   7.2280397e+01  -5.2210159e+01
   7.2279915e+01  -5.2210866e+01
   7.2279433e+01  -5.2211570e+01
   7.2278951e+01  -5.2212273e+01
   7.2278469e+01  -5.2212975e+01
   7.2277988e+01  -5.2213676e+01
   7.2277506e+01  -5.2214378e+01
   7.2277024e+01  -5.2215080e+01
   7.2276543e+01  -5.2215783e+01
   7.2276061e+01  -5.2216490e+01
   7.2275579e+01  -5.2217201e+01
   7.2275096e+01  -5.2217914e+01
   7.2274614e+01  -5.2218631e+01
   7.2274132e+01  -5.2219350e+01
   7.2273649e+01  -5.2220073e+01
   7.2273167e+01  -5.2220799e+01
   7.2272684e+01  -5.2221529e+01
   7.2272201e+01  -5.2222262e+01
   7.2271718e+01  -5.2223000e+01
   7.2271234e+01  -5.2223742e+01
   7.2270751e+01  -5.2224488e+01
   7.2270268e+01  -5.2225231e+01
   7.2269784e+01  -5.2225972e+01
   7.2269301e+01  -5.2226709e+01
   7.2268818e+01  -5.2227444e+01
   7.2268335e+01  -5.2228178e+01
   7.2267852e+01  -5.2228912e+01
   7.2267369e+01  -5.2229645e+01
   7.2266886e+01  -5.2230378e+01
   7.2266403e+01  -5.2231111e+01
   7.2265920e+01  -5.2231845e+01
   7.2265437e+01  -5.2232575e+01
   7.2264955e+01  -5.2233303e+01
   7.2264472e+01  -5.2234028e+01
   7.2263989e+01  -5.2234751e+01
   7.2263507e+01  -5.2235473e+01
   7.2263024e+01  -5.2236193e+01
   7.2262542e+01  -5.2236913e+01
   7.2262059e+01  -5.2237631e+01
   7.2261577e+01  -5.2238350e+01
   7.2261094e+01  -5.2239068e+01
   7.2260612e+01  -5.2239785e+01
   7.2260129e+01  -5.2240501e+01
   7.2259647e+01  -5.2241216e+01
   7.2259165e+01  -5.2241930e+01
   7.2258683e+01  -5.2242642e+01
   7.2258200e+01  -5.2243353e+01
   7.2257718e+01  -5.2244062e+01
   7.2257236e+01  -5.2244770e+01
   7.2256754e+01  -5.2245476e+01
   7.2256272e+01  -5.2246181e+01
   7.2255790e+01  -5.2246884e+01
   7.2255308e+01  -5.2247586e+01
   7.2254827e+01  -5.2248286e+01
   7.2254345e+01  -5.2248985e+01
   7.2253863e+01  -5.2249683e+01
   7.2253382e+01  -5.2250378e+01
   7.2252900e+01  -5.2251073e+01
   7.2252418e+01  -5.2251766e+01
   7.2251937e+01  -5.2252459e+01
   7.2251455e+01  -5.2253151e+01
   7.2250974e+01  -5.2253843e+01
   7.2250492e+01  -5.2254535e+01
   7.2250011e+01  -5.2255229e+01
   7.2249529e+01  -5.2255925e+01
   7.2249047e+01  -5.2256623e+01
   7.2248565e+01  -5.2257324e+01
   7.2248083e+01  -5.2258029e+01
   7.2247601e+01  -5.2258737e+01
   7.2247119e+01  -5.2259450e+01
   7.2246636e+01  -5.2260167e+01
   7.2246153e+01  -5.2260894e+01
   7.2245670e+01  -5.2261630e+01
   7.2245187e+01  -5.2262377e+01
   7.2244703e+01  -5.2263131e+01
   7.2244218e+01  -5.2263894e+01
   7.2243734e+01  -5.2264664e+01
   7.2243249e+01  -5.2265442e+01
   7.2242763e+01  -5.2266229e+01
   7.2242278e+01  -5.2267024e+01
   7.2241792e+01  -5.2267828e+01
   7.2241306e+01  -5.2268641e+01
   7.2240819e+01  -5.2269463e+01
   7.2240332e+01  -5.2270295e+01
   7.2239845e+01  -5.2271136e+01
   7.2239357e+01  -5.2271986e+01
   7.2238869e+01  -5.2272846e+01
   7.2238380e+01  -5.2273716e+01
   7.2237891e+01  -5.2274596e+01
   7.2237402e+01  -5.2275484e+01
   7.2236912e+01  -5.2276382e+01
   7.2236422e+01  -5.2277294e+01
   7.2235931e+01  -5.2278221e+01
   7.2235440e+01  -5.2279160e+01
   7.2234948e+01  -5.2280111e+01
   7.2234456e+01  -5.2281074e+01
   7.2233963e+01  -5.2282046e+01
   7.2233471e+01  -5.2283027e+01
   7.2232977e+01  -5.2284016e+01
   7.2232484e+01  -5.2285012e+01
   7.2231990e+01  -5.2286014e+01
   7.2231496e+01  -5.2287019e+01
   7.2231002e+01  -5.2288022e+01
   7.2230509e+01  -5.2289024e+01
   7.2230015e+01  -5.2290024e+01
   7.2229521e+01  -5.2291023e+01
   7.2229027e+01  -5.2292020e+01
   7.2228534e+01  -5.2293015e+01
   7.2228040e+01  -5.2294009e+01
   7.2227547e+01  -5.2295002e+01
   7.2227054e+01  -5.2295992e+01
   7.2226561e+01  -5.2296970e+01
   7.2226068e+01  -5.2297937e+01
   7.2225576e+01  -5.2298894e+01
   7.2225084e+01  -5.2299844e+01
   7.2224593e+01  -5.2300786e+01
   7.2224101e+01  -5.2301720e+01
   7.2223610e+01  -5.2302650e+01
   7.2223120e+01  -5.2303574e+01
   7.2222629e+01  -5.2304494e+01
   7.2222138e+01  -5.2305411e+01
   7.2221649e+01  -5.2306307e+01
   7.2221159e+01  -5.2307185e+01
   7.2220671e+01  -5.2308050e+01
   7.2220183e+01  -5.2308904e+01
   7.2219695e+01  -5.2309751e+01
   7.2219207e+01  -5.2310593e+01
   7.2218720e+01  -5.2311432e+01
   7.2218233e+01  -5.2312259e+01
   7.2217746e+01  -5.2313075e+01
   7.2217260e+01  -5.2313881e+01
   7.2216774e+01  -5.2314666e+01
   7.2216290e+01  -5.2315431e+01
   7.2215805e+01  -5.2316180e+01
   7.2215322e+01  -5.2316916e+01
   7.2214839e+01  -5.2317640e+01
   7.2214356e+01  -5.2318356e+01
   7.2213874e+01  -5.2319065e+01
   7.2213391e+01  -5.2319769e+01
   7.2212909e+01  -5.2320471e+01
   7.2212427e+01  -5.2321173e+01
   7.2211945e+01  -5.2321873e+01
   7.2211463e+01  -5.2322572e+01
   7.2210981e+01  -5.2323267e+01
   7.2210499e+01  -5.2323953e+01
   7.2210018e+01  -5.2324633e+01
   7.2209536e+01  -5.2325308e+01
   7.2209055e+01  -5.2325979e+01
   7.2208574e+01  -5.2326645e+01
   7.2208094e+01  -5.2327309e+01
   7.2207613e+01  -5.2327971e+01
   7.2207132e+01  -5.2328632e+01
   7.2206652e+01  -5.2329292e+01
   7.2206171e+01  -5.2329952e+01
   7.2205691e+01  -5.2330611e+01
   7.2205210e+01  -5.2331269e+01
   7.2204729e+01  -5.2331927e+01
   7.2204249e+01  -5.2332584e+01
   7.2203768e+01  -5.2333241e+01
   7.2203288e+01  -5.2333899e+01
   7.2202807e+01  -5.2334555e+01
   7.2202327e+01  -5.2335209e+01
   7.2201846e+01  -5.2335863e+01
   7.2201366e+01  -5.2336517e+01
   7.2200886e+01  -5.2337172e+01
   7.2200405e+01  -5.2337827e+01
   7.2199925e+01  -5.2338483e+01
   7.2199444e+01  -5.2339142e+01
   7.2198963e+01  -5.2339803e+01
   7.2198482e+01  -5.2340468e+01
   7.2198001e+01  -5.2341136e+01
   7.2197520e+01  -5.2341812e+01
   7.2197038e+01  -5.2342495e+01
   7.2196557e+01  -5.2343187e+01
   7.2196074e+01  -5.2343885e+01
   7.2195592e+01  -5.2344591e+01
   7.2195109e+01  -5.2345303e+01
   7.2194626e+01  -5.2346019e+01
   7.2194143e+01  -5.2346739e+01
   7.2193660e+01  -5.2347462e+01
   7.2193177e+01  -5.2348188e+01
   7.2192693e+01  -5.2348918e+01
   7.2192209e+01  -5.2349652e+01
   7.2191726e+01  -5.2350391e+01
   7.2191242e+01  -5.2351134e+01
   7.2190757e+01  -5.2351883e+01
   7.2190273e+01  -5.2352638e+01
   7.2189788e+01  -5.2353398e+01
   7.2189303e+01  -5.2354165e+01
   7.2188818e+01  -5.2354938e+01
   7.2188332e+01  -5.2355718e+01
   7.2187846e+01  -5.2356514e+01
   7.2187360e+01  -5.2357325e+01
   7.2186872e+01  -5.2358150e+01
   7.2186384e+01  -5.2358991e+01
   7.2185896e+01  -5.2359846e+01
   7.2185407e+01  -5.2360715e+01
   7.2184917e+01  -5.2361599e+01
   7.2184427e+01  -5.2362496e+01
   7.2183936e+01  -5.2363407e+01
   7.2183445e+01  -5.2364331e+01
   7.2182953e+01  -5.2365272e+01
   7.2182461e+01  -5.2366232e+01
   7.2181967e+01  -5.2367211e+01
   7.2181473e+01  -5.2368208e+01
   7.2180978e+01  -5.2369225e+01
   7.2180482e+01  -5.2370259e+01
   7.2179986e+01  -5.2371306e+01
   7.2179490e+01  -5.2372366e+01
   7.2178993e+01  -5.2373436e+01
   7.2178495e+01  -5.2374517e+01
   7.2177997e+01  -5.2375603e+01
   7.2177499e+01  -5.2376695e+01
   7.2177001e+01  -5.2377794e+01
   7.2176503e+01  -5.2378899e+01
   7.2176004e+01  -5.2380011e+01
   7.2175505e+01  -5.2381129e+01
   7.2175005e+01  -5.2382254e+01
   7.2174506e+01  -5.2383380e+01
   7.2174007e+01  -5.2384505e+01
   7.2173507e+01  -5.2385629e+01
   7.2173008e+01  -5.2386749e+01
   7.2172509e+01  -5.2387865e+01
   7.2172010e+01  -5.2388977e+01
   7.2171512e+01  -5.2390087e+01
   7.2171013e+01  -5.2391193e+01
   7.2170514e+01  -5.2392298e+01
   7.2170016e+01  -5.2393399e+01
   7.2169517e+01  -5.2394499e+01
   7.2169019e+01  -5.2395599e+01
   7.2168520e+01  -5.2396699e+01
   7.2168022e+01  -5.2397797e+01
   7.2167524e+01  -5.2398892e+01
   7.2167026e+01  -5.2399983e+01
   7.2166528e+01  -5.2401069e+01
   7.2166030e+01  -5.2402149e+01
   7.2165533e+01  -5.2403223e+01
   7.2165035e+01  -5.2404290e+01
   7.2164539e+01  -5.2405349e+01
   7.2164042e+01  -5.2406400e+01
   7.2163546e+01  -5.2407444e+01
   7.2163050e+01  -5.2408483e+01
   7.2162554e+01  -5.2409517e+01
   7.2162058e+01  -5.2410546e+01
   7.2161563e+01  -5.2411568e+01
   7.2161067e+01  -5.2412583e+01
   7.2160573e+01  -5.2413590e+01
   7.2160078e+01  -5.2414588e+01
   7.2159584e+01  -5.2415577e+01
   7.2159090e+01  -5.2416556e+01
   7.2158597e+01  -5.2417524e+01
   7.2158104e+01  -5.2418478e+01
   7.2157612e+01  -5.2419418e+01
   7.2157120e+01  -5.2420344e+01
   7.2156629e+01  -5.2421257e+01
   7.2156138e+01  -5.2422155e+01
   7.2155648e+01  -5.2423039e+01
   7.2155159e+01  -5.2423908e+01
   7.2154670e+01  -5.2424763e+01
   7.2154182e+01  -5.2425602e+01
   7.2153694e+01  -5.2426426e+01
   7.2153207e+01  -5.2427236e+01
   7.2152721e+01  -5.2428033e+01
   7.2152234e+01  -5.2428816e+01
   7.2151749e+01  -5.2429588e+01
   7.2151264e+01  -5.2430347e+01
   7.2150779e+01  -5.2431095e+01
   7.2150295e+01  -5.2431832e+01
   7.2149811e+01  -5.2432559e+01
   7.2149328e+01  -5.2433275e+01
   7.2148845e+01  -5.2433981e+01
   7.2148362e+01  -5.2434686e+01
   7.2147879e+01  -5.2435388e+01
   7.2147396e+01  -5.2436089e+01
   7.2146914e+01  -5.2436789e+01
   7.2146431e+01  -5.2437487e+01
   7.2145948e+01  -5.2438184e+01
   7.2145466e+01  -5.2438880e+01
   7.2144983e+01  -5.2439575e+01
   7.2144501e+01  -5.2440270e+01
   7.2144018e+01  -5.2440964e+01
   7.2143536e+01  -5.2441658e+01
   7.2143053e+01  -5.2442355e+01
   7.2142570e+01  -5.2443052e+01
   7.2142088e+01  -5.2443749e+01
   7.2141605e+01  -5.2444449e+01
   7.2141122e+01  -5.2445151e+01
   7.2140639e+01  -5.2445856e+01
   7.2140156e+01  -5.2446566e+01
   7.2139673e+01  -5.2447281e+01
   7.2139189e+01  -5.2448003e+01
   7.2138705e+01  -5.2448724e+01
   7.2138222e+01  -5.2449444e+01
   7.2137738e+01  -5.2450162e+01
   7.2137255e+01  -5.2450879e+01
   7.2136771e+01  -5.2451595e+01
   7.2136288e+01  -5.2452308e+01
   7.2135805e+01  -5.2453020e+01
   7.2135321e+01  -5.2453730e+01
   7.2134838e+01  -5.2454439e+01
   7.2134355e+01  -5.2455149e+01
   7.2133871e+01  -5.2455865e+01
   7.2133388e+01  -5.2456586e+01
   7.2132904e+01  -5.2457312e+01
   7.2132420e+01  -5.2458044e+01
   7.2131935e+01  -5.2458780e+01
   7.2131451e+01  -5.2459521e+01
   7.2130966e+01  -5.2460266e+01
   7.2130481e+01  -5.2461016e+01
   7.2129996e+01  -5.2461771e+01
   7.2129511e+01  -5.2462529e+01
   7.2129026e+01  -5.2463295e+01
   7.2128540e+01  -5.2464067e+01
   7.2128054e+01  -5.2464846e+01
   7.2127567e+01  -5.2465630e+01
   7.2127081e+01  -5.2466422e+01
   7.2126594e+01  -5.2467219e+01
   7.2126107e+01  -5.2468024e+01
   7.2125620e+01  -5.2468835e+01
   7.2125132e+01  -5.2469653e+01
   7.2124644e+01  -5.2470479e+01
   7.2124156e+01  -5.2471307e+01
   7.2123668e+01  -5.2472137e+01
   7.2123180e+01  -5.2472968e+01
   7.2122691e+01  -5.2473798e+01
   7.2122203e+01  -5.2474628e+01
   7.2121715e+01  -5.2475455e+01
   7.2121227e+01  -5.2476280e+01
   7.2120739e+01  -5.2477101e+01
   7.2120252e+01  -5.2477917e+01
   7.2119765e+01  -5.2478724e+01
   7.2119278e+01  -5.2479510e+01
   7.2118793e+01  -5.2480273e+01
   7.2118308e+01  -5.2481013e+01
   7.2117824e+01  -5.2481731e+01
   7.2117342e+01  -5.2482426e+01
   7.2116860e+01  -5.2483100e+01
   7.2116379e+01  -5.2483751e+01
   7.2115899e+01  -5.2484380e+01
   7.2115419e+01  -5.2484987e+01
   7.2114941e+01  -5.2485573e+01
   7.2114463e+01  -5.2486140e+01
   7.2113987e+01  -5.2486687e+01
   7.2113510e+01  -5.2487217e+01
   7.2113035e+01  -5.2487729e+01
   7.2112560e+01  -5.2488224e+01
   7.2112086e+01  -5.2488703e+01
   7.2111613e+01  -5.2489164e+01
   7.2111140e+01  -5.2489607e+01
   7.2110668e+01  -5.2490032e+01
   7.2110197e+01  -5.2490438e+01
   7.2109727e+01  -5.2490827e+01
   7.2109257e+01  -5.2491200e+01
   7.2108788e+01  -5.2491557e+01
   7.2108319e+01  -5.2491901e+01
   7.2107851e+01  -5.2492230e+01
   7.2107384e+01  -5.2492547e+01
   7.2106917e+01  -5.2492852e+01
   7.2106450e+01  -5.2493145e+01
   7.2105984e+01  -5.2493428e+01
   7.2105518e+01  -5.2493700e+01
   7.2105053e+01  -5.2493969e+01
   7.2104587e+01  -5.2494234e+01
   7.2104122e+01  -5.2494498e+01
   7.2103656e+01  -5.2494760e+01
   7.2103191e+01  -5.2495021e+01
   7.2102726e+01  -5.2495282e+01
   7.2102261e+01  -5.2495545e+01
   7.2101795e+01  -5.2495809e+01
   7.2101330e+01  -5.2496075e+01
   7.2100864e+01  -5.2496345e+01
   7.2100398e+01  -5.2496635e+01
   7.2099930e+01  -5.2496944e+01
   7.2099462e+01  -5.2497274e+01
   7.2098993e+01  -5.2497627e+01
   7.2098523e+01  -5.2498003e+01
   7.2098052e+01  -5.2498403e+01
   7.2097581e+01  -5.2498827e+01
   7.2097108e+01  -5.2499275e+01
   7.2096634e+01  -5.2499746e+01
   7.2096159e+01  -5.2500242e+01
   7.2095683e+01  -5.2500759e+01
   7.2095207e+01  -5.2501299e+01
   7.2094729e+01  -5.2501862e+01
   7.2094251e+01  -5.2502449e+01
   7.2093771e+01  -5.2503060e+01
   7.2093291e+01  -5.2503697e+01
   7.2092809e+01  -5.2504360e+01
   7.2092327e+01  -5.2505050e+01
   7.2091843e+01  -5.2505769e+01
   7.2091358e+01  -5.2506517e+01
   7.2090871e+01  -5.2507295e+01
   7.2090384e+01  -5.2508104e+01
   7.2089895e+01  -5.2508942e+01
   7.2089406e+01  -5.2509802e+01
   7.2088915e+01  -5.2510685e+01
   7.2088424e+01  -5.2511589e+01
   7.2087931e+01  -5.2512516e+01
   7.2087438e+01  -5.2513464e+01
   7.2086944e+01  -5.2514433e+01
   7.2086449e+01  -5.2515423e+01
   7.2085954e+01  -5.2516422e+01
   7.2085458e+01  -5.2517432e+01
   7.2084962e+01  -5.2518453e+01
   7.2084465e+01  -5.2519486e+01
   7.2083968e+01  -5.2520532e+01
   7.2083470e+01  -5.2521591e+01
   7.2082972e+01  -5.2522663e+01
   7.2082473e+01  -5.2523745e+01
   7.2081974e+01  -5.2524839e+01
   7.2081474e+01  -5.2525945e+01
   7.2080975e+01  -5.2527049e+01
   7.2080475e+01  -5.2528152e+01
   7.2079976e+01  -5.2529253e+01
   7.2079476e+01  -5.2530352e+01
   7.2078977e+01  -5.2531449e+01
   7.2078478e+01  -5.2532542e+01
   7.2077979e+01  -5.2533632e+01
   7.2077480e+01  -5.2534714e+01
   7.2076981e+01  -5.2535789e+01
   7.2076483e+01  -5.2536856e+01
   7.2075986e+01  -5.2537904e+01
   7.2075489e+01  -5.2538933e+01
   7.2074993e+01  -5.2539941e+01
   7.2074498e+01  -5.2540927e+01
   7.2074004e+01  -5.2541893e+01
   7.2073511e+01  -5.2542837e+01
   7.2073018e+01  -5.2543759e+01
   7.2072527e+01  -5.2544659e+01
   7.2072037e+01  -5.2545536e+01
