   6.9138965e+01  -4.9016810e+01
   6.9138700e+01  -4.9018015e+01
   6.9138437e+01  -4.9019220e+01
   6.9138177e+01  -4.9020426e+01
   6.9137920e+01  -4.9021633e+01
   6.9137665e+01  -4.9022840e+01
   6.9137412e+01  -4.9024047e+01
   6.9137161e+01  -4.9025255e+01
   6.9136913e+01  -4.9026463e+01
   6.9136666e+01  -4.9027671e+01
   6.9136422e+01  -4.9028880e+01
   6.9136179e+01  -4.9030089e+01
   6.9135939e+01  -4.9031299e+01
   6.9135702e+01  -4.9032510e+01
   6.9135468e+01  -4.9033720e+01
   6.9135237e+01  -4.9034932e+01
   6.9135008e+01  -4.9036144e+01
   6.9134782e+01  -4.9037356e+01
   6.9134559e+01  -4.9038569e+01
   6.9134338e+01  -4.9039782e+01
   6.9134119e+01  -4.9040996e+01
   6.9133903e+01  -4.9042210e+01
   6.9133689e+01  -4.9043425e+01
   6.9133479e+01  -4.9044640e+01
   6.9133273e+01  -4.9045856e+01
   6.9133070e+01  -4.9047073e+01
   6.9132870e+01  -4.9048290e+01
   6.9132674e+01  -4.9049508e+01
   6.9132481e+01  -4.9050727e+01
   6.9132291e+01  -4.9051946e+01
   6.9132104e+01  -4.9053166e+01
   6.9131921e+01  -4.9054386e+01
   6.9131741e+01  -4.9055608e+01
   6.9131565e+01  -4.9056829e+01
   6.9131392e+01  -4.9058052e+01
   6.9131223e+01  -4.9059275e+01
   6.9131058e+01  -4.9060499e+01
   6.9130896e+01  -4.9061724e+01
   6.9130737e+01  -4.9062949e+01
   6.9130581e+01  -4.9064175e+01
   6.9130428e+01  -4.9065401e+01
   6.9130278e+01  -4.9066628e+01
   6.9130132e+01  -4.9067856e+01
   6.9129989e+01  -4.9069084e+01
   6.9129849e+01  -4.9070313e+01
   6.9129713e+01  -4.9071543e+01
   6.9129579e+01  -4.9072773e+01
   6.9129449e+01  -4.9074004e+01
   6.9129321e+01  -4.9075235e+01
   6.9129197e+01  -4.9076467e+01
   6.9129075e+01  -4.9077699e+01
   6.9128956e+01  -4.9078932e+01
   6.9128840e+01  -4.9080166e+01
   6.9128727e+01  -4.9081400e+01
   6.9128618e+01  -4.9082635e+01
   6.9128512e+01  -4.9083871e+01
   6.9128409e+01  -4.9085107e+01
   6.9128309e+01  -4.9086344e+01
   6.9128212e+01  -4.9087581e+01
   6.9128118e+01  -4.9088819e+01
   6.9128028e+01  -4.9090058e+01
   6.9127941e+01  -4.9091297e+01
   6.9127856e+01  -4.9092537e+01
   6.9127773e+01  -4.9093777e+01
   6.9127693e+01  -4.9095017e+01
   6.9127614e+01  -4.9096258e+01
   6.9127538e+01  -4.9097500e+01
   6.9127463e+01  -4.9098741e+01
   6.9127391e+01  -4.9099984e+01
   6.9127320e+01  -4.9101226e+01
   6.9127251e+01  -4.9102469e+01
   6.9127184e+01  -4.9103712e+01
   6.9127118e+01  -4.9104956e+01
   6.9127054e+01  -4.9106199e+01
   6.9126990e+01  -4.9107443e+01
   6.9126927e+01  -4.9108687e+01
   6.9126866e+01  -4.9109932e+01
   6.9126806e+01  -4.9111176e+01
   6.9126746e+01  -4.9112421e+01
   6.9126688e+01  -4.9113666e+01
   6.9126631e+01  -4.9114911e+01
   6.9126575e+01  -4.9116157e+01
   6.9126519e+01  -4.9117402e+01
   6.9126464e+01  -4.9118648e+01
   6.9126409e+01  -4.9119893e+01
   6.9126355e+01  -4.9121139e+01
   6.9126301e+01  -4.9122385e+01
   6.9126248e+01  -4.9123631e+01
   6.9126195e+01  -4.9124877e+01
   6.9126143e+01  -4.9126123e+01
   6.9126092e+01  -4.9127369e+01
   6.9126040e+01  -4.9128616e+01
   6.9125990e+01  -4.9129862e+01
   6.9125939e+01  -4.9131109e+01
   6.9125890e+01  -4.9132355e+01
   6.9125840e+01  -4.9133602e+01
   6.9125791e+01  -4.9134849e+01
   6.9125743e+01  -4.9136095e+01
   6.9125694e+01  -4.9137342e+01
   6.9125647e+01  -4.9138589e+01
   6.9125600e+01  -4.9139836e+01
   6.9125553e+01  -4.9141084e+01
   6.9125507e+01  -4.9142331e+01
   6.9125462e+01  -4.9143579e+01
   6.9125418e+01  -4.9144826e+01
   6.9125375e+01  -4.9146074e+01
   6.9125333e+01  -4.9147322e+01
   6.9125292e+01  -4.9148571e+01
   6.9125251e+01  -4.9149819e+01
   6.9125212e+01  -4.9151068e+01
   6.9125174e+01  -4.9152317e+01
   6.9125136e+01  -4.9153566e+01
   6.9125100e+01  -4.9154815e+01
   6.9125065e+01  -4.9156064e+01
   6.9125031e+01  -4.9157314e+01
   6.9124998e+01  -4.9158564e+01
   6.9124966e+01  -4.9159815e+01
   6.9124936e+01  -4.9161065e+01
   6.9124907e+01  -4.9162316e+01
   6.9124879e+01  -4.9163567e+01
   6.9124852e+01  -4.9164818e+01
   6.9124826e+01  -4.9166069e+01
   6.9124801e+01  -4.9167321e+01
   6.9124776e+01  -4.9168572e+01
   6.9124752e+01  -4.9169824e+01
   6.9124727e+01  -4.9171076e+01
   6.9124704e+01  -4.9172328e+01
   6.9124680e+01  -4.9173580e+01
   6.9124657e+01  -4.9174832e+01
   6.9124635e+01  -4.9176084e+01
   6.9124613e+01  -4.9177336e+01
   6.9124591e+01  -4.9178588e+01
   6.9124568e+01  -4.9179840e+01
   6.9124544e+01  -4.9181092e+01
   6.9124518e+01  -4.9182343e+01
   6.9124490e+01  -4.9183594e+01
   6.9124462e+01  -4.9184845e+01
   6.9124432e+01  -4.9186095e+01
   6.9124400e+01  -4.9187346e+01
   6.9124367e+01  -4.9188596e+01
   6.9124333e+01  -4.9189845e+01
   6.9124298e+01  -4.9191095e+01
   6.9124258e+01  -4.9192343e+01
   6.9124213e+01  -4.9193591e+01
   6.9124164e+01  -4.9194837e+01
   6.9124111e+01  -4.9196083e+01
   6.9124053e+01  -4.9197328e+01
   6.9123990e+01  -4.9198572e+01
   6.9123924e+01  -4.9199814e+01
   6.9123853e+01  -4.9201057e+01
   6.9123778e+01  -4.9202298e+01
   6.9123699e+01  -4.9203538e+01
   6.9123615e+01  -4.9204777e+01
   6.9123525e+01  -4.9206016e+01
   6.9123430e+01  -4.9207253e+01
   6.9123330e+01  -4.9208489e+01
   6.9123224e+01  -4.9209724e+01
   6.9123114e+01  -4.9210957e+01
   6.9122998e+01  -4.9212190e+01
   6.9122878e+01  -4.9213422e+01
   6.9122752e+01  -4.9214653e+01
   6.9122622e+01  -4.9215882e+01
   6.9122487e+01  -4.9217111e+01
   6.9122350e+01  -4.9218339e+01
   6.9122208e+01  -4.9219567e+01
   6.9122063e+01  -4.9220793e+01
   6.9121914e+01  -4.9222019e+01
   6.9121761e+01  -4.9223244e+01
   6.9121605e+01  -4.9224468e+01
   6.9121444e+01  -4.9225692e+01
   6.9121280e+01  -4.9226914e+01
   6.9121112e+01  -4.9228136e+01
   6.9120942e+01  -4.9229357e+01
   6.9120770e+01  -4.9230578e+01
   6.9120597e+01  -4.9231798e+01
   6.9120421e+01  -4.9233019e+01
   6.9120245e+01  -4.9234238e+01
   6.9120066e+01  -4.9235458e+01
   6.9119885e+01  -4.9236677e+01
   6.9119703e+01  -4.9237895e+01
   6.9119519e+01  -4.9239114e+01
   6.9119334e+01  -4.9240332e+01
   6.9119149e+01  -4.9241550e+01
   6.9118965e+01  -4.9242768e+01
   6.9118781e+01  -4.9243986e+01
   6.9118597e+01  -4.9245204e+01
   6.9118415e+01  -4.9246423e+01
   6.9118232e+01  -4.9247641e+01
   6.9118050e+01  -4.9248860e+01
   6.9117868e+01  -4.9250078e+01
   6.9117686e+01  -4.9251297e+01
   6.9117505e+01  -4.9252515e+01
   6.9117325e+01  -4.9253734e+01
   6.9117147e+01  -4.9254953e+01
   6.9116972e+01  -4.9256173e+01
   6.9116797e+01  -4.9257393e+01
   6.9116625e+01  -4.9258613e+01
   6.9116454e+01  -4.9259834e+01
   6.9116286e+01  -4.9261055e+01
   6.9116118e+01  -4.9262277e+01
   6.9115953e+01  -4.9263498e+01
   6.9115789e+01  -4.9264720e+01
   6.9115629e+01  -4.9265943e+01
   6.9115474e+01  -4.9267167e+01
   6.9115322e+01  -4.9268392e+01
   6.9115175e+01  -4.9269617e+01
   6.9115031e+01  -4.9270843e+01
   6.9114892e+01  -4.9272070e+01
   6.9114756e+01  -4.9273298e+01
   6.9114624e+01  -4.9274527e+01
   6.9114496e+01  -4.9275756e+01
   6.9114372e+01  -4.9276986e+01
   6.9114254e+01  -4.9278218e+01
   6.9114142e+01  -4.9279450e+01
   6.9114036e+01  -4.9280684e+01
   6.9113936e+01  -4.9281920e+01
   6.9113842e+01  -4.9283156e+01
   6.9113754e+01  -4.9284394e+01
   6.9113672e+01  -4.9285633e+01
   6.9113596e+01  -4.9286873e+01
   6.9113525e+01  -4.9288114e+01
   6.9113460e+01  -4.9289357e+01
   6.9113400e+01  -4.9290600e+01
   6.9113344e+01  -4.9291845e+01
   6.9113293e+01  -4.9293090e+01
   6.9113247e+01  -4.9294337e+01
   6.9113205e+01  -4.9295584e+01
   6.9113167e+01  -4.9296832e+01
   6.9113134e+01  -4.9298081e+01
   6.9113105e+01  -4.9299332e+01
   6.9113081e+01  -4.9300583e+01
   6.9113061e+01  -4.9301835e+01
   6.9113042e+01  -4.9303087e+01
   6.9113025e+01  -4.9304339e+01
   6.9113008e+01  -4.9305592e+01
   6.9112993e+01  -4.9306845e+01
   6.9112979e+01  -4.9308098e+01
   6.9112966e+01  -4.9309352e+01
   6.9112955e+01  -4.9310605e+01
   6.9112944e+01  -4.9311859e+01
   6.9112935e+01  -4.9313114e+01
   6.9112927e+01  -4.9314368e+01
   6.9112917e+01  -4.9315622e+01
   6.9112905e+01  -4.9316876e+01
   6.9112891e+01  -4.9318129e+01
   6.9112876e+01  -4.9319382e+01
   6.9112859e+01  -4.9320635e+01
   6.9112840e+01  -4.9321887e+01
   6.9112819e+01  -4.9323139e+01
   6.9112797e+01  -4.9324390e+01
   6.9112773e+01  -4.9325641e+01
   6.9112747e+01  -4.9326892e+01
   6.9112716e+01  -4.9328141e+01
   6.9112679e+01  -4.9329390e+01
   6.9112637e+01  -4.9330637e+01
   6.9112590e+01  -4.9331883e+01
   6.9112537e+01  -4.9333128e+01
   6.9112479e+01  -4.9334372e+01
   6.9112415e+01  -4.9335615e+01
   6.9112346e+01  -4.9336856e+01
   6.9112271e+01  -4.9338097e+01
   6.9112191e+01  -4.9339336e+01
   6.9112106e+01  -4.9340574e+01
   6.9112017e+01  -4.9341811e+01
   6.9111923e+01  -4.9343047e+01
   6.9111826e+01  -4.9344283e+01
   6.9111724e+01  -4.9345517e+01
   6.9111619e+01  -4.9346751e+01
   6.9111509e+01  -4.9347984e+01
   6.9111395e+01  -4.9349216e+01
   6.9111278e+01  -4.9350447e+01
   6.9111157e+01  -4.9351677e+01
   6.9111031e+01  -4.9352906e+01
   6.9110901e+01  -4.9354135e+01
   6.9110766e+01  -4.9355362e+01
   6.9110627e+01  -4.9356588e+01
   6.9110483e+01  -4.9357814e+01
   6.9110334e+01  -4.9359038e+01
   6.9110180e+01  -4.9360261e+01
   6.9110021e+01  -4.9361484e+01
   6.9109857e+01  -4.9362705e+01
   6.9109688e+01  -4.9363925e+01
   6.9109518e+01  -4.9365144e+01
   6.9109346e+01  -4.9366363e+01
   6.9109173e+01  -4.9367582e+01
   6.9108998e+01  -4.9368801e+01
   6.9108822e+01  -4.9370019e+01
   6.9108644e+01  -4.9371237e+01
   6.9108465e+01  -4.9372455e+01
   6.9108284e+01  -4.9373672e+01
   6.9108102e+01  -4.9374889e+01
   6.9107918e+01  -4.9376106e+01
   6.9107736e+01  -4.9377323e+01
   6.9107556e+01  -4.9378540e+01
   6.9107378e+01  -4.9379758e+01
   6.9107203e+01  -4.9380976e+01
   6.9107028e+01  -4.9382195e+01
   6.9106856e+01  -4.9383414e+01
   6.9106685e+01  -4.9384633e+01
   6.9106517e+01  -4.9385853e+01
   6.9106349e+01  -4.9387073e+01
   6.9106184e+01  -4.9388293e+01
   6.9106022e+01  -4.9389514e+01
   6.9105864e+01  -4.9390736e+01
   6.9105710e+01  -4.9391959e+01
   6.9105560e+01  -4.9393182e+01
   6.9105414e+01  -4.9394407e+01
   6.9105271e+01  -4.9395632e+01
   6.9105132e+01  -4.9396858e+01
   6.9104997e+01  -4.9398084e+01
   6.9104866e+01  -4.9399312e+01
   6.9104738e+01  -4.9400540e+01
   6.9104620e+01  -4.9401771e+01
   6.9104509e+01  -4.9403003e+01
   6.9104407e+01  -4.9404236e+01
   6.9104314e+01  -4.9405472e+01
   6.9104230e+01  -4.9406710e+01
   6.9104155e+01  -4.9407949e+01
   6.9104088e+01  -4.9409191e+01
   6.9104031e+01  -4.9410434e+01
   6.9103983e+01  -4.9411679e+01
   6.9103944e+01  -4.9412927e+01
   6.9103915e+01  -4.9414177e+01
   6.9103897e+01  -4.9415428e+01
   6.9103889e+01  -4.9416682e+01
   6.9103891e+01  -4.9417939e+01
   6.9103903e+01  -4.9419197e+01
   6.9103927e+01  -4.9420458e+01
   6.9103960e+01  -4.9421721e+01
   6.9104005e+01  -4.9422987e+01
   6.9104060e+01  -4.9424254e+01
   6.9104127e+01  -4.9425525e+01
   6.9104209e+01  -4.9426798e+01
   6.9104305e+01  -4.9428075e+01
   6.9104416e+01  -4.9429355e+01
   6.9104542e+01  -4.9430638e+01
   6.9104685e+01  -4.9431925e+01
   6.9104845e+01  -4.9433216e+01
   6.9105021e+01  -4.9434510e+01
   6.9105216e+01  -4.9435808e+01
   6.9105431e+01  -4.9437111e+01
   6.9105665e+01  -4.9438418e+01
   6.9105913e+01  -4.9439728e+01
   6.9106175e+01  -4.9441040e+01
   6.9106450e+01  -4.9442356e+01
   6.9106740e+01  -4.9443675e+01
   6.9107044e+01  -4.9444998e+01
   6.9107364e+01  -4.9446323e+01
   6.9107700e+01  -4.9447653e+01
   6.9108052e+01  -4.9448985e+01
   6.9108421e+01  -4.9450322e+01
   6.9108808e+01  -4.9451663e+01
   6.9109202e+01  -4.9453005e+01
   6.9109604e+01  -4.9454349e+01
   6.9110013e+01  -4.9455694e+01
   6.9110424e+01  -4.9457028e+01
   6.9110836e+01  -4.9458345e+01
   6.9111248e+01  -4.9459643e+01
   6.9111661e+01  -4.9460924e+01
   6.9112074e+01  -4.9462186e+01
   6.9112487e+01  -4.9463430e+01
   6.9112902e+01  -4.9464657e+01
   6.9113316e+01  -4.9465868e+01
   6.9113731e+01  -4.9467065e+01
   6.9114146e+01  -4.9468248e+01
   6.9114562e+01  -4.9469414e+01
   6.9114979e+01  -4.9470564e+01
   6.9115395e+01  -4.9471699e+01
   6.9115812e+01  -4.9472820e+01
   6.9116230e+01  -4.9473926e+01
   6.9116648e+01  -4.9475020e+01
   6.9117066e+01  -4.9476100e+01
   6.9117484e+01  -4.9477169e+01
   6.9117903e+01  -4.9478225e+01
   6.9118322e+01  -4.9479272e+01
   6.9118742e+01  -4.9480312e+01
   6.9119161e+01  -4.9481346e+01
   6.9119581e+01  -4.9482374e+01
   6.9120000e+01  -4.9483398e+01
   6.9120420e+01  -4.9484418e+01
   6.9120840e+01  -4.9485435e+01
   6.9121260e+01  -4.9486450e+01
   6.9121680e+01  -4.9487463e+01
   6.9122100e+01  -4.9488475e+01
   6.9122520e+01  -4.9489488e+01
   6.9122940e+01  -4.9490507e+01
   6.9123359e+01  -4.9491533e+01
   6.9123779e+01  -4.9492569e+01
   6.9124198e+01  -4.9493618e+01
   6.9124616e+01  -4.9494678e+01
   6.9125035e+01  -4.9495752e+01
   6.9125453e+01  -4.9496840e+01
   6.9125870e+01  -4.9497942e+01
   6.9126287e+01  -4.9499058e+01
   6.9126704e+01  -4.9500188e+01
   6.9127120e+01  -4.9501334e+01
   6.9127536e+01  -4.9502497e+01
   6.9127951e+01  -4.9503683e+01
   6.9128365e+01  -4.9504892e+01
   6.9128779e+01  -4.9506130e+01
   6.9129192e+01  -4.9507394e+01
   6.9129604e+01  -4.9508684e+01
   6.9130015e+01  -4.9509996e+01
   6.9130426e+01  -4.9511331e+01
   6.9130835e+01  -4.9512680e+01
   6.9131241e+01  -4.9514027e+01
   6.9131645e+01  -4.9515374e+01
   6.9132044e+01  -4.9516720e+01
   6.9132441e+01  -4.9518066e+01
   6.9132834e+01  -4.9519411e+01
   6.9133225e+01  -4.9520755e+01
   6.9133614e+01  -4.9522099e+01
   6.9134001e+01  -4.9523443e+01
   6.9134388e+01  -4.9524787e+01
   6.9134774e+01  -4.9526131e+01
   6.9135163e+01  -4.9527475e+01
   6.9135554e+01  -4.9528820e+01
   6.9135948e+01  -4.9530165e+01
   6.9136344e+01  -4.9531511e+01
   6.9136743e+01  -4.9532858e+01
   6.9137144e+01  -4.9534205e+01
   6.9137548e+01  -4.9535553e+01
   6.9137955e+01  -4.9536902e+01
   6.9138365e+01  -4.9538251e+01
   6.9138776e+01  -4.9539590e+01
   6.9139187e+01  -4.9540919e+01
   6.9139598e+01  -4.9542240e+01
   6.9140009e+01  -4.9543552e+01
   6.9140420e+01  -4.9544856e+01
   6.9140832e+01  -4.9546154e+01
   6.9141244e+01  -4.9547446e+01
   6.9141656e+01  -4.9548735e+01
   6.9142068e+01  -4.9550020e+01
   6.9142480e+01  -4.9551303e+01
   6.9142892e+01  -4.9552582e+01
   6.9143304e+01  -4.9553861e+01
   6.9143716e+01  -4.9555141e+01
   6.9144128e+01  -4.9556423e+01
   6.9144540e+01  -4.9557706e+01
   6.9144952e+01  -4.9558992e+01
   6.9145364e+01  -4.9560280e+01
   6.9145776e+01  -4.9561576e+01
   6.9146187e+01  -4.9562880e+01
   6.9146598e+01  -4.9564194e+01
   6.9147009e+01  -4.9565519e+01
   6.9147419e+01  -4.9566860e+01
   6.9147825e+01  -4.9568210e+01
