   7.0948877e+01  -5.0677737e+01
   7.0948419e+01  -5.0677950e+01
   7.0947960e+01  -5.0678160e+01
   7.0947502e+01  -5.0678368e+01
   7.0947044e+01  -5.0678574e+01
   7.0946585e+01  -5.0678778e+01
   7.0946127e+01  -5.0678982e+01
   7.0945669e+01  -5.0679184e+01
   7.0945211e+01  -5.0679387e+01
   7.0944753e+01  -5.0679590e+01
   7.0944294e+01  -5.0679793e+01
   7.0943836e+01  -5.0679997e+01
   7.0943378e+01  -5.0680207e+01
   7.0942919e+01  -5.0680423e+01
   7.0942460e+01  -5.0680645e+01
   7.0942001e+01  -5.0680872e+01
   7.0941542e+01  -5.0681105e+01
   7.0941083e+01  -5.0681343e+01
   7.0940623e+01  -5.0681587e+01
   7.0940163e+01  -5.0681837e+01
   7.0939703e+01  -5.0682092e+01
   7.0939243e+01  -5.0682353e+01
   7.0938783e+01  -5.0682619e+01
   7.0938323e+01  -5.0682892e+01
   7.0937862e+01  -5.0683169e+01
   7.0937401e+01  -5.0683453e+01
   7.0936940e+01  -5.0683742e+01
   7.0936479e+01  -5.0684037e+01
   7.0936017e+01  -5.0684337e+01
   7.0935556e+01  -5.0684643e+01
   7.0935094e+01  -5.0684954e+01
   7.0934632e+01  -5.0685271e+01
   7.0934170e+01  -5.0685590e+01
   7.0933708e+01  -5.0685911e+01
   7.0933246e+01  -5.0686235e+01
   7.0932784e+01  -5.0686561e+01
   7.0932321e+01  -5.0686889e+01
   7.0931859e+01  -5.0687218e+01
   7.0931397e+01  -5.0687547e+01
   7.0930935e+01  -5.0687876e+01
   7.0930472e+01  -5.0688205e+01
   7.0930010e+01  -5.0688534e+01
   7.0929548e+01  -5.0688862e+01
   7.0929085e+01  -5.0689189e+01
   7.0928623e+01  -5.0689513e+01
   7.0928161e+01  -5.0689835e+01
   7.0927699e+01  -5.0690153e+01
   7.0927237e+01  -5.0690468e+01
   7.0926775e+01  -5.0690777e+01
   7.0926314e+01  -5.0691082e+01
   7.0925853e+01  -5.0691380e+01
   7.0925391e+01  -5.0691673e+01
   7.0924931e+01  -5.0691950e+01
   7.0924471e+01  -5.0692213e+01
   7.0924011e+01  -5.0692461e+01
   7.0923552e+01  -5.0692695e+01
   7.0923093e+01  -5.0692915e+01
   7.0922635e+01  -5.0693122e+01
   7.0922177e+01  -5.0693314e+01
   7.0921719e+01  -5.0693494e+01
   7.0921262e+01  -5.0693661e+01
   7.0920806e+01  -5.0693814e+01
   7.0920349e+01  -5.0693953e+01
   7.0919894e+01  -5.0694079e+01
   7.0919439e+01  -5.0694191e+01
   7.0918984e+01  -5.0694292e+01
   7.0918529e+01  -5.0694383e+01
   7.0918075e+01  -5.0694464e+01
   7.0917621e+01  -5.0694536e+01
   7.0917167e+01  -5.0694599e+01
   7.0916714e+01  -5.0694656e+01
   7.0916261e+01  -5.0694705e+01
   7.0915807e+01  -5.0694757e+01
   7.0915354e+01  -5.0694811e+01
   7.0914900e+01  -5.0694867e+01
   7.0914447e+01  -5.0694925e+01
   7.0913993e+01  -5.0694986e+01
   7.0913540e+01  -5.0695049e+01
   7.0913086e+01  -5.0695115e+01
   7.0912632e+01  -5.0695183e+01
   7.0912178e+01  -5.0695253e+01
   7.0911724e+01  -5.0695325e+01
   7.0911270e+01  -5.0695401e+01
   7.0910816e+01  -5.0695479e+01
   7.0910362e+01  -5.0695561e+01
   7.0909908e+01  -5.0695645e+01
   7.0909453e+01  -5.0695732e+01
   7.0908999e+01  -5.0695822e+01
   7.0908544e+01  -5.0695915e+01
   7.0908089e+01  -5.0696010e+01
   7.0907634e+01  -5.0696108e+01
   7.0907180e+01  -5.0696209e+01
   7.0906725e+01  -5.0696307e+01
   7.0906270e+01  -5.0696401e+01
   7.0905816e+01  -5.0696493e+01
   7.0905361e+01  -5.0696581e+01
   7.0904907e+01  -5.0696668e+01
   7.0904452e+01  -5.0696752e+01
   7.0903998e+01  -5.0696834e+01
   7.0903544e+01  -5.0696914e+01
   7.0903090e+01  -5.0696991e+01
   7.0902636e+01  -5.0697067e+01
   7.0902182e+01  -5.0697139e+01
   7.0901728e+01  -5.0697207e+01
   7.0901274e+01  -5.0697271e+01
   7.0900821e+01  -5.0697331e+01
   7.0900367e+01  -5.0697386e+01
   7.0899914e+01  -5.0697438e+01
   7.0899461e+01  -5.0697486e+01
   7.0899008e+01  -5.0697531e+01
   7.0898555e+01  -5.0697571e+01
   7.0898102e+01  -5.0697608e+01
   7.0897650e+01  -5.0697641e+01
   7.0897197e+01  -5.0697669e+01
   7.0896745e+01  -5.0697692e+01
   7.0896292e+01  -5.0697712e+01
   7.0895840e+01  -5.0697727e+01
   7.0895388e+01  -5.0697738e+01
   7.0894937e+01  -5.0697745e+01
   7.0894485e+01  -5.0697748e+01
   7.0894033e+01  -5.0697747e+01
   7.0893582e+01  -5.0697742e+01
   7.0893131e+01  -5.0697736e+01
   7.0892679e+01  -5.0697727e+01
   7.0892228e+01  -5.0697716e+01
   7.0891777e+01  -5.0697703e+01
   7.0891326e+01  -5.0697689e+01
   7.0890875e+01  -5.0697673e+01
   7.0890424e+01  -5.0697655e+01
   7.0889973e+01  -5.0697635e+01
   7.0889522e+01  -5.0697614e+01
   7.0889071e+01  -5.0697591e+01
   7.0888620e+01  -5.0697568e+01
   7.0888170e+01  -5.0697545e+01
   7.0887719e+01  -5.0697521e+01
   7.0887268e+01  -5.0697498e+01
   7.0886817e+01  -5.0697474e+01
   7.0886367e+01  -5.0697450e+01
   7.0885916e+01  -5.0697425e+01
   7.0885465e+01  -5.0697401e+01
   7.0885014e+01  -5.0697377e+01
   7.0884563e+01  -5.0697352e+01
   7.0884113e+01  -5.0697333e+01
   7.0883661e+01  -5.0697320e+01
   7.0883210e+01  -5.0697313e+01
   7.0882759e+01  -5.0697312e+01
   7.0882307e+01  -5.0697316e+01
   7.0881855e+01  -5.0697326e+01
   7.0881403e+01  -5.0697342e+01
   7.0880951e+01  -5.0697364e+01
   7.0880498e+01  -5.0697391e+01
   7.0880046e+01  -5.0697423e+01
   7.0879593e+01  -5.0697467e+01
   7.0879139e+01  -5.0697521e+01
   7.0878686e+01  -5.0697585e+01
   7.0878232e+01  -5.0697660e+01
   7.0877777e+01  -5.0697747e+01
   7.0877322e+01  -5.0697844e+01
   7.0876867e+01  -5.0697953e+01
   7.0876412e+01  -5.0698074e+01
   7.0875956e+01  -5.0698206e+01
   7.0875500e+01  -5.0698350e+01
   7.0875043e+01  -5.0698508e+01
   7.0874586e+01  -5.0698680e+01
   7.0874128e+01  -5.0698866e+01
   7.0873670e+01  -5.0699068e+01
   7.0873211e+01  -5.0699285e+01
   7.0872752e+01  -5.0699518e+01
   7.0872292e+01  -5.0699768e+01
   7.0871832e+01  -5.0700036e+01
   7.0871371e+01  -5.0700321e+01
   7.0870910e+01  -5.0700626e+01
   7.0870448e+01  -5.0700953e+01
   7.0869984e+01  -5.0701304e+01
   7.0869521e+01  -5.0701681e+01
   7.0869056e+01  -5.0702086e+01
   7.0868590e+01  -5.0702520e+01
   7.0868123e+01  -5.0702986e+01
   7.0867655e+01  -5.0703487e+01
   7.0867186e+01  -5.0704026e+01
   7.0866716e+01  -5.0704605e+01
   7.0866244e+01  -5.0705228e+01
   7.0865770e+01  -5.0705906e+01
   7.0865294e+01  -5.0706641e+01
   7.0864817e+01  -5.0707437e+01
   7.0864337e+01  -5.0708298e+01
   7.0863855e+01  -5.0709213e+01
   7.0863372e+01  -5.0710180e+01
   7.0862887e+01  -5.0711200e+01
   7.0862400e+01  -5.0712271e+01
   7.0861912e+01  -5.0713390e+01
   7.0861422e+01  -5.0714557e+01
   7.0860931e+01  -5.0715752e+01
   7.0860440e+01  -5.0716976e+01
   7.0859957e+01  -5.0718205e+01
   7.0859483e+01  -5.0719437e+01
   7.0859017e+01  -5.0720671e+01
   7.0858559e+01  -5.0721907e+01
   7.0858107e+01  -5.0723145e+01
   7.0857663e+01  -5.0724385e+01
   7.0857225e+01  -5.0725628e+01
   7.0856793e+01  -5.0726872e+01
   7.0856367e+01  -5.0728117e+01
   7.0855946e+01  -5.0729365e+01
   7.0855530e+01  -5.0730613e+01
   7.0855118e+01  -5.0731863e+01
   7.0854710e+01  -5.0733114e+01
   7.0854301e+01  -5.0734365e+01
   7.0853891e+01  -5.0735615e+01
   7.0853480e+01  -5.0736865e+01
   7.0853068e+01  -5.0738115e+01
   7.0852652e+01  -5.0739363e+01
   7.0852234e+01  -5.0740611e+01
   7.0851812e+01  -5.0741857e+01
   7.0851386e+01  -5.0743102e+01
   7.0850954e+01  -5.0744346e+01
   7.0850516e+01  -5.0745587e+01
   7.0850070e+01  -5.0746826e+01
   7.0849618e+01  -5.0748063e+01
   7.0849157e+01  -5.0749297e+01
   7.0848688e+01  -5.0750528e+01
   7.0848211e+01  -5.0751758e+01
   7.0847727e+01  -5.0752984e+01
   7.0847235e+01  -5.0754207e+01
   7.0846743e+01  -5.0755406e+01
   7.0846253e+01  -5.0756578e+01
   7.0845764e+01  -5.0757719e+01
   7.0845276e+01  -5.0758824e+01
   7.0844789e+01  -5.0759896e+01
   7.0844302e+01  -5.0760937e+01
   7.0843817e+01  -5.0761950e+01
   7.0843333e+01  -5.0762940e+01
   7.0842849e+01  -5.0763908e+01
   7.0842366e+01  -5.0764859e+01
   7.0841884e+01  -5.0765795e+01
   7.0841402e+01  -5.0766715e+01
   7.0840920e+01  -5.0767614e+01
   7.0840439e+01  -5.0768493e+01
   7.0839959e+01  -5.0769353e+01
   7.0839480e+01  -5.0770198e+01
   7.0839001e+01  -5.0771027e+01
   7.0838522e+01  -5.0771843e+01
   7.0838044e+01  -5.0772644e+01
   7.0837566e+01  -5.0773431e+01
   7.0837089e+01  -5.0774206e+01
   7.0836612e+01  -5.0774965e+01
   7.0836136e+01  -5.0775704e+01
   7.0835661e+01  -5.0776419e+01
   7.0835186e+01  -5.0777106e+01
   7.0834713e+01  -5.0777763e+01
   7.0834241e+01  -5.0778387e+01
   7.0833769e+01  -5.0778975e+01
   7.0833300e+01  -5.0779527e+01
   7.0832831e+01  -5.0780040e+01
   7.0832364e+01  -5.0780513e+01
   7.0831896e+01  -5.0780989e+01
   7.0831428e+01  -5.0781487e+01
   7.0830959e+01  -5.0782008e+01
   7.0830490e+01  -5.0782551e+01
   7.0830019e+01  -5.0783116e+01
   7.0829548e+01  -5.0783703e+01
   7.0829076e+01  -5.0784311e+01
   7.0828604e+01  -5.0784940e+01
   7.0828131e+01  -5.0785589e+01
   7.0827657e+01  -5.0786258e+01
   7.0827182e+01  -5.0786946e+01
   7.0826707e+01  -5.0787654e+01
   7.0826232e+01  -5.0788379e+01
   7.0825755e+01  -5.0789115e+01
   7.0825279e+01  -5.0789853e+01
   7.0824804e+01  -5.0790578e+01
   7.0824330e+01  -5.0791240e+01
   7.0823863e+01  -5.0791694e+01
   7.0823396e+01  -5.0792156e+01
   7.0822929e+01  -5.0792626e+01
   7.0822458e+01  -5.0793218e+01
   7.0821984e+01  -5.0793873e+01
   7.0821510e+01  -5.0794548e+01
   7.0821036e+01  -5.0795234e+01
   7.0820561e+01  -5.0795924e+01
   7.0820087e+01  -5.0796615e+01
   7.0819612e+01  -5.0797306e+01
   7.0819137e+01  -5.0797994e+01
   7.0818663e+01  -5.0798678e+01
   7.0818189e+01  -5.0799355e+01
   7.0817715e+01  -5.0800015e+01
   7.0817243e+01  -5.0800644e+01
   7.0816771e+01  -5.0801233e+01
   7.0816302e+01  -5.0801781e+01
   7.0815833e+01  -5.0802287e+01
   7.0815366e+01  -5.0802755e+01
   7.0814899e+01  -5.0803226e+01
   7.0814431e+01  -5.0803698e+01
   7.0813964e+01  -5.0804171e+01
   7.0813497e+01  -5.0804645e+01
   7.0813028e+01  -5.0805150e+01
   7.0812558e+01  -5.0805708e+01
   7.0812086e+01  -5.0806313e+01
   7.0811613e+01  -5.0806962e+01
   7.0811138e+01  -5.0807649e+01
   7.0810663e+01  -5.0808372e+01
   7.0810186e+01  -5.0809127e+01
   7.0809708e+01  -5.0809911e+01
   7.0809229e+01  -5.0810722e+01
   7.0808750e+01  -5.0811556e+01
   7.0808271e+01  -5.0812378e+01
   7.0807793e+01  -5.0813169e+01
   7.0807315e+01  -5.0813943e+01
   7.0806838e+01  -5.0814713e+01
   7.0806361e+01  -5.0815482e+01
   7.0805883e+01  -5.0816251e+01
   7.0805406e+01  -5.0817020e+01
   7.0804929e+01  -5.0817788e+01
   7.0804451e+01  -5.0818556e+01
   7.0803974e+01  -5.0819323e+01
   7.0803497e+01  -5.0820083e+01
   7.0803020e+01  -5.0820837e+01
   7.0802543e+01  -5.0821591e+01
   7.0802066e+01  -5.0822354e+01
   7.0801588e+01  -5.0823133e+01
   7.0801110e+01  -5.0823932e+01
   7.0800631e+01  -5.0824754e+01
   7.0800151e+01  -5.0825601e+01
   7.0799671e+01  -5.0826455e+01
   7.0799190e+01  -5.0827309e+01
   7.0798711e+01  -5.0828146e+01
   7.0798232e+01  -5.0828949e+01
   7.0797755e+01  -5.0829715e+01
   7.0797279e+01  -5.0830448e+01
   7.0796804e+01  -5.0831150e+01
   7.0796329e+01  -5.0831827e+01
   7.0795856e+01  -5.0832484e+01
   7.0795382e+01  -5.0833126e+01
   7.0794910e+01  -5.0833758e+01
   7.0794437e+01  -5.0834384e+01
   7.0793965e+01  -5.0835000e+01
   7.0793493e+01  -5.0835599e+01
   7.0793022e+01  -5.0836180e+01
   7.0792551e+01  -5.0836744e+01
   7.0792082e+01  -5.0837287e+01
   7.0791613e+01  -5.0837807e+01
   7.0791144e+01  -5.0838306e+01
   7.0790677e+01  -5.0838784e+01
   7.0790209e+01  -5.0839244e+01
   7.0789743e+01  -5.0839689e+01
