   7.1395820e+01  -5.0547905e+01
   7.1395792e+01  -5.0549313e+01
   7.1395763e+01  -5.0550720e+01
   7.1395735e+01  -5.0552128e+01
   7.1395707e+01  -5.0553535e+01
   7.1395679e+01  -5.0554943e+01
   7.1395651e+01  -5.0556350e+01
   7.1395623e+01  -5.0557758e+01
   7.1395596e+01  -5.0559166e+01
   7.1395569e+01  -5.0560574e+01
   7.1395542e+01  -5.0561982e+01
   7.1395515e+01  -5.0563389e+01
   7.1395489e+01  -5.0564798e+01
   7.1395464e+01  -5.0566206e+01
   7.1395440e+01  -5.0567615e+01
   7.1395416e+01  -5.0569024e+01
   7.1395394e+01  -5.0570433e+01
   7.1395372e+01  -5.0571843e+01
   7.1395351e+01  -5.0573252e+01
   7.1395331e+01  -5.0574662e+01
   7.1395312e+01  -5.0576073e+01
   7.1395294e+01  -5.0577483e+01
   7.1395277e+01  -5.0578894e+01
   7.1395261e+01  -5.0580305e+01
   7.1395246e+01  -5.0581717e+01
   7.1395232e+01  -5.0583129e+01
   7.1395219e+01  -5.0584541e+01
   7.1395207e+01  -5.0585953e+01
   7.1395196e+01  -5.0587366e+01
   7.1395186e+01  -5.0588779e+01
   7.1395177e+01  -5.0590193e+01
   7.1395170e+01  -5.0591607e+01
   7.1395164e+01  -5.0593021e+01
   7.1395159e+01  -5.0594436e+01
   7.1395156e+01  -5.0595851e+01
   7.1395155e+01  -5.0597267e+01
   7.1395155e+01  -5.0598683e+01
   7.1395157e+01  -5.0600100e+01
   7.1395161e+01  -5.0601517e+01
   7.1395166e+01  -5.0602935e+01
   7.1395172e+01  -5.0604353e+01
   7.1395181e+01  -5.0605772e+01
   7.1395191e+01  -5.0607191e+01
   7.1395203e+01  -5.0608611e+01
   7.1395217e+01  -5.0610032e+01
   7.1395233e+01  -5.0611453e+01
   7.1395252e+01  -5.0612875e+01
   7.1395272e+01  -5.0614297e+01
   7.1395294e+01  -5.0615720e+01
   7.1395318e+01  -5.0617144e+01
   7.1395345e+01  -5.0618568e+01
   7.1395374e+01  -5.0619993e+01
   7.1395404e+01  -5.0621419e+01
   7.1395438e+01  -5.0622846e+01
   7.1395473e+01  -5.0624273e+01
   7.1395511e+01  -5.0625701e+01
   7.1395552e+01  -5.0627130e+01
   7.1395595e+01  -5.0628559e+01
   7.1395641e+01  -5.0629990e+01
   7.1395690e+01  -5.0631421e+01
   7.1395743e+01  -5.0632854e+01
   7.1395798e+01  -5.0634287e+01
   7.1395856e+01  -5.0635722e+01
   7.1395917e+01  -5.0637157e+01
   7.1395981e+01  -5.0638593e+01
   7.1396048e+01  -5.0640030e+01
   7.1396118e+01  -5.0641468e+01
   7.1396191e+01  -5.0642907e+01
   7.1396268e+01  -5.0644347e+01
   7.1396348e+01  -5.0645788e+01
   7.1396432e+01  -5.0647231e+01
   7.1396519e+01  -5.0648674e+01
   7.1396610e+01  -5.0650119e+01
   7.1396703e+01  -5.0651564e+01
   7.1396800e+01  -5.0653010e+01
   7.1396899e+01  -5.0654458e+01
   7.1397002e+01  -5.0655906e+01
   7.1397107e+01  -5.0657355e+01
   7.1397213e+01  -5.0658805e+01
   7.1397321e+01  -5.0660255e+01
   7.1397431e+01  -5.0661705e+01
   7.1397541e+01  -5.0663156e+01
   7.1397651e+01  -5.0664607e+01
   7.1397761e+01  -5.0666057e+01
   7.1397871e+01  -5.0667508e+01
   7.1397980e+01  -5.0668958e+01
   7.1398089e+01  -5.0670409e+01
   7.1398198e+01  -5.0671859e+01
   7.1398307e+01  -5.0673310e+01
   7.1398415e+01  -5.0674760e+01
   7.1398523e+01  -5.0676210e+01
   7.1398631e+01  -5.0677661e+01
   7.1398740e+01  -5.0679111e+01
   7.1398850e+01  -5.0680562e+01
   7.1398962e+01  -5.0682014e+01
   7.1399075e+01  -5.0683466e+01
   7.1399189e+01  -5.0684918e+01
   7.1399305e+01  -5.0686371e+01
   7.1399422e+01  -5.0687824e+01
   7.1399541e+01  -5.0689278e+01
   7.1399661e+01  -5.0690732e+01
   7.1399782e+01  -5.0692187e+01
   7.1399905e+01  -5.0693642e+01
   7.1400029e+01  -5.0695097e+01
   7.1400154e+01  -5.0696553e+01
   7.1400279e+01  -5.0698009e+01
   7.1400405e+01  -5.0699465e+01
   7.1400531e+01  -5.0700922e+01
   7.1400657e+01  -5.0702378e+01
   7.1400783e+01  -5.0703834e+01
   7.1400908e+01  -5.0705290e+01
   7.1401034e+01  -5.0706746e+01
   7.1401160e+01  -5.0708203e+01
   7.1401287e+01  -5.0709659e+01
   7.1401414e+01  -5.0711116e+01
   7.1401541e+01  -5.0712573e+01
   7.1401668e+01  -5.0714030e+01
   7.1401795e+01  -5.0715487e+01
   7.1401921e+01  -5.0716943e+01
   7.1402046e+01  -5.0718399e+01
   7.1402170e+01  -5.0719855e+01
   7.1402292e+01  -5.0721311e+01
   7.1402412e+01  -5.0722765e+01
   7.1402528e+01  -5.0724219e+01
   7.1402640e+01  -5.0725671e+01
   7.1402748e+01  -5.0727122e+01
   7.1402852e+01  -5.0728572e+01
   7.1402952e+01  -5.0730020e+01
   7.1403046e+01  -5.0731467e+01
   7.1403135e+01  -5.0732912e+01
   7.1403219e+01  -5.0734356e+01
   7.1403298e+01  -5.0735798e+01
   7.1403376e+01  -5.0737239e+01
   7.1403454e+01  -5.0738681e+01
   7.1403533e+01  -5.0740123e+01
   7.1403613e+01  -5.0741566e+01
   7.1403695e+01  -5.0743009e+01
   7.1403778e+01  -5.0744452e+01
   7.1403863e+01  -5.0745896e+01
   7.1403948e+01  -5.0747340e+01
   7.1404034e+01  -5.0748784e+01
   7.1404121e+01  -5.0750229e+01
   7.1404213e+01  -5.0751675e+01
   7.1404309e+01  -5.0753123e+01
   7.1404411e+01  -5.0754572e+01
   7.1404517e+01  -5.0756023e+01
   7.1404628e+01  -5.0757475e+01
   7.1404743e+01  -5.0758929e+01
   7.1404863e+01  -5.0760385e+01
   7.1404988e+01  -5.0761841e+01
   7.1405117e+01  -5.0763299e+01
   7.1405250e+01  -5.0764759e+01
   7.1405384e+01  -5.0766219e+01
   7.1405519e+01  -5.0767679e+01
   7.1405656e+01  -5.0769140e+01
   7.1405795e+01  -5.0770601e+01
   7.1405934e+01  -5.0772062e+01
   7.1406075e+01  -5.0773524e+01
   7.1406217e+01  -5.0774987e+01
   7.1406360e+01  -5.0776450e+01
   7.1406504e+01  -5.0777913e+01
   7.1406650e+01  -5.0779377e+01
   7.1406795e+01  -5.0780840e+01
   7.1406940e+01  -5.0782304e+01
   7.1407085e+01  -5.0783767e+01
   7.1407230e+01  -5.0785231e+01
   7.1407375e+01  -5.0786695e+01
   7.1407519e+01  -5.0788158e+01
   7.1407664e+01  -5.0789622e+01
   7.1407809e+01  -5.0791085e+01
   7.1407954e+01  -5.0792549e+01
   7.1408098e+01  -5.0794013e+01
   7.1408240e+01  -5.0795475e+01
   7.1408379e+01  -5.0796937e+01
   7.1408515e+01  -5.0798398e+01
   7.1408648e+01  -5.0799859e+01
   7.1408779e+01  -5.0801318e+01
   7.1408907e+01  -5.0802776e+01
   7.1409033e+01  -5.0804234e+01
   7.1409156e+01  -5.0805691e+01
   7.1409276e+01  -5.0807147e+01
   7.1409393e+01  -5.0808603e+01
   7.1409509e+01  -5.0810057e+01
   7.1409621e+01  -5.0811511e+01
   7.1409731e+01  -5.0812964e+01
   7.1409839e+01  -5.0814416e+01
   7.1409944e+01  -5.0815867e+01
   7.1410048e+01  -5.0817318e+01
   7.1410148e+01  -5.0818768e+01
   7.1410247e+01  -5.0820218e+01
   7.1410344e+01  -5.0821667e+01
   7.1410439e+01  -5.0823115e+01
   7.1410533e+01  -5.0824563e+01
   7.1410626e+01  -5.0826010e+01
   7.1410717e+01  -5.0827458e+01
   7.1410808e+01  -5.0828905e+01
   7.1410899e+01  -5.0830352e+01
   7.1410988e+01  -5.0831798e+01
   7.1411078e+01  -5.0833245e+01
   7.1411166e+01  -5.0834691e+01
   7.1411255e+01  -5.0836138e+01
   7.1411343e+01  -5.0837584e+01
   7.1411432e+01  -5.0839030e+01
   7.1411520e+01  -5.0840477e+01
   7.1411607e+01  -5.0841923e+01
   7.1411695e+01  -5.0843369e+01
   7.1411783e+01  -5.0844815e+01
   7.1411870e+01  -5.0846261e+01
   7.1411957e+01  -5.0847707e+01
   7.1412043e+01  -5.0849153e+01
   7.1412130e+01  -5.0850599e+01
   7.1412216e+01  -5.0852045e+01
   7.1412301e+01  -5.0853490e+01
   7.1412385e+01  -5.0854936e+01
   7.1412469e+01  -5.0856381e+01
   7.1412552e+01  -5.0857825e+01
   7.1412633e+01  -5.0859270e+01
   7.1412713e+01  -5.0860714e+01
   7.1412792e+01  -5.0862158e+01
   7.1412870e+01  -5.0863601e+01
   7.1412947e+01  -5.0865044e+01
   7.1413022e+01  -5.0866486e+01
   7.1413097e+01  -5.0867928e+01
   7.1413170e+01  -5.0869370e+01
   7.1413243e+01  -5.0870812e+01
   7.1413315e+01  -5.0872253e+01
   7.1413386e+01  -5.0873695e+01
   7.1413456e+01  -5.0875136e+01
   7.1413526e+01  -5.0876576e+01
   7.1413594e+01  -5.0878017e+01
   7.1413662e+01  -5.0879457e+01
   7.1413729e+01  -5.0880897e+01
   7.1413799e+01  -5.0882338e+01
   7.1413872e+01  -5.0883780e+01
   7.1413948e+01  -5.0885223e+01
   7.1414027e+01  -5.0886667e+01
   7.1414109e+01  -5.0888111e+01
   7.1414193e+01  -5.0889557e+01
   7.1414279e+01  -5.0891003e+01
   7.1414368e+01  -5.0892450e+01
   7.1414459e+01  -5.0893898e+01
   7.1414552e+01  -5.0895347e+01
   7.1414649e+01  -5.0896797e+01
   7.1414750e+01  -5.0898248e+01
   7.1414854e+01  -5.0899700e+01
   7.1414962e+01  -5.0901153e+01
   7.1415073e+01  -5.0902608e+01
   7.1415187e+01  -5.0904063e+01
   7.1415305e+01  -5.0905520e+01
   7.1415425e+01  -5.0906978e+01
   7.1415548e+01  -5.0908436e+01
   7.1415674e+01  -5.0909895e+01
   7.1415802e+01  -5.0911355e+01
   7.1415931e+01  -5.0912816e+01
   7.1416062e+01  -5.0914277e+01
   7.1416196e+01  -5.0915739e+01
   7.1416334e+01  -5.0917202e+01
   7.1416474e+01  -5.0918667e+01
   7.1416617e+01  -5.0920132e+01
   7.1416763e+01  -5.0921598e+01
   7.1416912e+01  -5.0923065e+01
   7.1417064e+01  -5.0924533e+01
   7.1417220e+01  -5.0926003e+01
   7.1417380e+01  -5.0927474e+01
   7.1417544e+01  -5.0928946e+01
   7.1417712e+01  -5.0930419e+01
   7.1417884e+01  -5.0931894e+01
   7.1418060e+01  -5.0933370e+01
   7.1418240e+01  -5.0934848e+01
   7.1418424e+01  -5.0936326e+01
   7.1418613e+01  -5.0937807e+01
   7.1418805e+01  -5.0939288e+01
   7.1419001e+01  -5.0940771e+01
   7.1419201e+01  -5.0942255e+01
   7.1419405e+01  -5.0943741e+01
   7.1419613e+01  -5.0945228e+01
   7.1419825e+01  -5.0946716e+01
   7.1420042e+01  -5.0948206e+01
   7.1420263e+01  -5.0949697e+01
   7.1420489e+01  -5.0951190e+01
   7.1420721e+01  -5.0952685e+01
   7.1420958e+01  -5.0954181e+01
   7.1421199e+01  -5.0955679e+01
   7.1421446e+01  -5.0957179e+01
   7.1421697e+01  -5.0958680e+01
   7.1421953e+01  -5.0960183e+01
   7.1422213e+01  -5.0961688e+01
   7.1422477e+01  -5.0963194e+01
   7.1422746e+01  -5.0964701e+01
   7.1423019e+01  -5.0966210e+01
   7.1423296e+01  -5.0967720e+01
   7.1423577e+01  -5.0969231e+01
   7.1423864e+01  -5.0970745e+01
   7.1424157e+01  -5.0972260e+01
   7.1424454e+01  -5.0973777e+01
   7.1424758e+01  -5.0975296e+01
   7.1425067e+01  -5.0976817e+01
   7.1425382e+01  -5.0978340e+01
   7.1425703e+01  -5.0979865e+01
   7.1426031e+01  -5.0981392e+01
   7.1426365e+01  -5.0982922e+01
   7.1426705e+01  -5.0984453e+01
   7.1427052e+01  -5.0985987e+01
   7.1427404e+01  -5.0987522e+01
   7.1427763e+01  -5.0989060e+01
   7.1428127e+01  -5.0990600e+01
   7.1428498e+01  -5.0992142e+01
   7.1428874e+01  -5.0993685e+01
   7.1429256e+01  -5.0995231e+01
   7.1429644e+01  -5.0996779e+01
   7.1430038e+01  -5.0998328e+01
   7.1430437e+01  -5.0999880e+01
   7.1430838e+01  -5.1001429e+01
   7.1431238e+01  -5.1002973e+01
   7.1431639e+01  -5.1004517e+01
   7.1432040e+01  -5.1006064e+01
   7.1432440e+01  -5.1007613e+01
   7.1432841e+01  -5.1009166e+01
   7.1433240e+01  -5.1010718e+01
   7.1433638e+01  -5.1012270e+01
   7.1434035e+01  -5.1013821e+01
   7.1434431e+01  -5.1015372e+01
   7.1434824e+01  -5.1016922e+01
   7.1435214e+01  -5.1018472e+01
   7.1435601e+01  -5.1020020e+01
   7.1435983e+01  -5.1021567e+01
   7.1436363e+01  -5.1023113e+01
   7.1436739e+01  -5.1024659e+01
   7.1437113e+01  -5.1026203e+01
   7.1437485e+01  -5.1027747e+01
   7.1437855e+01  -5.1029290e+01
   7.1438223e+01  -5.1030833e+01
   7.1438594e+01  -5.1032376e+01
   7.1438966e+01  -5.1033920e+01
   7.1439342e+01  -5.1035466e+01
   7.1439727e+01  -5.1037015e+01
   7.1440122e+01  -5.1038566e+01
   7.1440523e+01  -5.1040106e+01
   7.1440924e+01  -5.1041612e+01
   7.1441327e+01  -5.1043085e+01
   7.1441731e+01  -5.1044525e+01
   7.1442136e+01  -5.1045931e+01
   7.1442543e+01  -5.1047303e+01
   7.1442950e+01  -5.1048641e+01
   7.1443358e+01  -5.1049948e+01
   7.1443768e+01  -5.1051211e+01
   7.1444180e+01  -5.1052428e+01
   7.1444593e+01  -5.1053600e+01
   7.1445007e+01  -5.1054726e+01
   7.1445423e+01  -5.1055807e+01
   7.1445841e+01  -5.1056843e+01
   7.1446260e+01  -5.1057836e+01
   7.1446680e+01  -5.1058786e+01
   7.1447102e+01  -5.1059694e+01
   7.1447525e+01  -5.1060563e+01
   7.1447950e+01  -5.1061404e+01
   7.1448374e+01  -5.1062222e+01
   7.1448800e+01  -5.1063020e+01
   7.1449226e+01  -5.1063801e+01
   7.1449653e+01  -5.1064564e+01
   7.1450080e+01  -5.1065312e+01
   7.1450508e+01  -5.1066045e+01
   7.1450936e+01  -5.1066766e+01
   7.1451365e+01  -5.1067474e+01
   7.1451794e+01  -5.1068170e+01
   7.1452223e+01  -5.1068859e+01
   7.1452653e+01  -5.1069540e+01
   7.1453082e+01  -5.1070213e+01
   7.1453512e+01  -5.1070878e+01
   7.1453943e+01  -5.1071536e+01
   7.1454373e+01  -5.1072187e+01
   7.1454804e+01  -5.1072832e+01
   7.1455235e+01  -5.1073469e+01
   7.1455666e+01  -5.1074100e+01
   7.1456098e+01  -5.1074725e+01
   7.1456529e+01  -5.1075347e+01
   7.1456961e+01  -5.1075968e+01
   7.1457392e+01  -5.1076586e+01
   7.1457824e+01  -5.1077203e+01
   7.1458256e+01  -5.1077817e+01
   7.1458688e+01  -5.1078431e+01
   7.1459120e+01  -5.1079042e+01
   7.1459552e+01  -5.1079653e+01
   7.1459983e+01  -5.1080264e+01
   7.1460415e+01  -5.1080876e+01
   7.1460847e+01  -5.1081496e+01
   7.1461278e+01  -5.1082124e+01
   7.1461709e+01  -5.1082759e+01
   7.1462140e+01  -5.1083403e+01
   7.1462570e+01  -5.1084055e+01
   7.1463001e+01  -5.1084717e+01
   7.1463430e+01  -5.1085387e+01
   7.1463860e+01  -5.1086067e+01
   7.1464289e+01  -5.1086758e+01
   7.1464718e+01  -5.1087459e+01
   7.1465146e+01  -5.1088187e+01
   7.1465573e+01  -5.1088943e+01
   7.1465999e+01  -5.1089729e+01
   7.1466424e+01  -5.1090547e+01
   7.1466847e+01  -5.1091400e+01
   7.1467270e+01  -5.1092292e+01
   7.1467691e+01  -5.1093224e+01
   7.1468110e+01  -5.1094200e+01
   7.1468528e+01  -5.1095224e+01
   7.1468944e+01  -5.1096299e+01
   7.1469358e+01  -5.1097425e+01
   7.1469771e+01  -5.1098616e+01
   7.1470180e+01  -5.1099883e+01
   7.1470587e+01  -5.1101230e+01
   7.1470991e+01  -5.1102663e+01
   7.1471392e+01  -5.1104190e+01
   7.1471770e+01  -5.1105741e+01
   7.1472121e+01  -5.1107282e+01
   7.1472446e+01  -5.1108815e+01
   7.1472750e+01  -5.1110341e+01
   7.1473033e+01  -5.1111860e+01
   7.1473297e+01  -5.1113372e+01
   7.1473544e+01  -5.1114879e+01
   7.1473773e+01  -5.1116380e+01
   7.1473987e+01  -5.1117876e+01
   7.1474185e+01  -5.1119366e+01
   7.1474367e+01  -5.1120851e+01
   7.1474534e+01  -5.1122331e+01
   7.1474686e+01  -5.1123806e+01
   7.1474824e+01  -5.1125276e+01
   7.1474948e+01  -5.1126742e+01
   7.1475059e+01  -5.1128203e+01
   7.1475157e+01  -5.1129660e+01
   7.1475243e+01  -5.1131113e+01
   7.1475317e+01  -5.1132562e+01
   7.1475380e+01  -5.1134007e+01
   7.1475431e+01  -5.1135448e+01
   7.1475471e+01  -5.1136885e+01
   7.1475500e+01  -5.1138319e+01
   7.1475518e+01  -5.1139748e+01
   7.1475525e+01  -5.1141175e+01
   7.1475521e+01  -5.1142597e+01
   7.1475510e+01  -5.1144017e+01
   7.1475490e+01  -5.1145434e+01
   7.1475464e+01  -5.1146849e+01
   7.1475429e+01  -5.1148261e+01
   7.1475388e+01  -5.1149671e+01
   7.1475338e+01  -5.1151078e+01
   7.1475282e+01  -5.1152483e+01
   7.1475218e+01  -5.1153885e+01
   7.1475147e+01  -5.1155285e+01
   7.1475068e+01  -5.1156682e+01
   7.1474984e+01  -5.1158077e+01
   7.1474895e+01  -5.1159471e+01
   7.1474801e+01  -5.1160863e+01
   7.1474701e+01  -5.1162253e+01
   7.1474597e+01  -5.1163641e+01
   7.1474488e+01  -5.1165028e+01
   7.1474373e+01  -5.1166413e+01
   7.1474254e+01  -5.1167796e+01
   7.1474129e+01  -5.1169177e+01
   7.1474000e+01  -5.1170557e+01
   7.1473867e+01  -5.1171935e+01
   7.1473729e+01  -5.1173313e+01
   7.1473588e+01  -5.1174688e+01
   7.1473443e+01  -5.1176063e+01
   7.1473295e+01  -5.1177436e+01
   7.1473142e+01  -5.1178808e+01
   7.1472986e+01  -5.1180178e+01
   7.1472825e+01  -5.1181547e+01
   7.1472661e+01  -5.1182915e+01
   7.1472493e+01  -5.1184281e+01
   7.1472320e+01  -5.1185646e+01
   7.1472143e+01  -5.1187010e+01
   7.1471962e+01  -5.1188371e+01
   7.1471776e+01  -5.1189732e+01
   7.1471585e+01  -5.1191090e+01
   7.1471391e+01  -5.1192447e+01
   7.1471191e+01  -5.1193803e+01
   7.1470987e+01  -5.1195157e+01
   7.1470779e+01  -5.1196510e+01
   7.1470567e+01  -5.1197861e+01
   7.1470348e+01  -5.1199210e+01
   7.1470123e+01  -5.1200556e+01
   7.1469891e+01  -5.1201901e+01
   7.1469653e+01  -5.1203243e+01
   7.1469408e+01  -5.1204582e+01
   7.1469156e+01  -5.1205920e+01
   7.1468898e+01  -5.1207255e+01
   7.1468633e+01  -5.1208588e+01
   7.1468362e+01  -5.1209919e+01
   7.1468085e+01  -5.1211247e+01
   7.1467803e+01  -5.1212574e+01
   7.1467518e+01  -5.1213900e+01
   7.1467228e+01  -5.1215224e+01
   7.1466935e+01  -5.1216547e+01
   7.1466638e+01  -5.1217869e+01
   7.1466336e+01  -5.1219189e+01
   7.1466030e+01  -5.1220507e+01
   7.1465720e+01  -5.1221824e+01
   7.1465405e+01  -5.1223139e+01
   7.1465085e+01  -5.1224453e+01
   7.1464765e+01  -5.1225766e+01
   7.1464445e+01  -5.1227080e+01
   7.1464124e+01  -5.1228393e+01
   7.1463804e+01  -5.1229706e+01
   7.1463484e+01  -5.1231020e+01
   7.1463164e+01  -5.1232333e+01
   7.1462845e+01  -5.1233646e+01
   7.1462526e+01  -5.1234960e+01
   7.1462207e+01  -5.1236273e+01
   7.1461887e+01  -5.1237587e+01
   7.1461571e+01  -5.1238901e+01
   7.1461257e+01  -5.1240216e+01
   7.1460946e+01  -5.1241532e+01
   7.1460638e+01  -5.1242849e+01
   7.1460334e+01  -5.1244167e+01
   7.1460032e+01  -5.1245486e+01
   7.1459733e+01  -5.1246806e+01
   7.1459437e+01  -5.1248127e+01
   7.1459143e+01  -5.1249449e+01
   7.1458853e+01  -5.1250772e+01
   7.1458567e+01  -5.1252097e+01
   7.1458287e+01  -5.1253423e+01
   7.1458014e+01  -5.1254752e+01
   7.1457746e+01  -5.1256082e+01
   7.1457485e+01  -5.1257415e+01
   7.1457229e+01  -5.1258750e+01
   7.1456979e+01  -5.1260086e+01
   7.1456735e+01  -5.1261425e+01
   7.1456497e+01  -5.1262765e+01
   7.1456263e+01  -5.1264107e+01
   7.1456036e+01  -5.1265451e+01
   7.1455815e+01  -5.1266798e+01
   7.1455599e+01  -5.1268146e+01
   7.1455390e+01  -5.1269496e+01
   7.1455186e+01  -5.1270849e+01
   7.1454989e+01  -5.1272203e+01
   7.1454797e+01  -5.1273559e+01
   7.1454611e+01  -5.1274918e+01
   7.1454431e+01  -5.1276278e+01
   7.1454257e+01  -5.1277640e+01
   7.1454089e+01  -5.1279005e+01
   7.1453925e+01  -5.1280371e+01
   7.1453768e+01  -5.1281739e+01
   7.1453615e+01  -5.1283108e+01
   7.1453468e+01  -5.1284480e+01
   7.1453327e+01  -5.1285854e+01
   7.1453190e+01  -5.1287229e+01
   7.1453058e+01  -5.1288606e+01
   7.1452932e+01  -5.1289984e+01
   7.1452810e+01  -5.1291364e+01
   7.1452693e+01  -5.1292746e+01
   7.1452581e+01  -5.1294130e+01
   7.1452474e+01  -5.1295515e+01
   7.1452372e+01  -5.1296903e+01
   7.1452275e+01  -5.1298291e+01
   7.1452182e+01  -5.1299682e+01
   7.1452094e+01  -5.1301073e+01
   7.1452011e+01  -5.1302467e+01
   7.1451932e+01  -5.1303862e+01
   7.1451858e+01  -5.1305259e+01
   7.1451788e+01  -5.1306657e+01
   7.1451725e+01  -5.1308057e+01
   7.1451666e+01  -5.1309459e+01
   7.1451613e+01  -5.1310863e+01
   7.1451565e+01  -5.1312269e+01
   7.1451522e+01  -5.1313676e+01
   7.1451484e+01  -5.1315086e+01
   7.1451452e+01  -5.1316497e+01
   7.1451425e+01  -5.1317910e+01
   7.1451403e+01  -5.1319325e+01
   7.1451386e+01  -5.1320741e+01
   7.1451375e+01  -5.1322160e+01
   7.1451369e+01  -5.1323580e+01
   7.1451369e+01  -5.1325003e+01
   7.1451375e+01  -5.1326427e+01
   7.1451386e+01  -5.1327853e+01
   7.1451403e+01  -5.1329282e+01
   7.1451425e+01  -5.1330712e+01
   7.1451453e+01  -5.1332144e+01
   7.1451487e+01  -5.1333578e+01
   7.1451524e+01  -5.1335014e+01
   7.1451566e+01  -5.1336451e+01
   7.1451612e+01  -5.1337889e+01
   7.1451662e+01  -5.1339329e+01
   7.1451715e+01  -5.1340770e+01
   7.1451773e+01  -5.1342213e+01
   7.1451835e+01  -5.1343657e+01
   7.1451901e+01  -5.1345103e+01
   7.1451972e+01  -5.1346550e+01
   7.1452046e+01  -5.1347999e+01
   7.1452124e+01  -5.1349448e+01
   7.1452205e+01  -5.1350899e+01
   7.1452290e+01  -5.1352351e+01
   7.1452377e+01  -5.1353805e+01
   7.1452468e+01  -5.1355259e+01
   7.1452563e+01  -5.1356715e+01
   7.1452661e+01  -5.1358172e+01
   7.1452762e+01  -5.1359630e+01
   7.1452867e+01  -5.1361089e+01
   7.1452976e+01  -5.1362550e+01
   7.1453089e+01  -5.1364012e+01
   7.1453205e+01  -5.1365475e+01
   7.1453324e+01  -5.1366940e+01
   7.1453448e+01  -5.1368406e+01
   7.1453575e+01  -5.1369873e+01
   7.1453706e+01  -5.1371342e+01
   7.1453840e+01  -5.1372812e+01
   7.1453978e+01  -5.1374283e+01
   7.1454120e+01  -5.1375755e+01
   7.1454265e+01  -5.1377229e+01
   7.1454413e+01  -5.1378704e+01
   7.1454563e+01  -5.1380179e+01
   7.1454714e+01  -5.1381655e+01
   7.1454867e+01  -5.1383132e+01
   7.1455022e+01  -5.1384609e+01
   7.1455178e+01  -5.1386087e+01
   7.1455336e+01  -5.1387566e+01
   7.1455496e+01  -5.1389045e+01
   7.1455657e+01  -5.1390525e+01
   7.1455820e+01  -5.1392005e+01
   7.1455984e+01  -5.1393485e+01
   7.1456148e+01  -5.1394966e+01
   7.1456313e+01  -5.1396447e+01
   7.1456478e+01  -5.1397928e+01
   7.1456643e+01  -5.1399410e+01
   7.1456809e+01  -5.1400891e+01
   7.1456976e+01  -5.1402373e+01
   7.1457143e+01  -5.1403855e+01
   7.1457310e+01  -5.1405337e+01
   7.1457477e+01  -5.1406819e+01
