   6.8884280e+01  -3.3539443e+01
   6.8884059e+01  -3.3538303e+01
   6.8883839e+01  -3.3537163e+01
   6.8883619e+01  -3.3536023e+01
   6.8883399e+01  -3.3534883e+01
   6.8883179e+01  -3.3533742e+01
   6.8882960e+01  -3.3532602e+01
   6.8882741e+01  -3.3531461e+01
   6.8882522e+01  -3.3530320e+01
   6.8882304e+01  -3.3529179e+01
   6.8882086e+01  -3.3528038e+01
   6.8881869e+01  -3.3526896e+01
   6.8881653e+01  -3.3525754e+01
   6.8881437e+01  -3.3524611e+01
   6.8881223e+01  -3.3523468e+01
   6.8881010e+01  -3.3522324e+01
   6.8880797e+01  -3.3521180e+01
   6.8880586e+01  -3.3520035e+01
   6.8880376e+01  -3.3518890e+01
   6.8880167e+01  -3.3517744e+01
   6.8879959e+01  -3.3516597e+01
   6.8879753e+01  -3.3515449e+01
   6.8879548e+01  -3.3514301e+01
   6.8879344e+01  -3.3513152e+01
   6.8879143e+01  -3.3512002e+01
   6.8878943e+01  -3.3510850e+01
   6.8878745e+01  -3.3509698e+01
   6.8878548e+01  -3.3508545e+01
   6.8878354e+01  -3.3507391e+01
   6.8878161e+01  -3.3506236e+01
   6.8877970e+01  -3.3505080e+01
   6.8877780e+01  -3.3503923e+01
   6.8877592e+01  -3.3502766e+01
   6.8877406e+01  -3.3501607e+01
   6.8877220e+01  -3.3500448e+01
   6.8877036e+01  -3.3499288e+01
   6.8876853e+01  -3.3498128e+01
   6.8876672e+01  -3.3496966e+01
   6.8876492e+01  -3.3495804e+01
   6.8876314e+01  -3.3494641e+01
   6.8876137e+01  -3.3493477e+01
   6.8875961e+01  -3.3492313e+01
   6.8875786e+01  -3.3491148e+01
   6.8875611e+01  -3.3489983e+01
   6.8875437e+01  -3.3488818e+01
   6.8875263e+01  -3.3487652e+01
   6.8875090e+01  -3.3486486e+01
   6.8874917e+01  -3.3485320e+01
   6.8874744e+01  -3.3484154e+01
   6.8874572e+01  -3.3482988e+01
   6.8874400e+01  -3.3481821e+01
   6.8874229e+01  -3.3480655e+01
   6.8874058e+01  -3.3479487e+01
   6.8873887e+01  -3.3478320e+01
   6.8873717e+01  -3.3477153e+01
   6.8873547e+01  -3.3475985e+01
   6.8873378e+01  -3.3474817e+01
   6.8873209e+01  -3.3473649e+01
   6.8873041e+01  -3.3472481e+01
   6.8872872e+01  -3.3471312e+01
   6.8872704e+01  -3.3470144e+01
   6.8872537e+01  -3.3468975e+01
   6.8872370e+01  -3.3467806e+01
   6.8872203e+01  -3.3466636e+01
   6.8872037e+01  -3.3465467e+01
   6.8871871e+01  -3.3464297e+01
   6.8871706e+01  -3.3463127e+01
   6.8871541e+01  -3.3461957e+01
   6.8871376e+01  -3.3460786e+01
   6.8871212e+01  -3.3459616e+01
   6.8871049e+01  -3.3458445e+01
   6.8870885e+01  -3.3457274e+01
   6.8870722e+01  -3.3456103e+01
   6.8870559e+01  -3.3454932e+01
   6.8870396e+01  -3.3453760e+01
   6.8870234e+01  -3.3452589e+01
   6.8870071e+01  -3.3451417e+01
   6.8869909e+01  -3.3450246e+01
   6.8869747e+01  -3.3449074e+01
   6.8869585e+01  -3.3447902e+01
   6.8869423e+01  -3.3446730e+01
   6.8869262e+01  -3.3445558e+01
   6.8869100e+01  -3.3444387e+01
   6.8868937e+01  -3.3443215e+01
   6.8868775e+01  -3.3442044e+01
   6.8868611e+01  -3.3440873e+01
   6.8868448e+01  -3.3439702e+01
   6.8868283e+01  -3.3438532e+01
   6.8868119e+01  -3.3437362e+01
   6.8867954e+01  -3.3436192e+01
   6.8867788e+01  -3.3435023e+01
   6.8867622e+01  -3.3433854e+01
   6.8867454e+01  -3.3432685e+01
   6.8867286e+01  -3.3431517e+01
   6.8867116e+01  -3.3430350e+01
   6.8866945e+01  -3.3429184e+01
   6.8866773e+01  -3.3428018e+01
   6.8866599e+01  -3.3426853e+01
   6.8866425e+01  -3.3425689e+01
   6.8866249e+01  -3.3424525e+01
   6.8866072e+01  -3.3423362e+01
   6.8865894e+01  -3.3422200e+01
   6.8865714e+01  -3.3421039e+01
   6.8865532e+01  -3.3419879e+01
   6.8865349e+01  -3.3418719e+01
   6.8865165e+01  -3.3417561e+01
   6.8864978e+01  -3.3416403e+01
   6.8864790e+01  -3.3415247e+01
   6.8864601e+01  -3.3414091e+01
   6.8864409e+01  -3.3412936e+01
   6.8864216e+01  -3.3411783e+01
   6.8864021e+01  -3.3410630e+01
   6.8863825e+01  -3.3409478e+01
   6.8863628e+01  -3.3408327e+01
   6.8863429e+01  -3.3407177e+01
   6.8863229e+01  -3.3406027e+01
   6.8863028e+01  -3.3404878e+01
   6.8862826e+01  -3.3403730e+01
   6.8862622e+01  -3.3402582e+01
   6.8862418e+01  -3.3401436e+01
   6.8862212e+01  -3.3400289e+01
   6.8862004e+01  -3.3399144e+01
   6.8861796e+01  -3.3398000e+01
   6.8861586e+01  -3.3396856e+01
   6.8861374e+01  -3.3395713e+01
   6.8861162e+01  -3.3394571e+01
   6.8860948e+01  -3.3393429e+01
   6.8860733e+01  -3.3392288e+01
   6.8860517e+01  -3.3391148e+01
   6.8860300e+01  -3.3390008e+01
   6.8860082e+01  -3.3388869e+01
   6.8859863e+01  -3.3387730e+01
   6.8859643e+01  -3.3386593e+01
   6.8859420e+01  -3.3385456e+01
   6.8859196e+01  -3.3384321e+01
   6.8858970e+01  -3.3383187e+01
   6.8858742e+01  -3.3382053e+01
   6.8858512e+01  -3.3380921e+01
   6.8858280e+01  -3.3379790e+01
   6.8858047e+01  -3.3378660e+01
   6.8857812e+01  -3.3377531e+01
   6.8857575e+01  -3.3376402e+01
   6.8857335e+01  -3.3375276e+01
   6.8857091e+01  -3.3374152e+01
   6.8856844e+01  -3.3373030e+01
   6.8856594e+01  -3.3371909e+01
   6.8856340e+01  -3.3370791e+01
   6.8856084e+01  -3.3369674e+01
   6.8855825e+01  -3.3368558e+01
   6.8855564e+01  -3.3367445e+01
   6.8855300e+01  -3.3366332e+01
   6.8855035e+01  -3.3365220e+01
   6.8854765e+01  -3.3364111e+01
   6.8854492e+01  -3.3363004e+01
   6.8854215e+01  -3.3361899e+01
   6.8853934e+01  -3.3360796e+01
   6.8853651e+01  -3.3359695e+01
   6.8853364e+01  -3.3358596e+01
   6.8853073e+01  -3.3357499e+01
   6.8852780e+01  -3.3356403e+01
   6.8852485e+01  -3.3355309e+01
   6.8852186e+01  -3.3354217e+01
   6.8851883e+01  -3.3353126e+01
   6.8851577e+01  -3.3352039e+01
   6.8851267e+01  -3.3350953e+01
   6.8850954e+01  -3.3349869e+01
   6.8850637e+01  -3.3348787e+01
   6.8850316e+01  -3.3347707e+01
   6.8849993e+01  -3.3346629e+01
   6.8849667e+01  -3.3345553e+01
   6.8849338e+01  -3.3344478e+01
   6.8849006e+01  -3.3343405e+01
   6.8848672e+01  -3.3342333e+01
   6.8848337e+01  -3.3341262e+01
   6.8847999e+01  -3.3340192e+01
   6.8847659e+01  -3.3339123e+01
   6.8847317e+01  -3.3338056e+01
   6.8846973e+01  -3.3336991e+01
   6.8846626e+01  -3.3335926e+01
   6.8846276e+01  -3.3334864e+01
   6.8845924e+01  -3.3333802e+01
   6.8845570e+01  -3.3332742e+01
   6.8845214e+01  -3.3331683e+01
   6.8844855e+01  -3.3330626e+01
   6.8844494e+01  -3.3329570e+01
   6.8844131e+01  -3.3328515e+01
   6.8843765e+01  -3.3327462e+01
   6.8843396e+01  -3.3326410e+01
   6.8843025e+01  -3.3325360e+01
   6.8842652e+01  -3.3324311e+01
   6.8842276e+01  -3.3323264e+01
   6.8841897e+01  -3.3322218e+01
   6.8841518e+01  -3.3321172e+01
   6.8841139e+01  -3.3320127e+01
   6.8840760e+01  -3.3319082e+01
   6.8840380e+01  -3.3318037e+01
   6.8839998e+01  -3.3316993e+01
   6.8839616e+01  -3.3315950e+01
   6.8839233e+01  -3.3314907e+01
   6.8838850e+01  -3.3313864e+01
   6.8838465e+01  -3.3312822e+01
   6.8838080e+01  -3.3311780e+01
   6.8837697e+01  -3.3310737e+01
   6.8837317e+01  -3.3309693e+01
   6.8836939e+01  -3.3308647e+01
   6.8836563e+01  -3.3307600e+01
   6.8836189e+01  -3.3306553e+01
   6.8835817e+01  -3.3305503e+01
   6.8835447e+01  -3.3304453e+01
   6.8835079e+01  -3.3303402e+01
   6.8834713e+01  -3.3302350e+01
   6.8834348e+01  -3.3301297e+01
   6.8833985e+01  -3.3300243e+01
   6.8833622e+01  -3.3299189e+01
   6.8833261e+01  -3.3298134e+01
   6.8832900e+01  -3.3297079e+01
   6.8832541e+01  -3.3296023e+01
   6.8832182e+01  -3.3294966e+01
   6.8831825e+01  -3.3293909e+01
   6.8831469e+01  -3.3292852e+01
   6.8831114e+01  -3.3291793e+01
   6.8830760e+01  -3.3290735e+01
   6.8830406e+01  -3.3289676e+01
   6.8830052e+01  -3.3288617e+01
   6.8829698e+01  -3.3287558e+01
   6.8829344e+01  -3.3286499e+01
   6.8828989e+01  -3.3285441e+01
   6.8828634e+01  -3.3284383e+01
   6.8828278e+01  -3.3283326e+01
   6.8827921e+01  -3.3282269e+01
   6.8827563e+01  -3.3281213e+01
   6.8827205e+01  -3.3280157e+01
   6.8826845e+01  -3.3279101e+01
   6.8826485e+01  -3.3278046e+01
   6.8826123e+01  -3.3276992e+01
   6.8825760e+01  -3.3275939e+01
   6.8825395e+01  -3.3274887e+01
   6.8825028e+01  -3.3273836e+01
   6.8824659e+01  -3.3272786e+01
   6.8824289e+01  -3.3271738e+01
   6.8823916e+01  -3.3270690e+01
   6.8823541e+01  -3.3269644e+01
   6.8823162e+01  -3.3268600e+01
   6.8822779e+01  -3.3267558e+01
   6.8822393e+01  -3.3266519e+01
   6.8822002e+01  -3.3265482e+01
   6.8821607e+01  -3.3264448e+01
   6.8821207e+01  -3.3263416e+01
   6.8820803e+01  -3.3262387e+01
   6.8820395e+01  -3.3261360e+01
   6.8819982e+01  -3.3260336e+01
   6.8819565e+01  -3.3259315e+01
   6.8819143e+01  -3.3258296e+01
   6.8818716e+01  -3.3257280e+01
   6.8818285e+01  -3.3256266e+01
   6.8817850e+01  -3.3255255e+01
   6.8817409e+01  -3.3254247e+01
   6.8816964e+01  -3.3253242e+01
   6.8816514e+01  -3.3252240e+01
   6.8816059e+01  -3.3251240e+01
   6.8815599e+01  -3.3250243e+01
   6.8815135e+01  -3.3249250e+01
   6.8814667e+01  -3.3248257e+01
   6.8814198e+01  -3.3247266e+01
   6.8813727e+01  -3.3246276e+01
   6.8813254e+01  -3.3245287e+01
   6.8812781e+01  -3.3244299e+01
   6.8812307e+01  -3.3243310e+01
   6.8811833e+01  -3.3242322e+01
   6.8811361e+01  -3.3241333e+01
   6.8810890e+01  -3.3240343e+01
   6.8810421e+01  -3.3239352e+01
   6.8809958e+01  -3.3238358e+01
   6.8809500e+01  -3.3237360e+01
   6.8809049e+01  -3.3236359e+01
   6.8808603e+01  -3.3235355e+01
   6.8808162e+01  -3.3234348e+01
   6.8807728e+01  -3.3233338e+01
   6.8807299e+01  -3.3232324e+01
   6.8806876e+01  -3.3231307e+01
   6.8806458e+01  -3.3230287e+01
   6.8806046e+01  -3.3229263e+01
   6.8805643e+01  -3.3228235e+01
   6.8805246e+01  -3.3227203e+01
   6.8804857e+01  -3.3226166e+01
   6.8804475e+01  -3.3225126e+01
   6.8804100e+01  -3.3224082e+01
   6.8803731e+01  -3.3223033e+01
   6.8803369e+01  -3.3221982e+01
   6.8803012e+01  -3.3220927e+01
   6.8802662e+01  -3.3219868e+01
   6.8802317e+01  -3.3218807e+01
   6.8801975e+01  -3.3217743e+01
   6.8801635e+01  -3.3216679e+01
   6.8801299e+01  -3.3215612e+01
   6.8800966e+01  -3.3214544e+01
   6.8800635e+01  -3.3213474e+01
   6.8800306e+01  -3.3212404e+01
   6.8799977e+01  -3.3211333e+01
   6.8799649e+01  -3.3210262e+01
   6.8799320e+01  -3.3209191e+01
   6.8798991e+01  -3.3208120e+01
   6.8798656e+01  -3.3207053e+01
   6.8798315e+01  -3.3205990e+01
   6.8797966e+01  -3.3204931e+01
   6.8797609e+01  -3.3203877e+01
   6.8797245e+01  -3.3202827e+01
   6.8796872e+01  -3.3201781e+01
   6.8796491e+01  -3.3200741e+01
   6.8796101e+01  -3.3199706e+01
   6.8795702e+01  -3.3198677e+01
   6.8795292e+01  -3.3197653e+01
   6.8794868e+01  -3.3196638e+01
   6.8794430e+01  -3.3195631e+01
   6.8793976e+01  -3.3194633e+01
   6.8793506e+01  -3.3193644e+01
   6.8793021e+01  -3.3192664e+01
   6.8792520e+01  -3.3191693e+01
   6.8792002e+01  -3.3190732e+01
   6.8791474e+01  -3.3189793e+01
   6.8790950e+01  -3.3188895e+01
   6.8790429e+01  -3.3188034e+01
   6.8789911e+01  -3.3187222e+01
   6.8789397e+01  -3.3186455e+01
   6.8788886e+01  -3.3185734e+01
   6.8788379e+01  -3.3185058e+01
   6.8787874e+01  -3.3184421e+01
   6.8787373e+01  -3.3183819e+01
   6.8786873e+01  -3.3183248e+01
   6.8786376e+01  -3.3182705e+01
   6.8785880e+01  -3.3182187e+01
   6.8785386e+01  -3.3181691e+01
   6.8784894e+01  -3.3181214e+01
   6.8784403e+01  -3.3180756e+01
   6.8783914e+01  -3.3180317e+01
   6.8783426e+01  -3.3179901e+01
   6.8782940e+01  -3.3179507e+01
   6.8782456e+01  -3.3179134e+01
   6.8781973e+01  -3.3178782e+01
   6.8781491e+01  -3.3178449e+01
   6.8781011e+01  -3.3178135e+01
   6.8780533e+01  -3.3177840e+01
   6.8780055e+01  -3.3177563e+01
   6.8779579e+01  -3.3177302e+01
   6.8779105e+01  -3.3177056e+01
   6.8778631e+01  -3.3176821e+01
   6.8778157e+01  -3.3176597e+01
   6.8777685e+01  -3.3176383e+01
   6.8777213e+01  -3.3176179e+01
   6.8776742e+01  -3.3175984e+01
   6.8776272e+01  -3.3175798e+01
   6.8775802e+01  -3.3175620e+01
   6.8775333e+01  -3.3175450e+01
   6.8774865e+01  -3.3175287e+01
   6.8774397e+01  -3.3175129e+01
   6.8773929e+01  -3.3174974e+01
   6.8773461e+01  -3.3174822e+01
   6.8772993e+01  -3.3174672e+01
   6.8772526e+01  -3.3174525e+01
   6.8772059e+01  -3.3174380e+01
   6.8771592e+01  -3.3174237e+01
   6.8771125e+01  -3.3174095e+01
   6.8770658e+01  -3.3173954e+01
   6.8770191e+01  -3.3173815e+01
   6.8769725e+01  -3.3173678e+01
   6.8769258e+01  -3.3173545e+01
   6.8768792e+01  -3.3173414e+01
   6.8768326e+01  -3.3173286e+01
   6.8767861e+01  -3.3173161e+01
   6.8767395e+01  -3.3173039e+01
   6.8766930e+01  -3.3172919e+01
   6.8766465e+01  -3.3172802e+01
   6.8766000e+01  -3.3172688e+01
   6.8765535e+01  -3.3172576e+01
   6.8765071e+01  -3.3172465e+01
   6.8764606e+01  -3.3172354e+01
   6.8764142e+01  -3.3172243e+01
   6.8763677e+01  -3.3172132e+01
   6.8763212e+01  -3.3172019e+01
   6.8762747e+01  -3.3171905e+01
   6.8762282e+01  -3.3171790e+01
   6.8761817e+01  -3.3171673e+01
   6.8761352e+01  -3.3171555e+01
   6.8760887e+01  -3.3171434e+01
   6.8760421e+01  -3.3171310e+01
   6.8759956e+01  -3.3171183e+01
   6.8759490e+01  -3.3171054e+01
   6.8759023e+01  -3.3170921e+01
   6.8758557e+01  -3.3170785e+01
   6.8758090e+01  -3.3170646e+01
   6.8757623e+01  -3.3170504e+01
   6.8757156e+01  -3.3170358e+01
   6.8756688e+01  -3.3170208e+01
   6.8756220e+01  -3.3170053e+01
   6.8755752e+01  -3.3169894e+01
   6.8755283e+01  -3.3169730e+01
   6.8754814e+01  -3.3169561e+01
   6.8754345e+01  -3.3169388e+01
   6.8753875e+01  -3.3169211e+01
   6.8753406e+01  -3.3169030e+01
   6.8752935e+01  -3.3168846e+01
   6.8752465e+01  -3.3168658e+01
   6.8751994e+01  -3.3168467e+01
   6.8751523e+01  -3.3168273e+01
   6.8751052e+01  -3.3168074e+01
   6.8750580e+01  -3.3167868e+01
   6.8750108e+01  -3.3167654e+01
   6.8749635e+01  -3.3167432e+01
   6.8749161e+01  -3.3167203e+01
   6.8748687e+01  -3.3166966e+01
   6.8748212e+01  -3.3166722e+01
   6.8747737e+01  -3.3166470e+01
   6.8747261e+01  -3.3166211e+01
   6.8746785e+01  -3.3165944e+01
   6.8746308e+01  -3.3165669e+01
   6.8745830e+01  -3.3165386e+01
   6.8745352e+01  -3.3165094e+01
   6.8744873e+01  -3.3164792e+01
   6.8744393e+01  -3.3164481e+01
   6.8743912e+01  -3.3164159e+01
   6.8743431e+01  -3.3163828e+01
   6.8742949e+01  -3.3163487e+01
   6.8742466e+01  -3.3163138e+01
   6.8741983e+01  -3.3162780e+01
   6.8741499e+01  -3.3162418e+01
   6.8741015e+01  -3.3162054e+01
   6.8740531e+01  -3.3161689e+01
   6.8740047e+01  -3.3161322e+01
   6.8739563e+01  -3.3160953e+01
   6.8739078e+01  -3.3160584e+01
   6.8738594e+01  -3.3160213e+01
   6.8738110e+01  -3.3159842e+01
   6.8737625e+01  -3.3159470e+01
   6.8737141e+01  -3.3159097e+01
   6.8736656e+01  -3.3158721e+01
   6.8736171e+01  -3.3158341e+01
   6.8735685e+01  -3.3157956e+01
   6.8735200e+01  -3.3157565e+01
   6.8734713e+01  -3.3157167e+01
   6.8734226e+01  -3.3156759e+01
   6.8733738e+01  -3.3156344e+01
   6.8733250e+01  -3.3155920e+01
   6.8732761e+01  -3.3155489e+01
   6.8732271e+01  -3.3155051e+01
   6.8731781e+01  -3.3154606e+01
   6.8731290e+01  -3.3154153e+01
   6.8730799e+01  -3.3153692e+01
   6.8730307e+01  -3.3153223e+01
   6.8729815e+01  -3.3152746e+01
   6.8729322e+01  -3.3152262e+01
   6.8728828e+01  -3.3151770e+01
   6.8728334e+01  -3.3151270e+01
   6.8727839e+01  -3.3150762e+01
   6.8727344e+01  -3.3150246e+01
   6.8726847e+01  -3.3149722e+01
   6.8726350e+01  -3.3149185e+01
   6.8725852e+01  -3.3148635e+01
   6.8725353e+01  -3.3148073e+01
   6.8724853e+01  -3.3147498e+01
   6.8724352e+01  -3.3146911e+01
   6.8723851e+01  -3.3146312e+01
   6.8723348e+01  -3.3145701e+01
   6.8722844e+01  -3.3145078e+01
   6.8722340e+01  -3.3144444e+01
   6.8721834e+01  -3.3143798e+01
   6.8721328e+01  -3.3143141e+01
   6.8720821e+01  -3.3142471e+01
   6.8720313e+01  -3.3141788e+01
   6.8719803e+01  -3.3141092e+01
   6.8719293e+01  -3.3140381e+01
   6.8718781e+01  -3.3139655e+01
   6.8718269e+01  -3.3138914e+01
   6.8717755e+01  -3.3138158e+01
   6.8717240e+01  -3.3137387e+01
   6.8716724e+01  -3.3136601e+01
   6.8716206e+01  -3.3135799e+01
   6.8715688e+01  -3.3134982e+01
   6.8715168e+01  -3.3134149e+01
   6.8714647e+01  -3.3133302e+01
   6.8714125e+01  -3.3132440e+01
   6.8713602e+01  -3.3131564e+01
   6.8713078e+01  -3.3130679e+01
   6.8712554e+01  -3.3129787e+01
   6.8712029e+01  -3.3128886e+01
   6.8711504e+01  -3.3127981e+01
   6.8710978e+01  -3.3127074e+01
   6.8710453e+01  -3.3126165e+01
   6.8709927e+01  -3.3125253e+01
   6.8709401e+01  -3.3124341e+01
   6.8708875e+01  -3.3123427e+01
   6.8708349e+01  -3.3122512e+01
   6.8707823e+01  -3.3121604e+01
   6.8707298e+01  -3.3120705e+01
   6.8706774e+01  -3.3119817e+01
   6.8706251e+01  -3.3118940e+01
   6.8705729e+01  -3.3118075e+01
   6.8705207e+01  -3.3117221e+01
   6.8704686e+01  -3.3116379e+01
   6.8704167e+01  -3.3115548e+01
   6.8703648e+01  -3.3114728e+01
   6.8703130e+01  -3.3113919e+01
   6.8702612e+01  -3.3113119e+01
   6.8702096e+01  -3.3112336e+01
   6.8701581e+01  -3.3111569e+01
   6.8701068e+01  -3.3110819e+01
   6.8700555e+01  -3.3110084e+01
   6.8700044e+01  -3.3109366e+01
   6.8699534e+01  -3.3108663e+01
   6.8699025e+01  -3.3107976e+01
   6.8698518e+01  -3.3107304e+01
   6.8698011e+01  -3.3106646e+01
   6.8697506e+01  -3.3106002e+01
   6.8697001e+01  -3.3105372e+01
   6.8696498e+01  -3.3104756e+01
   6.8695995e+01  -3.3104151e+01
   6.8695494e+01  -3.3103557e+01
   6.8694993e+01  -3.3102975e+01
   6.8694493e+01  -3.3102402e+01
   6.8693993e+01  -3.3101841e+01
   6.8693495e+01  -3.3101290e+01
   6.8692997e+01  -3.3100750e+01
   6.8692501e+01  -3.3100219e+01
   6.8692005e+01  -3.3099699e+01
   6.8691509e+01  -3.3099189e+01
   6.8691015e+01  -3.3098689e+01
   6.8690521e+01  -3.3098199e+01
   6.8690028e+01  -3.3097719e+01
   6.8689536e+01  -3.3097249e+01
   6.8689044e+01  -3.3096787e+01
   6.8688553e+01  -3.3096334e+01
   6.8688063e+01  -3.3095890e+01
   6.8687573e+01  -3.3095455e+01
   6.8687085e+01  -3.3095029e+01
   6.8686596e+01  -3.3094611e+01
   6.8686109e+01  -3.3094201e+01
   6.8685621e+01  -3.3093797e+01
   6.8685135e+01  -3.3093401e+01
   6.8684649e+01  -3.3093011e+01
   6.8684163e+01  -3.3092627e+01
   6.8683678e+01  -3.3092250e+01
   6.8683193e+01  -3.3091879e+01
   6.8682709e+01  -3.3091515e+01
   6.8682225e+01  -3.3091156e+01
   6.8681742e+01  -3.3090803e+01
   6.8681259e+01  -3.3090453e+01
   6.8680776e+01  -3.3090102e+01
   6.8680293e+01  -3.3089750e+01
   6.8679809e+01  -3.3089396e+01
   6.8679326e+01  -3.3089040e+01
   6.8678842e+01  -3.3088682e+01
   6.8678358e+01  -3.3088321e+01
   6.8677874e+01  -3.3087958e+01
   6.8677390e+01  -3.3087593e+01
   6.8676906e+01  -3.3087226e+01
   6.8676421e+01  -3.3086857e+01
   6.8675936e+01  -3.3086485e+01
   6.8675451e+01  -3.3086110e+01
   6.8674966e+01  -3.3085733e+01
   6.8674481e+01  -3.3085352e+01
   6.8673995e+01  -3.3084967e+01
   6.8673509e+01  -3.3084579e+01
   6.8673023e+01  -3.3084185e+01
   6.8672536e+01  -3.3083787e+01
   6.8672049e+01  -3.3083384e+01
   6.8671561e+01  -3.3082975e+01
   6.8671073e+01  -3.3082560e+01
   6.8670584e+01  -3.3082139e+01
   6.8670095e+01  -3.3081711e+01
   6.8669606e+01  -3.3081276e+01
   6.8669116e+01  -3.3080835e+01
   6.8668625e+01  -3.3080386e+01
   6.8668134e+01  -3.3079929e+01
   6.8667642e+01  -3.3079465e+01
   6.8667149e+01  -3.3078992e+01
   6.8666656e+01  -3.3078510e+01
   6.8666162e+01  -3.3078019e+01
   6.8665667e+01  -3.3077517e+01
   6.8665172e+01  -3.3077004e+01
   6.8664675e+01  -3.3076480e+01
   6.8664178e+01  -3.3075942e+01
   6.8663679e+01  -3.3075390e+01
   6.8663179e+01  -3.3074824e+01
   6.8662678e+01  -3.3074242e+01
   6.8662176e+01  -3.3073644e+01
   6.8661673e+01  -3.3073030e+01
   6.8661168e+01  -3.3072399e+01
   6.8660662e+01  -3.3071751e+01
   6.8660155e+01  -3.3071087e+01
   6.8659646e+01  -3.3070407e+01
   6.8659136e+01  -3.3069712e+01
   6.8658626e+01  -3.3069002e+01
   6.8658114e+01  -3.3068278e+01
   6.8657601e+01  -3.3067540e+01
   6.8657087e+01  -3.3066789e+01
   6.8656572e+01  -3.3066032e+01
   6.8656057e+01  -3.3065273e+01
   6.8655543e+01  -3.3064516e+01
   6.8655028e+01  -3.3063760e+01
   6.8654514e+01  -3.3063004e+01
   6.8654000e+01  -3.3062247e+01
   6.8653485e+01  -3.3061489e+01
   6.8652970e+01  -3.3060727e+01
   6.8652455e+01  -3.3059960e+01
   6.8651939e+01  -3.3059188e+01
   6.8651423e+01  -3.3058410e+01
   6.8650906e+01  -3.3057625e+01
   6.8650389e+01  -3.3056834e+01
   6.8649871e+01  -3.3056036e+01
   6.8649353e+01  -3.3055231e+01
   6.8648834e+01  -3.3054419e+01
   6.8648315e+01  -3.3053599e+01
   6.8647795e+01  -3.3052772e+01
   6.8647274e+01  -3.3051936e+01
   6.8646753e+01  -3.3051091e+01
   6.8646231e+01  -3.3050246e+01
   6.8645711e+01  -3.3049409e+01
   6.8645191e+01  -3.3048582e+01
   6.8644671e+01  -3.3047766e+01
   6.8644153e+01  -3.3046961e+01
   6.8643634e+01  -3.3046151e+01
   6.8643114e+01  -3.3045324e+01
   6.8642593e+01  -3.3044473e+01
   6.8642068e+01  -3.3043594e+01
   6.8641542e+01  -3.3042678e+01
   6.8641018e+01  -3.3041731e+01
   6.8640509e+01  -3.3040775e+01
   6.8640015e+01  -3.3039811e+01
   6.8639532e+01  -3.3038840e+01
   6.8639060e+01  -3.3037863e+01
   6.8638596e+01  -3.3036881e+01
   6.8638138e+01  -3.3035896e+01
   6.8637686e+01  -3.3034907e+01
   6.8637240e+01  -3.3033915e+01
   6.8636800e+01  -3.3032919e+01
   6.8636368e+01  -3.3031919e+01
   6.8635942e+01  -3.3030915e+01
   6.8635523e+01  -3.3029908e+01
   6.8635110e+01  -3.3028897e+01
   6.8634703e+01  -3.3027882e+01
   6.8634300e+01  -3.3026866e+01
   6.8633899e+01  -3.3025848e+01
   6.8633501e+01  -3.3024828e+01
   6.8633104e+01  -3.3023807e+01
   6.8632711e+01  -3.3022785e+01
   6.8632320e+01  -3.3021762e+01
   6.8631931e+01  -3.3020737e+01
   6.8631545e+01  -3.3019710e+01
   6.8631162e+01  -3.3018682e+01
   6.8630781e+01  -3.3017653e+01
   6.8630404e+01  -3.3016621e+01
   6.8630031e+01  -3.3015587e+01
   6.8629662e+01  -3.3014551e+01
   6.8629298e+01  -3.3013512e+01
   6.8628938e+01  -3.3012471e+01
   6.8628583e+01  -3.3011427e+01
   6.8628232e+01  -3.3010380e+01
   6.8627887e+01  -3.3009330e+01
   6.8627546e+01  -3.3008278e+01
   6.8627210e+01  -3.3007222e+01
   6.8626878e+01  -3.3006165e+01
   6.8626549e+01  -3.3005106e+01
   6.8626221e+01  -3.3004046e+01
   6.8625895e+01  -3.3002985e+01
   6.8625570e+01  -3.3001924e+01
   6.8625247e+01  -3.3000861e+01
   6.8624926e+01  -3.2999798e+01
   6.8624605e+01  -3.2998734e+01
   6.8624285e+01  -3.2997669e+01
   6.8623966e+01  -3.2996605e+01
   6.8623646e+01  -3.2995540e+01
   6.8623326e+01  -3.2994477e+01
   6.8623005e+01  -3.2993413e+01
   6.8622684e+01  -3.2992350e+01
   6.8622361e+01  -3.2991287e+01
   6.8622039e+01  -3.2990224e+01
   6.8621716e+01  -3.2989162e+01
   6.8621392e+01  -3.2988100e+01
   6.8621068e+01  -3.2987038e+01
   6.8620744e+01  -3.2985977e+01
   6.8620420e+01  -3.2984916e+01
   6.8620095e+01  -3.2983855e+01
   6.8619769e+01  -3.2982794e+01
   6.8619442e+01  -3.2981735e+01
   6.8619114e+01  -3.2980675e+01
   6.8618785e+01  -3.2979617e+01
   6.8618454e+01  -3.2978560e+01
   6.8618122e+01  -3.2977503e+01
   6.8617789e+01  -3.2976447e+01
   6.8617455e+01  -3.2975391e+01
   6.8617120e+01  -3.2974337e+01
   6.8616784e+01  -3.2973282e+01
   6.8616447e+01  -3.2972229e+01
   6.8616109e+01  -3.2971176e+01
   6.8615770e+01  -3.2970123e+01
   6.8615430e+01  -3.2969071e+01
   6.8615090e+01  -3.2968020e+01
   6.8614750e+01  -3.2966968e+01
   6.8614409e+01  -3.2965917e+01
   6.8614067e+01  -3.2964866e+01
   6.8613726e+01  -3.2963816e+01
   6.8613384e+01  -3.2962765e+01
   6.8613040e+01  -3.2961716e+01
   6.8612696e+01  -3.2960666e+01
   6.8612351e+01  -3.2959618e+01
   6.8612004e+01  -3.2958570e+01
