   6.4168491e+01  -4.9223376e+01
   6.4168490e+01  -4.9224386e+01
   6.4168493e+01  -4.9225396e+01
   6.4168500e+01  -4.9226407e+01
   6.4168511e+01  -4.9227419e+01
   6.4168525e+01  -4.9228431e+01
   6.4168543e+01  -4.9229444e+01
   6.4168565e+01  -4.9230457e+01
   6.4168591e+01  -4.9231471e+01
   6.4168619e+01  -4.9232486e+01
   6.4168651e+01  -4.9233501e+01
   6.4168687e+01  -4.9234517e+01
   6.4168727e+01  -4.9235534e+01
   6.4168771e+01  -4.9236551e+01
   6.4168821e+01  -4.9237569e+01
   6.4168874e+01  -4.9238588e+01
   6.4168932e+01  -4.9239608e+01
   6.4168993e+01  -4.9240628e+01
   6.4169058e+01  -4.9241649e+01
   6.4169127e+01  -4.9242670e+01
   6.4169198e+01  -4.9243693e+01
   6.4169273e+01  -4.9244715e+01
   6.4169352e+01  -4.9245738e+01
   6.4169434e+01  -4.9246762e+01
   6.4169519e+01  -4.9247786e+01
   6.4169607e+01  -4.9248811e+01
   6.4169698e+01  -4.9249837e+01
   6.4169791e+01  -4.9250863e+01
   6.4169887e+01  -4.9251889e+01
   6.4169985e+01  -4.9252915e+01
   6.4170086e+01  -4.9253942e+01
   6.4170188e+01  -4.9254970e+01
   6.4170292e+01  -4.9255997e+01
   6.4170399e+01  -4.9257026e+01
   6.4170507e+01  -4.9258054e+01
   6.4170618e+01  -4.9259083e+01
   6.4170730e+01  -4.9260112e+01
   6.4170844e+01  -4.9261141e+01
   6.4170960e+01  -4.9262171e+01
   6.4171078e+01  -4.9263201e+01
   6.4171198e+01  -4.9264232e+01
   6.4171320e+01  -4.9265262e+01
   6.4171442e+01  -4.9266293e+01
   6.4171566e+01  -4.9267324e+01
   6.4171690e+01  -4.9268356e+01
   6.4171815e+01  -4.9269387e+01
   6.4171941e+01  -4.9270419e+01
   6.4172068e+01  -4.9271450e+01
   6.4172195e+01  -4.9272482e+01
   6.4172323e+01  -4.9273514e+01
   6.4172452e+01  -4.9274546e+01
   6.4172581e+01  -4.9275578e+01
   6.4172709e+01  -4.9276610e+01
   6.4172838e+01  -4.9277642e+01
   6.4172965e+01  -4.9278674e+01
   6.4173093e+01  -4.9279706e+01
   6.4173220e+01  -4.9280738e+01
   6.4173346e+01  -4.9281770e+01
   6.4173472e+01  -4.9282801e+01
   6.4173597e+01  -4.9283833e+01
   6.4173722e+01  -4.9284865e+01
   6.4173847e+01  -4.9285896e+01
   6.4173971e+01  -4.9286927e+01
   6.4174094e+01  -4.9287959e+01
   6.4174217e+01  -4.9288990e+01
   6.4174339e+01  -4.9290021e+01
   6.4174461e+01  -4.9291052e+01
   6.4174581e+01  -4.9292083e+01
   6.4174702e+01  -4.9293114e+01
   6.4174822e+01  -4.9294145e+01
   6.4174942e+01  -4.9295175e+01
   6.4175061e+01  -4.9296206e+01
   6.4175180e+01  -4.9297237e+01
   6.4175299e+01  -4.9298267e+01
   6.4175419e+01  -4.9299298e+01
   6.4175538e+01  -4.9300329e+01
   6.4175657e+01  -4.9301360e+01
   6.4175776e+01  -4.9302390e+01
   6.4175895e+01  -4.9303421e+01
   6.4176014e+01  -4.9304452e+01
   6.4176132e+01  -4.9305482e+01
   6.4176250e+01  -4.9306513e+01
   6.4176367e+01  -4.9307544e+01
   6.4176485e+01  -4.9308574e+01
   6.4176602e+01  -4.9309605e+01
   6.4176719e+01  -4.9310635e+01
   6.4176836e+01  -4.9311665e+01
   6.4176953e+01  -4.9312696e+01
   6.4177070e+01  -4.9313726e+01
   6.4177188e+01  -4.9314757e+01
   6.4177305e+01  -4.9315788e+01
   6.4177423e+01  -4.9316818e+01
   6.4177541e+01  -4.9317849e+01
   6.4177660e+01  -4.9318880e+01
   6.4177781e+01  -4.9319911e+01
   6.4177903e+01  -4.9320942e+01
   6.4178026e+01  -4.9321974e+01
   6.4178150e+01  -4.9323006e+01
   6.4178276e+01  -4.9324038e+01
   6.4178403e+01  -4.9325071e+01
   6.4178532e+01  -4.9326103e+01
   6.4178663e+01  -4.9327136e+01
   6.4178797e+01  -4.9328170e+01
   6.4178932e+01  -4.9329204e+01
   6.4179069e+01  -4.9330238e+01
   6.4179209e+01  -4.9331272e+01
   6.4179351e+01  -4.9332307e+01
   6.4179495e+01  -4.9333343e+01
   6.4179641e+01  -4.9334379e+01
   6.4179790e+01  -4.9335415e+01
   6.4179942e+01  -4.9336452e+01
   6.4180096e+01  -4.9337489e+01
   6.4180254e+01  -4.9338527e+01
   6.4180415e+01  -4.9339565e+01
   6.4180581e+01  -4.9340605e+01
   6.4180750e+01  -4.9341645e+01
   6.4180924e+01  -4.9342685e+01
   6.4181103e+01  -4.9343727e+01
   6.4181286e+01  -4.9344769e+01
   6.4181473e+01  -4.9345812e+01
   6.4181666e+01  -4.9346856e+01
   6.4181863e+01  -4.9347901e+01
   6.4182067e+01  -4.9348947e+01
   6.4182277e+01  -4.9349994e+01
   6.4182493e+01  -4.9351043e+01
   6.4182716e+01  -4.9352092e+01
   6.4182946e+01  -4.9353143e+01
   6.4183184e+01  -4.9354195e+01
   6.4183429e+01  -4.9355248e+01
   6.4183683e+01  -4.9356303e+01
   6.4183945e+01  -4.9357360e+01
   6.4184216e+01  -4.9358418e+01
   6.4184495e+01  -4.9359477e+01
   6.4184782e+01  -4.9360538e+01
   6.4185077e+01  -4.9361600e+01
   6.4185381e+01  -4.9362664e+01
   6.4185694e+01  -4.9363729e+01
   6.4186016e+01  -4.9364796e+01
   6.4186347e+01  -4.9365865e+01
   6.4186686e+01  -4.9366935e+01
   6.4187033e+01  -4.9368007e+01
   6.4187390e+01  -4.9369080e+01
   6.4187754e+01  -4.9370154e+01
   6.4188126e+01  -4.9371230e+01
   6.4188507e+01  -4.9372308e+01
   6.4188897e+01  -4.9373387e+01
   6.4189295e+01  -4.9374468e+01
   6.4189700e+01  -4.9375541e+01
   6.4190106e+01  -4.9376592e+01
   6.4190512e+01  -4.9377622e+01
   6.4190919e+01  -4.9378631e+01
   6.4191327e+01  -4.9379619e+01
   6.4191735e+01  -4.9380586e+01
   6.4192144e+01  -4.9381531e+01
   6.4192554e+01  -4.9382455e+01
   6.4192965e+01  -4.9383359e+01
   6.4193376e+01  -4.9384243e+01
   6.4193788e+01  -4.9385109e+01
   6.4194200e+01  -4.9385956e+01
   6.4194613e+01  -4.9386786e+01
   6.4195026e+01  -4.9387600e+01
   6.4195440e+01  -4.9388400e+01
   6.4195855e+01  -4.9389185e+01
   6.4196270e+01  -4.9389957e+01
   6.4196685e+01  -4.9390715e+01
   6.4197101e+01  -4.9391462e+01
   6.4197517e+01  -4.9392197e+01
   6.4197933e+01  -4.9392921e+01
   6.4198350e+01  -4.9393635e+01
   6.4198767e+01  -4.9394337e+01
   6.4199185e+01  -4.9395028e+01
   6.4199603e+01  -4.9395709e+01
   6.4200021e+01  -4.9396379e+01
   6.4200440e+01  -4.9397039e+01
   6.4200859e+01  -4.9397689e+01
   6.4201278e+01  -4.9398330e+01
   6.4201697e+01  -4.9398962e+01
   6.4202117e+01  -4.9399586e+01
   6.4202537e+01  -4.9400201e+01
   6.4202958e+01  -4.9400808e+01
   6.4203378e+01  -4.9401406e+01
   6.4203799e+01  -4.9401995e+01
   6.4204220e+01  -4.9402578e+01
   6.4204642e+01  -4.9403153e+01
   6.4205063e+01  -4.9403722e+01
   6.4205485e+01  -4.9404284e+01
   6.4205907e+01  -4.9404838e+01
   6.4206330e+01  -4.9405387e+01
   6.4206752e+01  -4.9405928e+01
   6.4207175e+01  -4.9406464e+01
   6.4207598e+01  -4.9406994e+01
   6.4208021e+01  -4.9407520e+01
   6.4208444e+01  -4.9408041e+01
   6.4208868e+01  -4.9408557e+01
   6.4209291e+01  -4.9409070e+01
   6.4209715e+01  -4.9409577e+01
   6.4210139e+01  -4.9410081e+01
   6.4210563e+01  -4.9410581e+01
   6.4210987e+01  -4.9411077e+01
   6.4211411e+01  -4.9411571e+01
   6.4211835e+01  -4.9412064e+01
   6.4212259e+01  -4.9412558e+01
   6.4212683e+01  -4.9413051e+01
   6.4213107e+01  -4.9413545e+01
   6.4213532e+01  -4.9414041e+01
   6.4213956e+01  -4.9414538e+01
   6.4214380e+01  -4.9415037e+01
   6.4214803e+01  -4.9415539e+01
   6.4215227e+01  -4.9416042e+01
   6.4215651e+01  -4.9416549e+01
   6.4216074e+01  -4.9417062e+01
   6.4216498e+01  -4.9417580e+01
   6.4216921e+01  -4.9418104e+01
   6.4217344e+01  -4.9418633e+01
   6.4217767e+01  -4.9419168e+01
   6.4218189e+01  -4.9419708e+01
   6.4218612e+01  -4.9420253e+01
   6.4219034e+01  -4.9420804e+01
   6.4219456e+01  -4.9421359e+01
   6.4219878e+01  -4.9421920e+01
   6.4220299e+01  -4.9422488e+01
   6.4220721e+01  -4.9423063e+01
   6.4221142e+01  -4.9423645e+01
   6.4221563e+01  -4.9424234e+01
   6.4221983e+01  -4.9424831e+01
   6.4222404e+01  -4.9425436e+01
   6.4222824e+01  -4.9426046e+01
   6.4223244e+01  -4.9426664e+01
   6.4223664e+01  -4.9427288e+01
   6.4224083e+01  -4.9427917e+01
   6.4224503e+01  -4.9428550e+01
   6.4224922e+01  -4.9429186e+01
   6.4225341e+01  -4.9429826e+01
   6.4225760e+01  -4.9430469e+01
   6.4226179e+01  -4.9431116e+01
   6.4226598e+01  -4.9431766e+01
   6.4227017e+01  -4.9432420e+01
   6.4227435e+01  -4.9433076e+01
   6.4227854e+01  -4.9433736e+01
   6.4228272e+01  -4.9434398e+01
   6.4228691e+01  -4.9435062e+01
   6.4229109e+01  -4.9435727e+01
   6.4229527e+01  -4.9436394e+01
   6.4229946e+01  -4.9437062e+01
   6.4230364e+01  -4.9437733e+01
   6.4230782e+01  -4.9438407e+01
   6.4231200e+01  -4.9439082e+01
   6.4231618e+01  -4.9439760e+01
   6.4232035e+01  -4.9440441e+01
   6.4232453e+01  -4.9441125e+01
   6.4232871e+01  -4.9441812e+01
   6.4233288e+01  -4.9442502e+01
   6.4233705e+01  -4.9443196e+01
   6.4234123e+01  -4.9443893e+01
   6.4234540e+01  -4.9444593e+01
   6.4234957e+01  -4.9445297e+01
   6.4235374e+01  -4.9446005e+01
   6.4235790e+01  -4.9446716e+01
   6.4236207e+01  -4.9447431e+01
   6.4236623e+01  -4.9448155e+01
   6.4237039e+01  -4.9448895e+01
   6.4237454e+01  -4.9449652e+01
   6.4237869e+01  -4.9450427e+01
   6.4238283e+01  -4.9451221e+01
   6.4238696e+01  -4.9452032e+01
   6.4239109e+01  -4.9452862e+01
   6.4239521e+01  -4.9453710e+01
   6.4239932e+01  -4.9454577e+01
   6.4240343e+01  -4.9455463e+01
   6.4240753e+01  -4.9456371e+01
   6.4241162e+01  -4.9457307e+01
   6.4241570e+01  -4.9458270e+01
   6.4241977e+01  -4.9459262e+01
   6.4242383e+01  -4.9460283e+01
   6.4242789e+01  -4.9461329e+01
   6.4243193e+01  -4.9462401e+01
   6.4243593e+01  -4.9463486e+01
   6.4243983e+01  -4.9464569e+01
   6.4244366e+01  -4.9465651e+01
   6.4244743e+01  -4.9466732e+01
   6.4245113e+01  -4.9467812e+01
   6.4245477e+01  -4.9468890e+01
   6.4245837e+01  -4.9469968e+01
   6.4246194e+01  -4.9471046e+01
   6.4246549e+01  -4.9472123e+01
   6.4246903e+01  -4.9473200e+01
   6.4247255e+01  -4.9474276e+01
   6.4247608e+01  -4.9475353e+01
   6.4247960e+01  -4.9476430e+01
   6.4248313e+01  -4.9477507e+01
   6.4248668e+01  -4.9478584e+01
   6.4249025e+01  -4.9479662e+01
   6.4249385e+01  -4.9480740e+01
   6.4249746e+01  -4.9481818e+01
   6.4250108e+01  -4.9482897e+01
   6.4250471e+01  -4.9483976e+01
   6.4250834e+01  -4.9485055e+01
   6.4251197e+01  -4.9486134e+01
   6.4251561e+01  -4.9487213e+01
   6.4251924e+01  -4.9488292e+01
   6.4252286e+01  -4.9489371e+01
   6.4252648e+01  -4.9490450e+01
   6.4253010e+01  -4.9491529e+01
   6.4253371e+01  -4.9492608e+01
   6.4253727e+01  -4.9493686e+01
   6.4254081e+01  -4.9494763e+01
   6.4254431e+01  -4.9495840e+01
   6.4254780e+01  -4.9496917e+01
   6.4255126e+01  -4.9497993e+01
   6.4255470e+01  -4.9499069e+01
   6.4255813e+01  -4.9500145e+01
   6.4256155e+01  -4.9501220e+01
   6.4256496e+01  -4.9502296e+01
   6.4256837e+01  -4.9503371e+01
   6.4257177e+01  -4.9504447e+01
   6.4257516e+01  -4.9505522e+01
   6.4257854e+01  -4.9506597e+01
   6.4258192e+01  -4.9507672e+01
   6.4258529e+01  -4.9508747e+01
   6.4258865e+01  -4.9509822e+01
   6.4259201e+01  -4.9510897e+01
   6.4259537e+01  -4.9511971e+01
   6.4259873e+01  -4.9513046e+01
   6.4260209e+01  -4.9514121e+01
   6.4260544e+01  -4.9515196e+01
   6.4260882e+01  -4.9516271e+01
   6.4261223e+01  -4.9517347e+01
   6.4261567e+01  -4.9518424e+01
   6.4261915e+01  -4.9519501e+01
   6.4262266e+01  -4.9520579e+01
   6.4262622e+01  -4.9521657e+01
   6.4262982e+01  -4.9522737e+01
   6.4263346e+01  -4.9523817e+01
   6.4263716e+01  -4.9524899e+01
   6.4264093e+01  -4.9525981e+01
   6.4264476e+01  -4.9527065e+01
   6.4264864e+01  -4.9528150e+01
   6.4265255e+01  -4.9529235e+01
   6.4265648e+01  -4.9530321e+01
   6.4266044e+01  -4.9531407e+01
   6.4266441e+01  -4.9532494e+01
   6.4266838e+01  -4.9533580e+01
   6.4267235e+01  -4.9534667e+01
   6.4267632e+01  -4.9535754e+01
   6.4268031e+01  -4.9536841e+01
   6.4268431e+01  -4.9537928e+01
   6.4268831e+01  -4.9539015e+01
   6.4269229e+01  -4.9540102e+01
   6.4269623e+01  -4.9541189e+01
   6.4270015e+01  -4.9542275e+01
   6.4270404e+01  -4.9543360e+01
   6.4270790e+01  -4.9544445e+01
   6.4271173e+01  -4.9545529e+01
   6.4271555e+01  -4.9546614e+01
   6.4271939e+01  -4.9547698e+01
   6.4272325e+01  -4.9548783e+01
   6.4272712e+01  -4.9549869e+01
   6.4273101e+01  -4.9550955e+01
   6.4273491e+01  -4.9552040e+01
   6.4273882e+01  -4.9553127e+01
   6.4274273e+01  -4.9554213e+01
   6.4274666e+01  -4.9555299e+01
   6.4275058e+01  -4.9556386e+01
   6.4275454e+01  -4.9557473e+01
   6.4275855e+01  -4.9558561e+01
   6.4276259e+01  -4.9559639e+01
   6.4276663e+01  -4.9560703e+01
   6.4277067e+01  -4.9561753e+01
   6.4277472e+01  -4.9562792e+01
   6.4277877e+01  -4.9563820e+01
   6.4278283e+01  -4.9564839e+01
   6.4278689e+01  -4.9565848e+01
   6.4279095e+01  -4.9566850e+01
   6.4279501e+01  -4.9567844e+01
   6.4279908e+01  -4.9568827e+01
   6.4280316e+01  -4.9569798e+01
   6.4280723e+01  -4.9570757e+01
   6.4281131e+01  -4.9571703e+01
   6.4281540e+01  -4.9572638e+01
   6.4281949e+01  -4.9573561e+01
   6.4282358e+01  -4.9574473e+01
   6.4282767e+01  -4.9575374e+01
   6.4283177e+01  -4.9576265e+01
   6.4283588e+01  -4.9577146e+01
   6.4283998e+01  -4.9578016e+01
   6.4284409e+01  -4.9578878e+01
   6.4284821e+01  -4.9579736e+01
   6.4285232e+01  -4.9580584e+01
   6.4285644e+01  -4.9581424e+01
   6.4286056e+01  -4.9582254e+01
   6.4286468e+01  -4.9583075e+01
   6.4286881e+01  -4.9583886e+01
   6.4287294e+01  -4.9584687e+01
   6.4287707e+01  -4.9585478e+01
   6.4288121e+01  -4.9586259e+01
   6.4288535e+01  -4.9587029e+01
   6.4288950e+01  -4.9587790e+01
   6.4289365e+01  -4.9588534e+01
   6.4289780e+01  -4.9589264e+01
   6.4290196e+01  -4.9589981e+01
   6.4290613e+01  -4.9590688e+01
   6.4291029e+01  -4.9591387e+01
   6.4291446e+01  -4.9592078e+01
   6.4291863e+01  -4.9592761e+01
   6.4292281e+01  -4.9593437e+01
   6.4292698e+01  -4.9594106e+01
   6.4293116e+01  -4.9594770e+01
   6.4293534e+01  -4.9595431e+01
   6.4293952e+01  -4.9596090e+01
   6.4294370e+01  -4.9596746e+01
   6.4294788e+01  -4.9597399e+01
   6.4295207e+01  -4.9598050e+01
   6.4295625e+01  -4.9598698e+01
   6.4296043e+01  -4.9599344e+01
   6.4296462e+01  -4.9599987e+01
   6.4296881e+01  -4.9600627e+01
   6.4297299e+01  -4.9601265e+01
   6.4297718e+01  -4.9601907e+01
   6.4298136e+01  -4.9602554e+01
   6.4298554e+01  -4.9603205e+01
   6.4298973e+01  -4.9603860e+01
   6.4299390e+01  -4.9604520e+01
   6.4299808e+01  -4.9605183e+01
   6.4300226e+01  -4.9605850e+01
   6.4300644e+01  -4.9606521e+01
   6.4301061e+01  -4.9607195e+01
   6.4301478e+01  -4.9607873e+01
   6.4301896e+01  -4.9608546e+01
   6.4302313e+01  -4.9609213e+01
   6.4302731e+01  -4.9609873e+01
   6.4303149e+01  -4.9610525e+01
   6.4303568e+01  -4.9611169e+01
   6.4303987e+01  -4.9611805e+01
   6.4304406e+01  -4.9612432e+01
   6.4304825e+01  -4.9613049e+01
   6.4305245e+01  -4.9613652e+01
   6.4305665e+01  -4.9614241e+01
