   7.6218695e+01  -5.9045509e+01
   7.6218224e+01  -5.9046983e+01
   7.6217749e+01  -5.9048454e+01
   7.6217271e+01  -5.9049920e+01
   7.6216789e+01  -5.9051383e+01
   7.6216302e+01  -5.9052841e+01
   7.6215812e+01  -5.9054294e+01
   7.6215317e+01  -5.9055743e+01
   7.6214818e+01  -5.9057188e+01
   7.6214315e+01  -5.9058628e+01
   7.6213808e+01  -5.9060063e+01
   7.6213296e+01  -5.9061493e+01
   7.6212782e+01  -5.9062922e+01
   7.6212268e+01  -5.9064350e+01
   7.6211754e+01  -5.9065778e+01
   7.6211240e+01  -5.9067206e+01
   7.6210727e+01  -5.9068635e+01
   7.6210215e+01  -5.9070065e+01
   7.6209704e+01  -5.9071495e+01
   7.6209194e+01  -5.9072927e+01
   7.6208685e+01  -5.9074360e+01
   7.6208178e+01  -5.9075795e+01
   7.6207674e+01  -5.9077233e+01
   7.6207173e+01  -5.9078673e+01
   7.6206676e+01  -5.9080117e+01
   7.6206181e+01  -5.9081565e+01
   7.6205691e+01  -5.9083017e+01
   7.6205203e+01  -5.9084471e+01
   7.6204719e+01  -5.9085929e+01
   7.6204238e+01  -5.9087390e+01
   7.6203759e+01  -5.9088854e+01
   7.6203283e+01  -5.9090320e+01
   7.6202811e+01  -5.9091790e+01
   7.6202342e+01  -5.9093264e+01
   7.6201876e+01  -5.9094740e+01
   7.6201412e+01  -5.9096220e+01
   7.6200951e+01  -5.9097701e+01
   7.6200492e+01  -5.9099185e+01
   7.6200034e+01  -5.9100669e+01
   7.6199577e+01  -5.9102155e+01
   7.6199121e+01  -5.9103641e+01
   7.6198665e+01  -5.9105128e+01
   7.6198209e+01  -5.9106614e+01
   7.6197752e+01  -5.9108099e+01
   7.6197293e+01  -5.9109583e+01
   7.6196834e+01  -5.9111065e+01
   7.6196373e+01  -5.9112546e+01
   7.6195910e+01  -5.9114025e+01
   7.6195446e+01  -5.9115502e+01
   7.6194979e+01  -5.9116976e+01
   7.6194510e+01  -5.9118448e+01
   7.6194039e+01  -5.9119917e+01
   7.6193564e+01  -5.9121383e+01
   7.6193087e+01  -5.9122846e+01
   7.6192606e+01  -5.9124306e+01
   7.6192124e+01  -5.9125763e+01
   7.6191639e+01  -5.9127217e+01
   7.6191151e+01  -5.9128669e+01
   7.6190662e+01  -5.9130119e+01
   7.6190170e+01  -5.9131567e+01
   7.6189677e+01  -5.9133012e+01
   7.6189183e+01  -5.9134456e+01
   7.6188687e+01  -5.9135899e+01
   7.6188190e+01  -5.9137340e+01
   7.6187693e+01  -5.9138781e+01
   7.6187195e+01  -5.9140221e+01
   7.6186697e+01  -5.9141661e+01
   7.6186198e+01  -5.9143099e+01
   7.6185699e+01  -5.9144538e+01
   7.6185199e+01  -5.9145976e+01
   7.6184700e+01  -5.9147415e+01
   7.6184201e+01  -5.9148853e+01
   7.6183706e+01  -5.9150295e+01
   7.6183216e+01  -5.9151743e+01
   7.6182732e+01  -5.9153197e+01
   7.6182253e+01  -5.9154656e+01
   7.6181779e+01  -5.9156120e+01
   7.6181309e+01  -5.9157588e+01
   7.6180844e+01  -5.9159062e+01
   7.6180383e+01  -5.9160539e+01
   7.6179925e+01  -5.9162021e+01
   7.6179472e+01  -5.9163506e+01
   7.6179024e+01  -5.9164997e+01
   7.6178580e+01  -5.9166493e+01
   7.6178142e+01  -5.9167995e+01
   7.6177708e+01  -5.9169501e+01
   7.6177279e+01  -5.9171011e+01
   7.6176853e+01  -5.9172525e+01
   7.6176431e+01  -5.9174043e+01
   7.6176013e+01  -5.9175565e+01
   7.6175598e+01  -5.9177090e+01
   7.6175186e+01  -5.9178619e+01
   7.6174776e+01  -5.9180149e+01
   7.6174368e+01  -5.9181682e+01
   7.6173962e+01  -5.9183217e+01
   7.6173559e+01  -5.9184754e+01
   7.6173157e+01  -5.9186293e+01
   7.6172757e+01  -5.9187834e+01
   7.6172359e+01  -5.9189377e+01
   7.6171964e+01  -5.9190922e+01
   7.6171571e+01  -5.9192470e+01
   7.6171180e+01  -5.9194020e+01
   7.6170790e+01  -5.9195570e+01
   7.6170398e+01  -5.9197119e+01
   7.6170007e+01  -5.9198669e+01
   7.6169616e+01  -5.9200218e+01
   7.6169224e+01  -5.9201767e+01
   7.6168833e+01  -5.9203316e+01
   7.6168442e+01  -5.9204864e+01
   7.6168050e+01  -5.9206414e+01
   7.6167659e+01  -5.9207963e+01
   7.6167269e+01  -5.9209512e+01
   7.6166876e+01  -5.9211059e+01
   7.6166480e+01  -5.9212603e+01
   7.6166082e+01  -5.9214145e+01
   7.6165682e+01  -5.9215683e+01
   7.6165279e+01  -5.9217220e+01
   7.6164874e+01  -5.9218753e+01
   7.6164467e+01  -5.9220284e+01
   7.6164057e+01  -5.9221813e+01
   7.6163646e+01  -5.9223340e+01
   7.6163233e+01  -5.9224865e+01
   7.6162821e+01  -5.9226391e+01
   7.6162409e+01  -5.9227917e+01
   7.6161997e+01  -5.9229442e+01
   7.6161584e+01  -5.9230968e+01
   7.6161172e+01  -5.9232493e+01
   7.6160759e+01  -5.9234017e+01
   7.6160346e+01  -5.9235541e+01
   7.6159932e+01  -5.9237065e+01
   7.6159518e+01  -5.9238588e+01
   7.6159104e+01  -5.9240111e+01
   7.6158692e+01  -5.9241636e+01
   7.6158282e+01  -5.9243163e+01
   7.6157873e+01  -5.9244692e+01
   7.6157466e+01  -5.9246222e+01
   7.6157061e+01  -5.9247754e+01
   7.6156657e+01  -5.9249287e+01
   7.6156254e+01  -5.9250821e+01
   7.6155851e+01  -5.9252356e+01
   7.6155450e+01  -5.9253891e+01
   7.6155049e+01  -5.9255428e+01
   7.6154649e+01  -5.9256964e+01
   7.6154248e+01  -5.9258501e+01
   7.6153848e+01  -5.9260037e+01
   7.6153448e+01  -5.9261574e+01
   7.6153048e+01  -5.9263111e+01
   7.6152649e+01  -5.9264648e+01
   7.6152249e+01  -5.9266185e+01
   7.6151849e+01  -5.9267722e+01
   7.6151450e+01  -5.9269258e+01
   7.6151049e+01  -5.9270795e+01
   7.6150647e+01  -5.9272329e+01
   7.6150243e+01  -5.9273861e+01
   7.6149837e+01  -5.9275390e+01
   7.6149429e+01  -5.9276917e+01
   7.6149018e+01  -5.9278441e+01
   7.6148604e+01  -5.9279962e+01
   7.6148187e+01  -5.9281480e+01
   7.6147767e+01  -5.9282995e+01
   7.6147345e+01  -5.9284507e+01
   7.6146921e+01  -5.9286017e+01
   7.6146494e+01  -5.9287524e+01
   7.6146065e+01  -5.9289028e+01
   7.6145634e+01  -5.9290531e+01
   7.6145201e+01  -5.9292030e+01
   7.6144765e+01  -5.9293527e+01
   7.6144326e+01  -5.9295021e+01
   7.6143885e+01  -5.9296512e+01
   7.6143441e+01  -5.9298000e+01
   7.6142994e+01  -5.9299485e+01
   7.6142545e+01  -5.9300967e+01
   7.6142093e+01  -5.9302447e+01
   7.6141639e+01  -5.9303924e+01
   7.6141182e+01  -5.9305398e+01
   7.6140723e+01  -5.9306869e+01
   7.6140261e+01  -5.9308338e+01
   7.6139797e+01  -5.9309804e+01
   7.6139331e+01  -5.9311268e+01
   7.6138863e+01  -5.9312729e+01
   7.6138393e+01  -5.9314188e+01
   7.6137921e+01  -5.9315645e+01
   7.6137449e+01  -5.9317102e+01
   7.6136977e+01  -5.9318560e+01
   7.6136506e+01  -5.9320018e+01
   7.6136036e+01  -5.9321476e+01
   7.6135567e+01  -5.9322936e+01
   7.6135100e+01  -5.9324398e+01
   7.6134634e+01  -5.9325862e+01
   7.6134171e+01  -5.9327328e+01
   7.6133710e+01  -5.9328796e+01
   7.6133251e+01  -5.9330266e+01
   7.6132794e+01  -5.9331737e+01
   7.6132338e+01  -5.9333211e+01
   7.6131884e+01  -5.9334686e+01
   7.6131431e+01  -5.9336162e+01
   7.6130979e+01  -5.9337640e+01
   7.6130529e+01  -5.9339119e+01
   7.6130080e+01  -5.9340599e+01
   7.6129632e+01  -5.9342080e+01
   7.6129185e+01  -5.9343562e+01
   7.6128739e+01  -5.9345045e+01
   7.6128294e+01  -5.9346529e+01
   7.6127849e+01  -5.9348013e+01
   7.6127404e+01  -5.9349497e+01
   7.6126959e+01  -5.9350981e+01
   7.6126514e+01  -5.9352465e+01
   7.6126068e+01  -5.9353947e+01
   7.6125621e+01  -5.9355429e+01
   7.6125173e+01  -5.9356909e+01
   7.6124724e+01  -5.9358388e+01
   7.6124273e+01  -5.9359866e+01
   7.6123821e+01  -5.9361341e+01
   7.6123366e+01  -5.9362814e+01
   7.6122909e+01  -5.9364284e+01
   7.6122449e+01  -5.9365751e+01
   7.6121986e+01  -5.9367214e+01
   7.6121520e+01  -5.9368674e+01
   7.6121050e+01  -5.9370130e+01
   7.6120577e+01  -5.9371583e+01
   7.6120099e+01  -5.9373031e+01
   7.6119618e+01  -5.9374474e+01
   7.6119132e+01  -5.9375913e+01
   7.6118644e+01  -5.9377349e+01
   7.6118152e+01  -5.9378781e+01
   7.6117656e+01  -5.9380209e+01
   7.6117155e+01  -5.9381631e+01
   7.6116651e+01  -5.9383049e+01
   7.6116141e+01  -5.9384462e+01
   7.6115627e+01  -5.9385870e+01
   7.6115108e+01  -5.9387272e+01
   7.6114583e+01  -5.9388669e+01
   7.6114055e+01  -5.9390061e+01
   7.6113523e+01  -5.9391449e+01
   7.6112987e+01  -5.9392834e+01
   7.6112448e+01  -5.9394214e+01
   7.6111907e+01  -5.9395592e+01
   7.6111363e+01  -5.9396968e+01
   7.6110816e+01  -5.9398340e+01
   7.6110268e+01  -5.9399710e+01
   7.6109717e+01  -5.9401077e+01
   7.6109164e+01  -5.9402442e+01
   7.6108610e+01  -5.9403804e+01
   7.6108056e+01  -5.9405159e+01
   7.6107503e+01  -5.9406509e+01
   7.6106950e+01  -5.9407854e+01
   7.6106398e+01  -5.9409195e+01
   7.6105845e+01  -5.9410534e+01
   7.6105293e+01  -5.9411868e+01
   7.6104741e+01  -5.9413200e+01
   7.6104189e+01  -5.9414529e+01
   7.6103637e+01  -5.9415855e+01
   7.6103085e+01  -5.9417182e+01
   7.6102533e+01  -5.9418511e+01
   7.6101981e+01  -5.9419843e+01
   7.6101429e+01  -5.9421178e+01
   7.6100876e+01  -5.9422524e+01
   7.6100322e+01  -5.9423880e+01
   7.6099769e+01  -5.9425243e+01
   7.6099218e+01  -5.9426609e+01
   7.6098668e+01  -5.9427976e+01
   7.6098121e+01  -5.9429345e+01
   7.6097575e+01  -5.9430715e+01
   7.6097029e+01  -5.9432086e+01
   7.6096484e+01  -5.9433457e+01
   7.6095939e+01  -5.9434828e+01
   7.6095395e+01  -5.9436200e+01
   7.6094851e+01  -5.9437573e+01
   7.6094309e+01  -5.9438946e+01
   7.6093767e+01  -5.9440321e+01
   7.6093226e+01  -5.9441696e+01
   7.6092687e+01  -5.9443073e+01
   7.6092150e+01  -5.9444451e+01
   7.6091614e+01  -5.9445832e+01
   7.6091081e+01  -5.9447216e+01
   7.6090551e+01  -5.9448602e+01
   7.6090024e+01  -5.9449990e+01
   7.6089499e+01  -5.9451382e+01
   7.6088978e+01  -5.9452778e+01
   7.6088461e+01  -5.9454177e+01
   7.6087947e+01  -5.9455581e+01
   7.6087437e+01  -5.9456988e+01
   7.6086932e+01  -5.9458400e+01
   7.6086430e+01  -5.9459816e+01
   7.6085932e+01  -5.9461236e+01
   7.6085438e+01  -5.9462660e+01
   7.6084949e+01  -5.9464088e+01
   7.6084462e+01  -5.9465520e+01
   7.6083979e+01  -5.9466955e+01
   7.6083499e+01  -5.9468394e+01
   7.6083022e+01  -5.9469836e+01
   7.6082549e+01  -5.9471281e+01
   7.6082076e+01  -5.9472727e+01
   7.6081604e+01  -5.9474174e+01
   7.6081132e+01  -5.9475621e+01
   7.6080661e+01  -5.9477068e+01
   7.6080191e+01  -5.9478516e+01
   7.6079721e+01  -5.9479966e+01
   7.6079253e+01  -5.9481416e+01
   7.6078785e+01  -5.9482867e+01
   7.6078318e+01  -5.9484318e+01
   7.6077851e+01  -5.9485770e+01
   7.6077384e+01  -5.9487221e+01
   7.6076916e+01  -5.9488671e+01
   7.6076447e+01  -5.9490120e+01
   7.6075977e+01  -5.9491568e+01
   7.6075508e+01  -5.9493016e+01
   7.6075038e+01  -5.9494465e+01
   7.6074569e+01  -5.9495913e+01
   7.6074100e+01  -5.9497362e+01
   7.6073632e+01  -5.9498811e+01
   7.6073165e+01  -5.9500261e+01
   7.6072697e+01  -5.9501711e+01
   7.6072228e+01  -5.9503159e+01
   7.6071758e+01  -5.9504606e+01
   7.6071287e+01  -5.9506052e+01
   7.6070816e+01  -5.9507498e+01
   7.6070345e+01  -5.9508943e+01
   7.6069873e+01  -5.9510388e+01
   7.6069401e+01  -5.9511832e+01
   7.6068928e+01  -5.9513276e+01
   7.6068456e+01  -5.9514720e+01
   7.6067984e+01  -5.9516165e+01
   7.6067513e+01  -5.9517610e+01
   7.6067042e+01  -5.9519055e+01
   7.6066572e+01  -5.9520500e+01
   7.6066101e+01  -5.9521946e+01
   7.6065631e+01  -5.9523392e+01
   7.6065161e+01  -5.9524837e+01
   7.6064692e+01  -5.9526284e+01
   7.6064223e+01  -5.9527731e+01
   7.6063755e+01  -5.9529178e+01
   7.6063287e+01  -5.9530626e+01
   7.6062819e+01  -5.9532074e+01
   7.6062353e+01  -5.9533522e+01
   7.6061886e+01  -5.9534972e+01
   7.6061421e+01  -5.9536421e+01
   7.6060956e+01  -5.9537872e+01
   7.6060491e+01  -5.9539323e+01
   7.6060027e+01  -5.9540774e+01
   7.6059564e+01  -5.9542226e+01
   7.6059102e+01  -5.9543679e+01
   7.6058639e+01  -5.9545131e+01
   7.6058177e+01  -5.9546584e+01
   7.6057714e+01  -5.9548036e+01
   7.6057252e+01  -5.9549489e+01
   7.6056790e+01  -5.9550942e+01
   7.6056329e+01  -5.9552396e+01
   7.6055869e+01  -5.9553850e+01
   7.6055409e+01  -5.9555305e+01
   7.6054951e+01  -5.9556762e+01
   7.6054494e+01  -5.9558219e+01
   7.6054038e+01  -5.9559678e+01
   7.6053583e+01  -5.9561138e+01
   7.6053131e+01  -5.9562601e+01
   7.6052680e+01  -5.9564064e+01
   7.6052230e+01  -5.9565530e+01
   7.6051783e+01  -5.9566998e+01
   7.6051338e+01  -5.9568467e+01
   7.6050895e+01  -5.9569939e+01
   7.6050454e+01  -5.9571414e+01
   7.6050015e+01  -5.9572891e+01
   7.6049580e+01  -5.9574370e+01
   7.6049147e+01  -5.9575853e+01
   7.6048718e+01  -5.9577340e+01
   7.6048292e+01  -5.9578830e+01
   7.6047870e+01  -5.9580324e+01
   7.6047452e+01  -5.9581823e+01
   7.6047038e+01  -5.9583326e+01
   7.6046629e+01  -5.9584833e+01
   7.6046224e+01  -5.9586345e+01
   7.6045823e+01  -5.9587862e+01
   7.6045426e+01  -5.9589383e+01
   7.6045033e+01  -5.9590908e+01
   7.6044643e+01  -5.9592436e+01
   7.6044257e+01  -5.9593968e+01
   7.6043874e+01  -5.9595504e+01
   7.6043493e+01  -5.9597041e+01
   7.6043112e+01  -5.9598579e+01
   7.6042734e+01  -5.9600119e+01
   7.6042356e+01  -5.9601660e+01
   7.6041980e+01  -5.9603202e+01
   7.6041604e+01  -5.9604745e+01
   7.6041230e+01  -5.9606289e+01
   7.6040856e+01  -5.9607834e+01
   7.6040483e+01  -5.9609379e+01
   7.6040110e+01  -5.9610926e+01
   7.6039739e+01  -5.9612473e+01
   7.6039369e+01  -5.9614022e+01
   7.6039000e+01  -5.9615571e+01
   7.6038632e+01  -5.9617122e+01
   7.6038265e+01  -5.9618674e+01
   7.6037899e+01  -5.9620227e+01
   7.6037535e+01  -5.9621781e+01
   7.6037171e+01  -5.9623335e+01
   7.6036807e+01  -5.9624890e+01
   7.6036443e+01  -5.9626445e+01
   7.6036079e+01  -5.9628000e+01
   7.6035716e+01  -5.9629555e+01
   7.6035354e+01  -5.9631111e+01
   7.6034991e+01  -5.9632667e+01
   7.6034629e+01  -5.9634223e+01
   7.6034268e+01  -5.9635781e+01
   7.6033910e+01  -5.9637341e+01
   7.6033553e+01  -5.9638902e+01
   7.6033198e+01  -5.9640466e+01
   7.6032845e+01  -5.9642032e+01
   7.6032494e+01  -5.9643600e+01
   7.6032145e+01  -5.9645170e+01
   7.6031797e+01  -5.9646741e+01
   7.6031452e+01  -5.9648315e+01
   7.6031108e+01  -5.9649890e+01
   7.6030766e+01  -5.9651468e+01
   7.6030426e+01  -5.9653047e+01
   7.6030088e+01  -5.9654628e+01
   7.6029751e+01  -5.9656210e+01
   7.6029415e+01  -5.9657794e+01
   7.6029081e+01  -5.9659379e+01
   7.6028747e+01  -5.9660965e+01
   7.6028415e+01  -5.9662553e+01
   7.6028084e+01  -5.9664142e+01
   7.6027754e+01  -5.9665731e+01
   7.6027425e+01  -5.9667322e+01
   7.6027096e+01  -5.9668913e+01
   7.6026768e+01  -5.9670504e+01
   7.6026440e+01  -5.9672095e+01
   7.6026112e+01  -5.9673687e+01
   7.6025785e+01  -5.9675280e+01
   7.6025458e+01  -5.9676872e+01
   7.6025132e+01  -5.9678465e+01
   7.6024805e+01  -5.9680058e+01
   7.6024479e+01  -5.9681651e+01
   7.6024152e+01  -5.9683244e+01
   7.6023826e+01  -5.9684836e+01
   7.6023498e+01  -5.9686428e+01
   7.6023170e+01  -5.9688018e+01
   7.6022842e+01  -5.9689609e+01
   7.6022512e+01  -5.9691198e+01
   7.6022182e+01  -5.9692787e+01
   7.6021852e+01  -5.9694374e+01
   7.6021520e+01  -5.9695961e+01
   7.6021187e+01  -5.9697546e+01
   7.6020853e+01  -5.9699130e+01
   7.6020517e+01  -5.9700712e+01
   7.6020180e+01  -5.9702292e+01
   7.6019841e+01  -5.9703871e+01
   7.6019500e+01  -5.9705447e+01
   7.6019158e+01  -5.9707022e+01
   7.6018814e+01  -5.9708594e+01
   7.6018468e+01  -5.9710165e+01
   7.6018121e+01  -5.9711734e+01
   7.6017771e+01  -5.9713300e+01
   7.6017419e+01  -5.9714864e+01
   7.6017063e+01  -5.9716423e+01
   7.6016704e+01  -5.9717979e+01
   7.6016341e+01  -5.9719531e+01
   7.6015974e+01  -5.9721078e+01
   7.6015604e+01  -5.9722622e+01
   7.6015230e+01  -5.9724162e+01
   7.6014853e+01  -5.9725697e+01
   7.6014471e+01  -5.9727228e+01
   7.6014086e+01  -5.9728755e+01
   7.6013696e+01  -5.9730277e+01
   7.6013300e+01  -5.9731792e+01
   7.6012899e+01  -5.9733302e+01
   7.6012493e+01  -5.9734805e+01
   7.6012081e+01  -5.9736303e+01
   7.6011663e+01  -5.9737794e+01
   7.6011240e+01  -5.9739280e+01
   7.6010811e+01  -5.9740758e+01
   7.6010376e+01  -5.9742231e+01
   7.6009935e+01  -5.9743696e+01
   7.6009488e+01  -5.9745154e+01
   7.6009033e+01  -5.9746605e+01
   7.6008572e+01  -5.9748048e+01
   7.6008103e+01  -5.9749483e+01
   7.6007627e+01  -5.9750910e+01
   7.6007144e+01  -5.9752329e+01
   7.6006653e+01  -5.9753740e+01
   7.6006156e+01  -5.9755143e+01
   7.6005650e+01  -5.9756538e+01
   7.6005137e+01  -5.9757924e+01
   7.6004614e+01  -5.9759299e+01
   7.6004080e+01  -5.9760662e+01
   7.6003534e+01  -5.9762013e+01
   7.6002979e+01  -5.9763350e+01
   7.6002426e+01  -5.9764642e+01
   7.6001876e+01  -5.9765890e+01
   7.6001328e+01  -5.9767098e+01
   7.6000783e+01  -5.9768269e+01
   7.6000240e+01  -5.9769403e+01
   7.5999699e+01  -5.9770504e+01
   7.5999160e+01  -5.9771580e+01
   7.5998622e+01  -5.9772638e+01
   7.5998085e+01  -5.9773678e+01
   7.5997549e+01  -5.9774702e+01
   7.5997014e+01  -5.9775710e+01
   7.5996480e+01  -5.9776703e+01
   7.5995947e+01  -5.9777682e+01
   7.5995415e+01  -5.9778647e+01
   7.5994884e+01  -5.9779598e+01
   7.5994353e+01  -5.9780537e+01
