   7.0588740e+01  -5.0366745e+01
   7.0588822e+01  -5.0368124e+01
   7.0588901e+01  -5.0369502e+01
   7.0588978e+01  -5.0370879e+01
   7.0589053e+01  -5.0372256e+01
   7.0589125e+01  -5.0373633e+01
   7.0589195e+01  -5.0375008e+01
   7.0589262e+01  -5.0376383e+01
   7.0589326e+01  -5.0377757e+01
   7.0589388e+01  -5.0379130e+01
   7.0589447e+01  -5.0380503e+01
   7.0589502e+01  -5.0381875e+01
   7.0589553e+01  -5.0383245e+01
   7.0589599e+01  -5.0384614e+01
   7.0589639e+01  -5.0385981e+01
   7.0589675e+01  -5.0387347e+01
   7.0589705e+01  -5.0388712e+01
   7.0589731e+01  -5.0390075e+01
   7.0589753e+01  -5.0391437e+01
   7.0589770e+01  -5.0392798e+01
   7.0589782e+01  -5.0394157e+01
   7.0589790e+01  -5.0395515e+01
   7.0589782e+01  -5.0396869e+01
   7.0589760e+01  -5.0398218e+01
   7.0589723e+01  -5.0399564e+01
   7.0589672e+01  -5.0400905e+01
   7.0589608e+01  -5.0402243e+01
   7.0589532e+01  -5.0403578e+01
   7.0589444e+01  -5.0404908e+01
   7.0589344e+01  -5.0406236e+01
   7.0589233e+01  -5.0407560e+01
   7.0589111e+01  -5.0408881e+01
   7.0588984e+01  -5.0410201e+01
   7.0588850e+01  -5.0411519e+01
   7.0588712e+01  -5.0412835e+01
   7.0588567e+01  -5.0414150e+01
   7.0588418e+01  -5.0415463e+01
   7.0588263e+01  -5.0416775e+01
   7.0588103e+01  -5.0418085e+01
   7.0587939e+01  -5.0419394e+01
   7.0587770e+01  -5.0420702e+01
   7.0587596e+01  -5.0422008e+01
   7.0587412e+01  -5.0423312e+01
   7.0587219e+01  -5.0424612e+01
   7.0587017e+01  -5.0425910e+01
   7.0586804e+01  -5.0427205e+01
   7.0586582e+01  -5.0428498e+01
   7.0586350e+01  -5.0429787e+01
   7.0586110e+01  -5.0431074e+01
   7.0585860e+01  -5.0432359e+01
   7.0585601e+01  -5.0433640e+01
   7.0585333e+01  -5.0434919e+01
   7.0585053e+01  -5.0436195e+01
   7.0584763e+01  -5.0437468e+01
   7.0584460e+01  -5.0438737e+01
   7.0584143e+01  -5.0440002e+01
   7.0583813e+01  -5.0441263e+01
   7.0583468e+01  -5.0442519e+01
   7.0583106e+01  -5.0443771e+01
   7.0582727e+01  -5.0445018e+01
   7.0582329e+01  -5.0446260e+01
   7.0581911e+01  -5.0447496e+01
   7.0581473e+01  -5.0448726e+01
   7.0581013e+01  -5.0449949e+01
   7.0580528e+01  -5.0451165e+01
   7.0580040e+01  -5.0452317e+01
   7.0579555e+01  -5.0453400e+01
   7.0579071e+01  -5.0454421e+01
   7.0578590e+01  -5.0455388e+01
   7.0578109e+01  -5.0456304e+01
   7.0577631e+01  -5.0457175e+01
   7.0577153e+01  -5.0458005e+01
   7.0576677e+01  -5.0458796e+01
   7.0576202e+01  -5.0459557e+01
   7.0575728e+01  -5.0460287e+01
   7.0575255e+01  -5.0460987e+01
   7.0574782e+01  -5.0461657e+01
   7.0574311e+01  -5.0462300e+01
   7.0573840e+01  -5.0462917e+01
   7.0573370e+01  -5.0463509e+01
   7.0572901e+01  -5.0464077e+01
   7.0572433e+01  -5.0464623e+01
   7.0571965e+01  -5.0465147e+01
   7.0571498e+01  -5.0465654e+01
   7.0571031e+01  -5.0466147e+01
   7.0570565e+01  -5.0466629e+01
   7.0570099e+01  -5.0467098e+01
   7.0569634e+01  -5.0467557e+01
   7.0569168e+01  -5.0468006e+01
   7.0568703e+01  -5.0468444e+01
   7.0568239e+01  -5.0468873e+01
   7.0567774e+01  -5.0469294e+01
   7.0567310e+01  -5.0469706e+01
   7.0566846e+01  -5.0470112e+01
   7.0566383e+01  -5.0470511e+01
   7.0565919e+01  -5.0470903e+01
   7.0565456e+01  -5.0471290e+01
   7.0564993e+01  -5.0471670e+01
   7.0564530e+01  -5.0472044e+01
   7.0564067e+01  -5.0472412e+01
   7.0563605e+01  -5.0472774e+01
   7.0563142e+01  -5.0473130e+01
   7.0562680e+01  -5.0473480e+01
   7.0562218e+01  -5.0473825e+01
   7.0561756e+01  -5.0474166e+01
   7.0561295e+01  -5.0474502e+01
   7.0560833e+01  -5.0474834e+01
   7.0560372e+01  -5.0475161e+01
   7.0559910e+01  -5.0475483e+01
   7.0559449e+01  -5.0475801e+01
   7.0558988e+01  -5.0476115e+01
   7.0558527e+01  -5.0476424e+01
   7.0558067e+01  -5.0476729e+01
   7.0557606e+01  -5.0477029e+01
   7.0557146e+01  -5.0477322e+01
   7.0556686e+01  -5.0477608e+01
   7.0556226e+01  -5.0477888e+01
   7.0555766e+01  -5.0478161e+01
   7.0555307e+01  -5.0478429e+01
   7.0554847e+01  -5.0478691e+01
   7.0554388e+01  -5.0478948e+01
   7.0553929e+01  -5.0479199e+01
   7.0553470e+01  -5.0479446e+01
   7.0553011e+01  -5.0479689e+01
   7.0552553e+01  -5.0479933e+01
   7.0552094e+01  -5.0480176e+01
   7.0551635e+01  -5.0480419e+01
   7.0551177e+01  -5.0480661e+01
   7.0550718e+01  -5.0480902e+01
   7.0550259e+01  -5.0481143e+01
   7.0549801e+01  -5.0481382e+01
   7.0549342e+01  -5.0481620e+01
   7.0548883e+01  -5.0481857e+01
   7.0548425e+01  -5.0482095e+01
   7.0547966e+01  -5.0482341e+01
   7.0547507e+01  -5.0482595e+01
   7.0547048e+01  -5.0482857e+01
   7.0546588e+01  -5.0483127e+01
   7.0546128e+01  -5.0483405e+01
   7.0545668e+01  -5.0483691e+01
   7.0545208e+01  -5.0483986e+01
   7.0544747e+01  -5.0484289e+01
   7.0544286e+01  -5.0484600e+01
   7.0543825e+01  -5.0484922e+01
   7.0543363e+01  -5.0485260e+01
   7.0542901e+01  -5.0485614e+01
   7.0542438e+01  -5.0485985e+01
   7.0541975e+01  -5.0486372e+01
   7.0541511e+01  -5.0486775e+01
   7.0541046e+01  -5.0487195e+01
   7.0540581e+01  -5.0487629e+01
   7.0540116e+01  -5.0488079e+01
   7.0539650e+01  -5.0488544e+01
   7.0539184e+01  -5.0489018e+01
   7.0538718e+01  -5.0489492e+01
   7.0538252e+01  -5.0489966e+01
   7.0537786e+01  -5.0490441e+01
   7.0537319e+01  -5.0490918e+01
   7.0536853e+01  -5.0491396e+01
   7.0536387e+01  -5.0491877e+01
   7.0535920e+01  -5.0492361e+01
   7.0535454e+01  -5.0492848e+01
   7.0534987e+01  -5.0493339e+01
   7.0534520e+01  -5.0493832e+01
   7.0534054e+01  -5.0494323e+01
   7.0533587e+01  -5.0494814e+01
   7.0533120e+01  -5.0495306e+01
   7.0532653e+01  -5.0495800e+01
   7.0532186e+01  -5.0496299e+01
   7.0531719e+01  -5.0496803e+01
   7.0531252e+01  -5.0497313e+01
   7.0530784e+01  -5.0497831e+01
   7.0530316e+01  -5.0498358e+01
   7.0529848e+01  -5.0498902e+01
   7.0529379e+01  -5.0499473e+01
   7.0528908e+01  -5.0500075e+01
   7.0528437e+01  -5.0500709e+01
   7.0527965e+01  -5.0501380e+01
   7.0527491e+01  -5.0502091e+01
   7.0527016e+01  -5.0502847e+01
   7.0526539e+01  -5.0503652e+01
   7.0526060e+01  -5.0504509e+01
   7.0525580e+01  -5.0505422e+01
   7.0525098e+01  -5.0506391e+01
   7.0524614e+01  -5.0507410e+01
   7.0524129e+01  -5.0508482e+01
