   6.6587989e+01  -3.6746966e+01
   6.6587607e+01  -3.6748122e+01
   6.6587225e+01  -3.6749256e+01
   6.6586841e+01  -3.6750367e+01
   6.6586456e+01  -3.6751457e+01
   6.6586070e+01  -3.6752526e+01
   6.6585682e+01  -3.6753574e+01
   6.6585294e+01  -3.6754602e+01
   6.6584904e+01  -3.6755611e+01
   6.6584513e+01  -3.6756600e+01
   6.6584121e+01  -3.6757572e+01
   6.6583728e+01  -3.6758526e+01
   6.6583334e+01  -3.6759453e+01
   6.6582938e+01  -3.6760354e+01
   6.6582540e+01  -3.6761229e+01
   6.6582141e+01  -3.6762080e+01
   6.6581741e+01  -3.6762906e+01
   6.6581339e+01  -3.6763709e+01
   6.6580936e+01  -3.6764490e+01
   6.6580532e+01  -3.6765250e+01
   6.6580127e+01  -3.6765989e+01
   6.6579720e+01  -3.6766708e+01
   6.6579312e+01  -3.6767398e+01
   6.6578902e+01  -3.6768061e+01
   6.6578491e+01  -3.6768696e+01
   6.6578078e+01  -3.6769306e+01
   6.6577664e+01  -3.6769892e+01
   6.6577249e+01  -3.6770454e+01
   6.6576832e+01  -3.6770993e+01
   6.6576414e+01  -3.6771509e+01
   6.6575994e+01  -3.6772005e+01
   6.6575574e+01  -3.6772480e+01
   6.6575152e+01  -3.6772930e+01
   6.6574729e+01  -3.6773357e+01
   6.6574304e+01  -3.6773760e+01
   6.6573878e+01  -3.6774141e+01
   6.6573451e+01  -3.6774501e+01
   6.6573022e+01  -3.6774839e+01
   6.6572593e+01  -3.6775156e+01
   6.6572162e+01  -3.6775453e+01
   6.6571730e+01  -3.6775732e+01
   6.6571297e+01  -3.6775992e+01
   6.6570863e+01  -3.6776237e+01
   6.6570429e+01  -3.6776468e+01
   6.6569994e+01  -3.6776685e+01
   6.6569557e+01  -3.6776888e+01
   6.6569120e+01  -3.6777078e+01
   6.6568683e+01  -3.6777254e+01
   6.6568244e+01  -3.6777417e+01
   6.6567805e+01  -3.6777567e+01
   6.6567365e+01  -3.6777705e+01
   6.6566924e+01  -3.6777829e+01
   6.6566483e+01  -3.6777945e+01
   6.6566042e+01  -3.6778052e+01
   6.6565599e+01  -3.6778151e+01
   6.6565157e+01  -3.6778240e+01
   6.6564713e+01  -3.6778321e+01
   6.6564270e+01  -3.6778394e+01
   6.6563826e+01  -3.6778458e+01
   6.6563381e+01  -3.6778514e+01
   6.6562936e+01  -3.6778561e+01
   6.6562490e+01  -3.6778601e+01
   6.6562044e+01  -3.6778636e+01
   6.6561598e+01  -3.6778667e+01
   6.6561152e+01  -3.6778694e+01
   6.6560706e+01  -3.6778717e+01
   6.6560259e+01  -3.6778735e+01
   6.6559812e+01  -3.6778750e+01
   6.6559365e+01  -3.6778760e+01
   6.6558917e+01  -3.6778767e+01
   6.6558469e+01  -3.6778769e+01
   6.6558021e+01  -3.6778767e+01
   6.6557573e+01  -3.6778764e+01
   6.6557125e+01  -3.6778760e+01
   6.6556677e+01  -3.6778755e+01
   6.6556229e+01  -3.6778749e+01
   6.6555781e+01  -3.6778741e+01
   6.6555332e+01  -3.6778733e+01
   6.6554884e+01  -3.6778724e+01
   6.6554436e+01  -3.6778713e+01
   6.6553987e+01  -3.6778702e+01
   6.6553539e+01  -3.6778690e+01
   6.6553090e+01  -3.6778676e+01
   6.6552641e+01  -3.6778662e+01
   6.6552193e+01  -3.6778647e+01
   6.6551744e+01  -3.6778630e+01
   6.6551295e+01  -3.6778613e+01
   6.6550846e+01  -3.6778595e+01
   6.6550397e+01  -3.6778575e+01
   6.6549948e+01  -3.6778555e+01
   6.6549499e+01  -3.6778534e+01
   6.6549050e+01  -3.6778511e+01
   6.6548601e+01  -3.6778488e+01
   6.6548152e+01  -3.6778464e+01
   6.6547702e+01  -3.6778438e+01
   6.6547253e+01  -3.6778412e+01
   6.6546804e+01  -3.6778383e+01
   6.6546354e+01  -3.6778354e+01
   6.6545905e+01  -3.6778323e+01
   6.6545455e+01  -3.6778291e+01
   6.6545005e+01  -3.6778257e+01
   6.6544555e+01  -3.6778221e+01
   6.6544105e+01  -3.6778181e+01
   6.6543655e+01  -3.6778137e+01
   6.6543204e+01  -3.6778087e+01
   6.6542753e+01  -3.6778032e+01
   6.6542302e+01  -3.6777973e+01
   6.6541850e+01  -3.6777908e+01
   6.6541398e+01  -3.6777837e+01
   6.6540946e+01  -3.6777761e+01
   6.6540494e+01  -3.6777679e+01
   6.6540041e+01  -3.6777591e+01
   6.6539587e+01  -3.6777494e+01
   6.6539133e+01  -3.6777388e+01
   6.6538679e+01  -3.6777273e+01
   6.6538224e+01  -3.6777149e+01
   6.6537769e+01  -3.6777015e+01
   6.6537313e+01  -3.6776871e+01
   6.6536856e+01  -3.6776718e+01
   6.6536399e+01  -3.6776554e+01
   6.6535941e+01  -3.6776379e+01
   6.6535482e+01  -3.6776191e+01
   6.6535022e+01  -3.6775985e+01
   6.6534562e+01  -3.6775762e+01
   6.6534100e+01  -3.6775520e+01
   6.6533637e+01  -3.6775259e+01
   6.6533173e+01  -3.6774979e+01
   6.6532708e+01  -3.6774679e+01
   6.6532242e+01  -3.6774359e+01
   6.6531774e+01  -3.6774018e+01
   6.6531306e+01  -3.6773657e+01
   6.6530836e+01  -3.6773275e+01
   6.6530365e+01  -3.6772871e+01
   6.6529893e+01  -3.6772445e+01
   6.6529419e+01  -3.6771998e+01
   6.6528944e+01  -3.6771532e+01
   6.6528469e+01  -3.6771046e+01
   6.6527992e+01  -3.6770541e+01
   6.6527514e+01  -3.6770019e+01
   6.6527035e+01  -3.6769481e+01
   6.6526555e+01  -3.6768926e+01
   6.6526075e+01  -3.6768359e+01
   6.6525594e+01  -3.6767798e+01
   6.6525115e+01  -3.6767244e+01
   6.6524635e+01  -3.6766697e+01
   6.6524156e+01  -3.6766157e+01
   6.6523678e+01  -3.6765626e+01
   6.6523200e+01  -3.6765103e+01
   6.6522722e+01  -3.6764588e+01
   6.6522245e+01  -3.6764083e+01
   6.6521769e+01  -3.6763586e+01
   6.6521293e+01  -3.6763098e+01
   6.6520818e+01  -3.6762629e+01
   6.6520344e+01  -3.6762180e+01
   6.6519872e+01  -3.6761751e+01
   6.6519401e+01  -3.6761345e+01
   6.6518931e+01  -3.6760961e+01
   6.6518462e+01  -3.6760600e+01
   6.6517995e+01  -3.6760266e+01
   6.6517529e+01  -3.6759960e+01
   6.6517065e+01  -3.6759680e+01
   6.6516603e+01  -3.6759427e+01
   6.6516142e+01  -3.6759201e+01
   6.6515683e+01  -3.6759001e+01
   6.6515225e+01  -3.6758827e+01
   6.6514768e+01  -3.6758676e+01
   6.6514313e+01  -3.6758549e+01
   6.6513860e+01  -3.6758445e+01
   6.6513407e+01  -3.6758363e+01
   6.6512956e+01  -3.6758303e+01
   6.6512506e+01  -3.6758264e+01
   6.6512057e+01  -3.6758246e+01
   6.6511609e+01  -3.6758245e+01
   6.6511162e+01  -3.6758261e+01
   6.6510716e+01  -3.6758294e+01
   6.6510271e+01  -3.6758344e+01
   6.6509827e+01  -3.6758410e+01
   6.6509384e+01  -3.6758491e+01
   6.6508942e+01  -3.6758588e+01
   6.6508501e+01  -3.6758700e+01
   6.6508060e+01  -3.6758827e+01
   6.6507621e+01  -3.6758968e+01
   6.6507181e+01  -3.6759111e+01
   6.6506742e+01  -3.6759253e+01
   6.6506302e+01  -3.6759396e+01
   6.6505863e+01  -3.6759540e+01
   6.6505423e+01  -3.6759684e+01
   6.6504984e+01  -3.6759828e+01
   6.6504544e+01  -3.6759972e+01
   6.6504105e+01  -3.6760117e+01
   6.6503666e+01  -3.6760263e+01
   6.6503226e+01  -3.6760408e+01
   6.6502786e+01  -3.6760542e+01
   6.6502345e+01  -3.6760665e+01
   6.6501904e+01  -3.6760776e+01
   6.6501462e+01  -3.6760877e+01
   6.6501020e+01  -3.6760967e+01
   6.6500577e+01  -3.6761047e+01
   6.6500133e+01  -3.6761117e+01
   6.6499689e+01  -3.6761178e+01
   6.6499244e+01  -3.6761229e+01
   6.6498798e+01  -3.6761270e+01
   6.6498352e+01  -3.6761295e+01
   6.6497905e+01  -3.6761302e+01
   6.6497456e+01  -3.6761292e+01
   6.6497007e+01  -3.6761265e+01
   6.6496557e+01  -3.6761222e+01
   6.6496106e+01  -3.6761162e+01
   6.6495653e+01  -3.6761086e+01
   6.6495200e+01  -3.6760993e+01
   6.6494746e+01  -3.6760885e+01
   6.6494291e+01  -3.6760761e+01
   6.6493836e+01  -3.6760622e+01
   6.6493379e+01  -3.6760467e+01
   6.6492921e+01  -3.6760297e+01
   6.6492463e+01  -3.6760110e+01
   6.6492003e+01  -3.6759907e+01
   6.6491543e+01  -3.6759687e+01
   6.6491081e+01  -3.6759450e+01
   6.6490619e+01  -3.6759195e+01
   6.6490155e+01  -3.6758921e+01
   6.6489690e+01  -3.6758628e+01
   6.6489224e+01  -3.6758305e+01
   6.6488755e+01  -3.6757945e+01
   6.6488284e+01  -3.6757544e+01
   6.6487811e+01  -3.6757093e+01
   6.6487334e+01  -3.6756586e+01
   6.6486853e+01  -3.6756016e+01
   6.6486368e+01  -3.6755379e+01
   6.6485879e+01  -3.6754671e+01
   6.6485386e+01  -3.6753889e+01
   6.6484889e+01  -3.6753034e+01
   6.6484392e+01  -3.6752176e+01
   6.6483894e+01  -3.6751317e+01
   6.6483397e+01  -3.6750462e+01
   6.6482901e+01  -3.6749620e+01
   6.6482405e+01  -3.6748795e+01
   6.6481911e+01  -3.6747995e+01
   6.6481419e+01  -3.6747231e+01
   6.6480931e+01  -3.6746531e+01
   6.6480450e+01  -3.6745963e+01
   6.6479995e+01  -3.6745845e+01
   6.6479540e+01  -3.6745722e+01
   6.6479085e+01  -3.6745589e+01
   6.6478629e+01  -3.6745443e+01
   6.6478171e+01  -3.6745279e+01
   6.6477713e+01  -3.6745090e+01
   6.6477252e+01  -3.6744867e+01
   6.6476789e+01  -3.6744595e+01
   6.6476321e+01  -3.6744256e+01
   6.6475848e+01  -3.6743824e+01
   6.6475369e+01  -3.6743271e+01
   6.6474889e+01  -3.6742724e+01
   6.6474409e+01  -3.6742170e+01
   6.6473929e+01  -3.6741603e+01
   6.6473447e+01  -3.6741022e+01
   6.6472965e+01  -3.6740431e+01
   6.6472483e+01  -3.6739831e+01
   6.6472000e+01  -3.6739231e+01
   6.6471518e+01  -3.6738644e+01
   6.6471040e+01  -3.6738111e+01
   6.6470574e+01  -3.6737810e+01
   6.6470110e+01  -3.6737516e+01
   6.6469645e+01  -3.6737233e+01
   6.6469182e+01  -3.6736962e+01
   6.6468750e+01  -3.6737231e+01
   6.6468375e+01  -3.6738488e+01
   6.6468000e+01  -3.6739744e+01
   6.6467625e+01  -3.6741001e+01
   6.6467229e+01  -3.6741882e+01
