   7.4700601e+01  -5.5490851e+01
   7.4700541e+01  -5.5492557e+01
   7.4700482e+01  -5.5494263e+01
   7.4700422e+01  -5.5495969e+01
   7.4700361e+01  -5.5497675e+01
   7.4700300e+01  -5.5499380e+01
   7.4700239e+01  -5.5501085e+01
   7.4700177e+01  -5.5502789e+01
   7.4700115e+01  -5.5504494e+01
   7.4700053e+01  -5.5506198e+01
   7.4699990e+01  -5.5507902e+01
   7.4699927e+01  -5.5509605e+01
   7.4699864e+01  -5.5511309e+01
   7.4699800e+01  -5.5513012e+01
   7.4699736e+01  -5.5514715e+01
   7.4699672e+01  -5.5516418e+01
   7.4699608e+01  -5.5518121e+01
   7.4699544e+01  -5.5519823e+01
   7.4699479e+01  -5.5521526e+01
   7.4699414e+01  -5.5523228e+01
   7.4699349e+01  -5.5524930e+01
   7.4699284e+01  -5.5526632e+01
   7.4699219e+01  -5.5528334e+01
   7.4699153e+01  -5.5530036e+01
   7.4699087e+01  -5.5531737e+01
   7.4699020e+01  -5.5533438e+01
   7.4698953e+01  -5.5535139e+01
   7.4698886e+01  -5.5536840e+01
   7.4698819e+01  -5.5538540e+01
   7.4698752e+01  -5.5540241e+01
   7.4698684e+01  -5.5541941e+01
   7.4698615e+01  -5.5543641e+01
   7.4698547e+01  -5.5545340e+01
   7.4698477e+01  -5.5547039e+01
   7.4698408e+01  -5.5548738e+01
   7.4698337e+01  -5.5550437e+01
   7.4698267e+01  -5.5552134e+01
   7.4698195e+01  -5.5553832e+01
   7.4698123e+01  -5.5555529e+01
   7.4698051e+01  -5.5557226e+01
   7.4697978e+01  -5.5558923e+01
   7.4697904e+01  -5.5560619e+01
   7.4697830e+01  -5.5562314e+01
   7.4697754e+01  -5.5564009e+01
   7.4697678e+01  -5.5565703e+01
   7.4697601e+01  -5.5567396e+01
   7.4697523e+01  -5.5569089e+01
   7.4697444e+01  -5.5570782e+01
   7.4697365e+01  -5.5572473e+01
   7.4697284e+01  -5.5574164e+01
   7.4697203e+01  -5.5575855e+01
   7.4697121e+01  -5.5577545e+01
   7.4697037e+01  -5.5579234e+01
   7.4696953e+01  -5.5580922e+01
   7.4696866e+01  -5.5582609e+01
   7.4696779e+01  -5.5584295e+01
   7.4696690e+01  -5.5585980e+01
   7.4696600e+01  -5.5587664e+01
   7.4696508e+01  -5.5589347e+01
   7.4696416e+01  -5.5591030e+01
   7.4696322e+01  -5.5592711e+01
   7.4696227e+01  -5.5594392e+01
   7.4696131e+01  -5.5596072e+01
   7.4696035e+01  -5.5597752e+01
   7.4695938e+01  -5.5599431e+01
   7.4695841e+01  -5.5601110e+01
   7.4695743e+01  -5.5602789e+01
   7.4695645e+01  -5.5604467e+01
   7.4695546e+01  -5.5606145e+01
   7.4695447e+01  -5.5607823e+01
   7.4695347e+01  -5.5609500e+01
   7.4695247e+01  -5.5611177e+01
   7.4695146e+01  -5.5612853e+01
   7.4695043e+01  -5.5614528e+01
   7.4694940e+01  -5.5616203e+01
   7.4694835e+01  -5.5617876e+01
   7.4694730e+01  -5.5619549e+01
   7.4694623e+01  -5.5621221e+01
   7.4694515e+01  -5.5622893e+01
   7.4694406e+01  -5.5624563e+01
   7.4694295e+01  -5.5626233e+01
   7.4694184e+01  -5.5627902e+01
   7.4694072e+01  -5.5629570e+01
   7.4693960e+01  -5.5631238e+01
   7.4693846e+01  -5.5632905e+01
   7.4693732e+01  -5.5634572e+01
   7.4693618e+01  -5.5636239e+01
   7.4693502e+01  -5.5637904e+01
   7.4693386e+01  -5.5639570e+01
   7.4693269e+01  -5.5641234e+01
   7.4693152e+01  -5.5642899e+01
   7.4693034e+01  -5.5644562e+01
   7.4692915e+01  -5.5646226e+01
   7.4692796e+01  -5.5647889e+01
   7.4692677e+01  -5.5649553e+01
   7.4692558e+01  -5.5651216e+01
   7.4692439e+01  -5.5652879e+01
   7.4692319e+01  -5.5654541e+01
   7.4692199e+01  -5.5656204e+01
   7.4692079e+01  -5.5657866e+01
   7.4691959e+01  -5.5659528e+01
   7.4691839e+01  -5.5661190e+01
   7.4691718e+01  -5.5662852e+01
   7.4691598e+01  -5.5664514e+01
   7.4691477e+01  -5.5666176e+01
   7.4691357e+01  -5.5667838e+01
   7.4691236e+01  -5.5669500e+01
   7.4691116e+01  -5.5671162e+01
   7.4690995e+01  -5.5672823e+01
   7.4690874e+01  -5.5674485e+01
   7.4690754e+01  -5.5676147e+01
   7.4690633e+01  -5.5677809e+01
   7.4690513e+01  -5.5679470e+01
   7.4690392e+01  -5.5681132e+01
   7.4690272e+01  -5.5682794e+01
   7.4690153e+01  -5.5684457e+01
   7.4690033e+01  -5.5686119e+01
   7.4689914e+01  -5.5687782e+01
   7.4689795e+01  -5.5689445e+01
   7.4689676e+01  -5.5691107e+01
   7.4689558e+01  -5.5692770e+01
   7.4689439e+01  -5.5694434e+01
   7.4689321e+01  -5.5696096e+01
   7.4689202e+01  -5.5697759e+01
   7.4689082e+01  -5.5699422e+01
   7.4688963e+01  -5.5701084e+01
   7.4688843e+01  -5.5702746e+01
   7.4688723e+01  -5.5704408e+01
   7.4688602e+01  -5.5706069e+01
   7.4688482e+01  -5.5707731e+01
   7.4688361e+01  -5.5709392e+01
   7.4688240e+01  -5.5711053e+01
   7.4688118e+01  -5.5712714e+01
   7.4687997e+01  -5.5714374e+01
   7.4687875e+01  -5.5716035e+01
   7.4687753e+01  -5.5717695e+01
   7.4687631e+01  -5.5719355e+01
   7.4687508e+01  -5.5721015e+01
   7.4687385e+01  -5.5722675e+01
   7.4687262e+01  -5.5724334e+01
   7.4687139e+01  -5.5725994e+01
   7.4687016e+01  -5.5727653e+01
   7.4686891e+01  -5.5729311e+01
   7.4686766e+01  -5.5730969e+01
   7.4686640e+01  -5.5732626e+01
   7.4686513e+01  -5.5734283e+01
   7.4686385e+01  -5.5735938e+01
   7.4686256e+01  -5.5737594e+01
   7.4686126e+01  -5.5739248e+01
   7.4685995e+01  -5.5740902e+01
   7.4685863e+01  -5.5742555e+01
   7.4685731e+01  -5.5744207e+01
   7.4685596e+01  -5.5745858e+01
   7.4685459e+01  -5.5747507e+01
   7.4685319e+01  -5.5749154e+01
   7.4685178e+01  -5.5750800e+01
   7.4685034e+01  -5.5752444e+01
   7.4684888e+01  -5.5754087e+01
   7.4684739e+01  -5.5755728e+01
   7.4684589e+01  -5.5757368e+01
   7.4684437e+01  -5.5759006e+01
   7.4684282e+01  -5.5760642e+01
   7.4684125e+01  -5.5762277e+01
   7.4683966e+01  -5.5763909e+01
   7.4683804e+01  -5.5765540e+01
   7.4683639e+01  -5.5767170e+01
   7.4683472e+01  -5.5768797e+01
   7.4683303e+01  -5.5770423e+01
   7.4683131e+01  -5.5772047e+01
   7.4682957e+01  -5.5773669e+01
   7.4682781e+01  -5.5775289e+01
   7.4682603e+01  -5.5776908e+01
   7.4682422e+01  -5.5778526e+01
   7.4682239e+01  -5.5780141e+01
   7.4682054e+01  -5.5781755e+01
   7.4681866e+01  -5.5783367e+01
   7.4681676e+01  -5.5784978e+01
   7.4681484e+01  -5.5786586e+01
   7.4681289e+01  -5.5788194e+01
   7.4681092e+01  -5.5789799e+01
   7.4680894e+01  -5.5791403e+01
   7.4680692e+01  -5.5793005e+01
   7.4680489e+01  -5.5794606e+01
   7.4680282e+01  -5.5796204e+01
   7.4680072e+01  -5.5797800e+01
   7.4679859e+01  -5.5799393e+01
   7.4679643e+01  -5.5800984e+01
   7.4679423e+01  -5.5802573e+01
   7.4679200e+01  -5.5804159e+01
   7.4678973e+01  -5.5805743e+01
   7.4678743e+01  -5.5807324e+01
   7.4678509e+01  -5.5808902e+01
   7.4678270e+01  -5.5810476e+01
   7.4678026e+01  -5.5812047e+01
   7.4677777e+01  -5.5813614e+01
   7.4677522e+01  -5.5815178e+01
   7.4677263e+01  -5.5816737e+01
   7.4676998e+01  -5.5818293e+01
   7.4676728e+01  -5.5819845e+01
   7.4676453e+01  -5.5821393e+01
   7.4676172e+01  -5.5822937e+01
   7.4675885e+01  -5.5824477e+01
   7.4675592e+01  -5.5826011e+01
   7.4675291e+01  -5.5827541e+01
   7.4674984e+01  -5.5829065e+01
   7.4674669e+01  -5.5830584e+01
   7.4674348e+01  -5.5832099e+01
   7.4674019e+01  -5.5833608e+01
   7.4673682e+01  -5.5835111e+01
   7.4673337e+01  -5.5836608e+01
   7.4672984e+01  -5.5838098e+01
   7.4672621e+01  -5.5839583e+01
   7.4672248e+01  -5.5841059e+01
   7.4671863e+01  -5.5842527e+01
   7.4671467e+01  -5.5843986e+01
   7.4671058e+01  -5.5845437e+01
   7.4670638e+01  -5.5846879e+01
   7.4670205e+01  -5.5848312e+01
   7.4669760e+01  -5.5849736e+01
   7.4669302e+01  -5.5851151e+01
   7.4668831e+01  -5.5852555e+01
   7.4668346e+01  -5.5853951e+01
   7.4667846e+01  -5.5855334e+01
   7.4667328e+01  -5.5856705e+01
   7.4666798e+01  -5.5858052e+01
   7.4666270e+01  -5.5859338e+01
   7.4665746e+01  -5.5860569e+01
   7.4665224e+01  -5.5861750e+01
   7.4664704e+01  -5.5862886e+01
   7.4664187e+01  -5.5863980e+01
   7.4663671e+01  -5.5865036e+01
   7.4663158e+01  -5.5866056e+01
   7.4662646e+01  -5.5867038e+01
   7.4662137e+01  -5.5867951e+01
   7.4661633e+01  -5.5868795e+01
   7.4661131e+01  -5.5869568e+01
   7.4660634e+01  -5.5870272e+01
   7.4660139e+01  -5.5870907e+01
   7.4659649e+01  -5.5871474e+01
   7.4659161e+01  -5.5871974e+01
   7.4658677e+01  -5.5872409e+01
   7.4658196e+01  -5.5872780e+01
   7.4657717e+01  -5.5873125e+01
   7.4657237e+01  -5.5873474e+01
   7.4656757e+01  -5.5873829e+01
   7.4656276e+01  -5.5874197e+01
   7.4655795e+01  -5.5874581e+01
   7.4655312e+01  -5.5874986e+01
   7.4654829e+01  -5.5875416e+01
   7.4654343e+01  -5.5875876e+01
   7.4653856e+01  -5.5876372e+01
   7.4653367e+01  -5.5876909e+01
   7.4652878e+01  -5.5877443e+01
   7.4652390e+01  -5.5877950e+01
   7.4651903e+01  -5.5878436e+01
   7.4651417e+01  -5.5878905e+01
   7.4650932e+01  -5.5879361e+01
   7.4650447e+01  -5.5879808e+01
   7.4649963e+01  -5.5880251e+01
   7.4649479e+01  -5.5880692e+01
   7.4648994e+01  -5.5881136e+01
   7.4648509e+01  -5.5881586e+01
   7.4648024e+01  -5.5882039e+01
   7.4647539e+01  -5.5882494e+01
   7.4647054e+01  -5.5882951e+01
   7.4646568e+01  -5.5883411e+01
   7.4646083e+01  -5.5883875e+01
   7.4645597e+01  -5.5884343e+01
   7.4645111e+01  -5.5884816e+01
   7.4644625e+01  -5.5885295e+01
   7.4644138e+01  -5.5885780e+01
   7.4643651e+01  -5.5886272e+01
   7.4643163e+01  -5.5886779e+01
   7.4642674e+01  -5.5887308e+01
   7.4642184e+01  -5.5887864e+01
   7.4641692e+01  -5.5888445e+01
   7.4641199e+01  -5.5889054e+01
   7.4640705e+01  -5.5889690e+01
   7.4640209e+01  -5.5890355e+01
   7.4639712e+01  -5.5891049e+01
   7.4639213e+01  -5.5891773e+01
   7.4638712e+01  -5.5892528e+01
   7.4638210e+01  -5.5893324e+01
   7.4637705e+01  -5.5894172e+01
   7.4637197e+01  -5.5895071e+01
   7.4636686e+01  -5.5896024e+01
   7.4636173e+01  -5.5897034e+01
   7.4635656e+01  -5.5898101e+01
   7.4635137e+01  -5.5899229e+01
   7.4634614e+01  -5.5900417e+01
   7.4634088e+01  -5.5901665e+01
   7.4633559e+01  -5.5902975e+01
   7.4633028e+01  -5.5904327e+01
   7.4632505e+01  -5.5905690e+01
   7.4631993e+01  -5.5907060e+01
   7.4631491e+01  -5.5908438e+01
   7.4631001e+01  -5.5909824e+01
   7.4630523e+01  -5.5911218e+01
   7.4630057e+01  -5.5912622e+01
   7.4629603e+01  -5.5914034e+01
   7.4629162e+01  -5.5915455e+01
   7.4628732e+01  -5.5916885e+01
   7.4628313e+01  -5.5918322e+01
   7.4627905e+01  -5.5919767e+01
   7.4627505e+01  -5.5921218e+01
   7.4627113e+01  -5.5922675e+01
   7.4626728e+01  -5.5924137e+01
   7.4626348e+01  -5.5925602e+01
   7.4625973e+01  -5.5927071e+01
   7.4625601e+01  -5.5928542e+01
   7.4625232e+01  -5.5930015e+01
   7.4624866e+01  -5.5931491e+01
   7.4624504e+01  -5.5932969e+01
   7.4624146e+01  -5.5934449e+01
   7.4623791e+01  -5.5935933e+01
   7.4623441e+01  -5.5937419e+01
   7.4623094e+01  -5.5938908e+01
   7.4622751e+01  -5.5940400e+01
   7.4622413e+01  -5.5941895e+01
   7.4622081e+01  -5.5943394e+01
   7.4621757e+01  -5.5944900e+01
   7.4621442e+01  -5.5946411e+01
   7.4621133e+01  -5.5947928e+01
   7.4620832e+01  -5.5949449e+01
   7.4620538e+01  -5.5950976e+01
   7.4620251e+01  -5.5952508e+01
   7.4619970e+01  -5.5954044e+01
   7.4619695e+01  -5.5955585e+01
   7.4619426e+01  -5.5957130e+01
   7.4619163e+01  -5.5958679e+01
   7.4618904e+01  -5.5960232e+01
   7.4618650e+01  -5.5961788e+01
   7.4618401e+01  -5.5963347e+01
   7.4618157e+01  -5.5964910e+01
   7.4617917e+01  -5.5966476e+01
   7.4617682e+01  -5.5968045e+01
   7.4617451e+01  -5.5969618e+01
   7.4617225e+01  -5.5971194e+01
   7.4617003e+01  -5.5972773e+01
   7.4616786e+01  -5.5974355e+01
   7.4616573e+01  -5.5975941e+01
   7.4616365e+01  -5.5977530e+01
   7.4616161e+01  -5.5979122e+01
   7.4615962e+01  -5.5980717e+01
