   7.3290499e+01  -5.4968825e+01
   7.3290399e+01  -5.4970360e+01
   7.3290292e+01  -5.4971891e+01
   7.3290180e+01  -5.4973418e+01
   7.3290062e+01  -5.4974942e+01
   7.3289938e+01  -5.4976462e+01
   7.3289809e+01  -5.4977979e+01
   7.3289674e+01  -5.4979492e+01
   7.3289533e+01  -5.4981002e+01
   7.3289386e+01  -5.4982508e+01
   7.3289233e+01  -5.4984010e+01
   7.3289074e+01  -5.4985509e+01
   7.3288909e+01  -5.4987004e+01
   7.3288738e+01  -5.4988495e+01
   7.3288560e+01  -5.4989982e+01
   7.3288376e+01  -5.4991465e+01
   7.3288185e+01  -5.4992945e+01
   7.3287988e+01  -5.4994420e+01
   7.3287785e+01  -5.4995891e+01
   7.3287575e+01  -5.4997358e+01
   7.3287359e+01  -5.4998822e+01
   7.3287136e+01  -5.5000281e+01
   7.3286906e+01  -5.5001736e+01
   7.3286669e+01  -5.5003186e+01
   7.3286425e+01  -5.5004633e+01
   7.3286174e+01  -5.5006075e+01
   7.3285917e+01  -5.5007513e+01
   7.3285652e+01  -5.5008946e+01
   7.3285381e+01  -5.5010375e+01
   7.3285103e+01  -5.5011800e+01
   7.3284818e+01  -5.5013221e+01
   7.3284526e+01  -5.5014638e+01
   7.3284229e+01  -5.5016051e+01
   7.3283925e+01  -5.5017460e+01
   7.3283616e+01  -5.5018866e+01
   7.3283301e+01  -5.5020268e+01
   7.3282981e+01  -5.5021667e+01
   7.3282655e+01  -5.5023062e+01
   7.3282323e+01  -5.5024454e+01
   7.3281986e+01  -5.5025842e+01
   7.3281643e+01  -5.5027228e+01
   7.3281296e+01  -5.5028609e+01
   7.3280943e+01  -5.5029988e+01
   7.3280585e+01  -5.5031363e+01
   7.3280222e+01  -5.5032735e+01
   7.3279853e+01  -5.5034104e+01
   7.3279479e+01  -5.5035470e+01
   7.3279100e+01  -5.5036832e+01
   7.3278715e+01  -5.5038190e+01
   7.3278325e+01  -5.5039545e+01
   7.3277928e+01  -5.5040897e+01
   7.3277526e+01  -5.5042244e+01
   7.3277117e+01  -5.5043588e+01
   7.3276703e+01  -5.5044928e+01
   7.3276285e+01  -5.5046266e+01
   7.3275861e+01  -5.5047600e+01
   7.3275431e+01  -5.5048930e+01
   7.3274996e+01  -5.5050257e+01
   7.3274555e+01  -5.5051581e+01
   7.3274108e+01  -5.5052901e+01
   7.3273655e+01  -5.5054217e+01
   7.3273196e+01  -5.5055529e+01
   7.3272730e+01  -5.5056836e+01
   7.3272256e+01  -5.5058139e+01
   7.3271774e+01  -5.5059437e+01
   7.3271284e+01  -5.5060730e+01
   7.3270787e+01  -5.5062018e+01
   7.3270282e+01  -5.5063301e+01
   7.3269769e+01  -5.5064579e+01
   7.3269246e+01  -5.5065852e+01
   7.3268723e+01  -5.5067096e+01
   7.3268202e+01  -5.5068308e+01
   7.3267682e+01  -5.5069500e+01
   7.3267162e+01  -5.5070672e+01
   7.3266644e+01  -5.5071825e+01
   7.3266127e+01  -5.5072960e+01
   7.3265610e+01  -5.5074080e+01
   7.3265094e+01  -5.5075186e+01
   7.3264579e+01  -5.5076277e+01
   7.3264065e+01  -5.5077354e+01
   7.3263551e+01  -5.5078416e+01
   7.3263038e+01  -5.5079465e+01
   7.3262526e+01  -5.5080501e+01
   7.3262014e+01  -5.5081527e+01
   7.3261503e+01  -5.5082544e+01
   7.3260992e+01  -5.5083550e+01
   7.3260482e+01  -5.5084546e+01
   7.3259972e+01  -5.5085531e+01
   7.3259463e+01  -5.5086505e+01
   7.3258954e+01  -5.5087470e+01
   7.3258446e+01  -5.5088423e+01
   7.3257938e+01  -5.5089367e+01
   7.3257431e+01  -5.5090300e+01
   7.3256924e+01  -5.5091223e+01
   7.3256418e+01  -5.5092136e+01
   7.3255913e+01  -5.5093033e+01
   7.3255409e+01  -5.5093910e+01
   7.3254905e+01  -5.5094769e+01
   7.3254403e+01  -5.5095611e+01
   7.3253901e+01  -5.5096439e+01
   7.3253400e+01  -5.5097254e+01
   7.3252900e+01  -5.5098057e+01
   7.3252400e+01  -5.5098849e+01
   7.3251900e+01  -5.5099633e+01
   7.3251401e+01  -5.5100408e+01
   7.3250902e+01  -5.5101177e+01
   7.3250404e+01  -5.5101938e+01
   7.3249906e+01  -5.5102694e+01
   7.3249408e+01  -5.5103447e+01
   7.3248910e+01  -5.5104195e+01
   7.3248413e+01  -5.5104939e+01
   7.3247915e+01  -5.5105679e+01
   7.3247418e+01  -5.5106414e+01
   7.3246921e+01  -5.5107145e+01
   7.3246425e+01  -5.5107872e+01
   7.3245928e+01  -5.5108597e+01
   7.3245431e+01  -5.5109324e+01
   7.3244935e+01  -5.5110053e+01
   7.3244438e+01  -5.5110783e+01
   7.3243941e+01  -5.5111515e+01
   7.3243444e+01  -5.5112250e+01
   7.3242947e+01  -5.5112987e+01
   7.3242449e+01  -5.5113728e+01
   7.3241952e+01  -5.5114471e+01
   7.3241454e+01  -5.5115218e+01
   7.3240955e+01  -5.5115982e+01
   7.3240456e+01  -5.5116770e+01
   7.3239954e+01  -5.5117583e+01
   7.3239452e+01  -5.5118425e+01
   7.3238948e+01  -5.5119297e+01
   7.3238442e+01  -5.5120202e+01
   7.3237934e+01  -5.5121142e+01
   7.3237424e+01  -5.5122120e+01
   7.3236913e+01  -5.5123138e+01
   7.3236399e+01  -5.5124200e+01
   7.3235882e+01  -5.5125304e+01
   7.3235364e+01  -5.5126448e+01
   7.3234843e+01  -5.5127638e+01
   7.3234320e+01  -5.5128886e+01
   7.3233808e+01  -5.5130161e+01
   7.3233312e+01  -5.5131445e+01
   7.3232833e+01  -5.5132740e+01
   7.3232368e+01  -5.5134043e+01
   7.3231917e+01  -5.5135355e+01
   7.3231479e+01  -5.5136675e+01
   7.3231054e+01  -5.5138002e+01
   7.3230638e+01  -5.5139336e+01
   7.3230231e+01  -5.5140675e+01
   7.3229834e+01  -5.5142020e+01
   7.3229445e+01  -5.5143370e+01
   7.3229064e+01  -5.5144725e+01
   7.3228690e+01  -5.5146084e+01
   7.3228322e+01  -5.5147447e+01
   7.3227961e+01  -5.5148813e+01
   7.3227604e+01  -5.5150183e+01
   7.3227252e+01  -5.5151556e+01
   7.3226905e+01  -5.5152931e+01
