   8.1383717e+01  -4.4295328e+01
   8.1384179e+01  -4.4296532e+01
   8.1384640e+01  -4.4297735e+01
   8.1385101e+01  -4.4298937e+01
   8.1385562e+01  -4.4300140e+01
   8.1386024e+01  -4.4301342e+01
   8.1386485e+01  -4.4302546e+01
   8.1386946e+01  -4.4303751e+01
   8.1387408e+01  -4.4304957e+01
   8.1387869e+01  -4.4306166e+01
   8.1388330e+01  -4.4307378e+01
   8.1388792e+01  -4.4308593e+01
   8.1389253e+01  -4.4309829e+01
   8.1389714e+01  -4.4311089e+01
   8.1390176e+01  -4.4312371e+01
   8.1390637e+01  -4.4313677e+01
   8.1391099e+01  -4.4315008e+01
   8.1391560e+01  -4.4316363e+01
   8.1392022e+01  -4.4317745e+01
   8.1392483e+01  -4.4319152e+01
   8.1392945e+01  -4.4320586e+01
   8.1393407e+01  -4.4322048e+01
   8.1393868e+01  -4.4323540e+01
   8.1394330e+01  -4.4325065e+01
   8.1394792e+01  -4.4326621e+01
   8.1395254e+01  -4.4328202e+01
   8.1395716e+01  -4.4329807e+01
   8.1396178e+01  -4.4331437e+01
   8.1396640e+01  -4.4333093e+01
   8.1397102e+01  -4.4334776e+01
   8.1397564e+01  -4.4336486e+01
   8.1398026e+01  -4.4338224e+01
   8.1398488e+01  -4.4340007e+01
   8.1398950e+01  -4.4341834e+01
   8.1399413e+01  -4.4343707e+01
   8.1399875e+01  -4.4345624e+01
   8.1400337e+01  -4.4347587e+01
   8.1400800e+01  -4.4349594e+01
   8.1401263e+01  -4.4351647e+01
   8.1401725e+01  -4.4353744e+01
   8.1402188e+01  -4.4355885e+01
   8.1402651e+01  -4.4358061e+01
   8.1403114e+01  -4.4360279e+01
   8.1403576e+01  -4.4362544e+01
   8.1404039e+01  -4.4364858e+01
   8.1404502e+01  -4.4367227e+01
   8.1404965e+01  -4.4369656e+01
   8.1405429e+01  -4.4372150e+01
   8.1405892e+01  -4.4374715e+01
   8.1406355e+01  -4.4377357e+01
   8.1406819e+01  -4.4380084e+01
   8.1407283e+01  -4.4382903e+01
   8.1407746e+01  -4.4385727e+01
   8.1408210e+01  -4.4388558e+01
   8.1408673e+01  -4.4391410e+01
   8.1409137e+01  -4.4394286e+01
   8.1409601e+01  -4.4397185e+01
   8.1410064e+01  -4.4400108e+01
   8.1410528e+01  -4.4403056e+01
   8.1410992e+01  -4.4406030e+01
   8.1411456e+01  -4.4409030e+01
   8.1411919e+01  -4.4412057e+01
   8.1412383e+01  -4.4415096e+01
   8.1412846e+01  -4.4418138e+01
   8.1413309e+01  -4.4421181e+01
   8.1413773e+01  -4.4424225e+01
   8.1414236e+01  -4.4427268e+01
   8.1414700e+01  -4.4430308e+01
   8.1415164e+01  -4.4433344e+01
   8.1415627e+01  -4.4436375e+01
   8.1416091e+01  -4.4439400e+01
   8.1416554e+01  -4.4442418e+01
   8.1417018e+01  -4.4445427e+01
   8.1417481e+01  -4.4448426e+01
   8.1417945e+01  -4.4451411e+01
   8.1418408e+01  -4.4454381e+01
   8.1418871e+01  -4.4457338e+01
   8.1419334e+01  -4.4460282e+01
   8.1419798e+01  -4.4463214e+01
   8.1420261e+01  -4.4466135e+01
   8.1420724e+01  -4.4469046e+01
   8.1421187e+01  -4.4471948e+01
   8.1421650e+01  -4.4474844e+01
   8.1422113e+01  -4.4477733e+01
   8.1422576e+01  -4.4480613e+01
   8.1423039e+01  -4.4483480e+01
   8.1423502e+01  -4.4486332e+01
   8.1423965e+01  -4.4489169e+01
   8.1424428e+01  -4.4491991e+01
   8.1424891e+01  -4.4494796e+01
   8.1425353e+01  -4.4497586e+01
   8.1425816e+01  -4.4500359e+01
   8.1426279e+01  -4.4503117e+01
   8.1426741e+01  -4.4505862e+01
   8.1427204e+01  -4.4508592e+01
   8.1427667e+01  -4.4511315e+01
   8.1428129e+01  -4.4514038e+01
   8.1428592e+01  -4.4516762e+01
   8.1429054e+01  -4.4519488e+01
   8.1429517e+01  -4.4522216e+01
   8.1429979e+01  -4.4524949e+01
   8.1430442e+01  -4.4527687e+01
   8.1430904e+01  -4.4530424e+01
   8.1431367e+01  -4.4533158e+01
   8.1431829e+01  -4.4535889e+01
   8.1432291e+01  -4.4538614e+01
   8.1432754e+01  -4.4541334e+01
   8.1433216e+01  -4.4544049e+01
   8.1433678e+01  -4.4546759e+01
   8.1434141e+01  -4.4549465e+01
   8.1434603e+01  -4.4552167e+01
   8.1435065e+01  -4.4554864e+01
   8.1435527e+01  -4.4557559e+01
   8.1435990e+01  -4.4560251e+01
   8.1436452e+01  -4.4562936e+01
   8.1436914e+01  -4.4565614e+01
   8.1437376e+01  -4.4568282e+01
   8.1437838e+01  -4.4570938e+01
   8.1438300e+01  -4.4573580e+01
   8.1438762e+01  -4.4576208e+01
   8.1439224e+01  -4.4578824e+01
   8.1439686e+01  -4.4581427e+01
   8.1440148e+01  -4.4584039e+01
   8.1440610e+01  -4.4586659e+01
   8.1441072e+01  -4.4589288e+01
   8.1441534e+01  -4.4591927e+01
   8.1441996e+01  -4.4594576e+01
   8.1442458e+01  -4.4597236e+01
   8.1442920e+01  -4.4599907e+01
   8.1443381e+01  -4.4602592e+01
   8.1443843e+01  -4.4605291e+01
   8.1444305e+01  -4.4608006e+01
   8.1444767e+01  -4.4610736e+01
   8.1445229e+01  -4.4613481e+01
   8.1445691e+01  -4.4616239e+01
   8.1446153e+01  -4.4619010e+01
   8.1446615e+01  -4.4621795e+01
   8.1447076e+01  -4.4624591e+01
   8.1447538e+01  -4.4627400e+01
   8.1448000e+01  -4.4630220e+01
   8.1448462e+01  -4.4633048e+01
   8.1448924e+01  -4.4635877e+01
   8.1449385e+01  -4.4638692e+01
   8.1449847e+01  -4.4641497e+01
   8.1450309e+01  -4.4644291e+01
   8.1450771e+01  -4.4647077e+01
   8.1451232e+01  -4.4649855e+01
   8.1451694e+01  -4.4652627e+01
   8.1452155e+01  -4.4655393e+01
   8.1452617e+01  -4.4658156e+01
   8.1453079e+01  -4.4660915e+01
   8.1453540e+01  -4.4663672e+01
   8.1454002e+01  -4.4666436e+01
   8.1454463e+01  -4.4669204e+01
   8.1454925e+01  -4.4671973e+01
   8.1455386e+01  -4.4674740e+01
   8.1455847e+01  -4.4677501e+01
   8.1456309e+01  -4.4680254e+01
   8.1456770e+01  -4.4682996e+01
   8.1457232e+01  -4.4685725e+01
   8.1457693e+01  -4.4688437e+01
   8.1458154e+01  -4.4691131e+01
   8.1458615e+01  -4.4693841e+01
   8.1459077e+01  -4.4696561e+01
   8.1459538e+01  -4.4699287e+01
   8.1459999e+01  -4.4702016e+01
   8.1460460e+01  -4.4704743e+01
   8.1460922e+01  -4.4707465e+01
   8.1461383e+01  -4.4710179e+01
   8.1461844e+01  -4.4712881e+01
   8.1462305e+01  -4.4715569e+01
   8.1462766e+01  -4.4718240e+01
   8.1463227e+01  -4.4720861e+01
   8.1463688e+01  -4.4723446e+01
   8.1464149e+01  -4.4726006e+01
   8.1464610e+01  -4.4728545e+01
   8.1465071e+01  -4.4731063e+01
   8.1465532e+01  -4.4733560e+01
   8.1465992e+01  -4.4736034e+01
   8.1466453e+01  -4.4738487e+01
   8.1466914e+01  -4.4740918e+01
   8.1467375e+01  -4.4743327e+01
   8.1467835e+01  -4.4745706e+01
   8.1468296e+01  -4.4748057e+01
   8.1468757e+01  -4.4750382e+01
   8.1469217e+01  -4.4752684e+01
   8.1469678e+01  -4.4754965e+01
   8.1470138e+01  -4.4757229e+01
   8.1470599e+01  -4.4759476e+01
   8.1471059e+01  -4.4761708e+01
   8.1471520e+01  -4.4763924e+01
   8.1471980e+01  -4.4766125e+01
   8.1472441e+01  -4.4768295e+01
   8.1472901e+01  -4.4770433e+01
   8.1473362e+01  -4.4772538e+01
   8.1473822e+01  -4.4774610e+01
   8.1474282e+01  -4.4776646e+01
   8.1474742e+01  -4.4778647e+01
   8.1475203e+01  -4.4780612e+01
   8.1475663e+01  -4.4782540e+01
   8.1476123e+01  -4.4784432e+01
   8.1476583e+01  -4.4786291e+01
   8.1477043e+01  -4.4788141e+01
   8.1477503e+01  -4.4789984e+01
   8.1477964e+01  -4.4791820e+01
   8.1478424e+01  -4.4793650e+01
   8.1478884e+01  -4.4795475e+01
   8.1479344e+01  -4.4797296e+01
   8.1479804e+01  -4.4799113e+01
   8.1480264e+01  -4.4800927e+01
   8.1480724e+01  -4.4802740e+01
   8.1481184e+01  -4.4804551e+01
   8.1481644e+01  -4.4806358e+01
   8.1482104e+01  -4.4808161e+01
   8.1482564e+01  -4.4809961e+01
   8.1483024e+01  -4.4811759e+01
   8.1483484e+01  -4.4813554e+01
   8.1483944e+01  -4.4815348e+01
   8.1484404e+01  -4.4817143e+01
   8.1484864e+01  -4.4818941e+01
   8.1485324e+01  -4.4820741e+01
   8.1485784e+01  -4.4822544e+01
   8.1486244e+01  -4.4824331e+01
   8.1486704e+01  -4.4826101e+01
   8.1487164e+01  -4.4827852e+01
   8.1487624e+01  -4.4829580e+01
   8.1488084e+01  -4.4831285e+01
   8.1488543e+01  -4.4832965e+01
   8.1489003e+01  -4.4834617e+01
   8.1489463e+01  -4.4836240e+01
   8.1489923e+01  -4.4837833e+01
   8.1490383e+01  -4.4839394e+01
   8.1490842e+01  -4.4840928e+01
   8.1491302e+01  -4.4842437e+01
   8.1491762e+01  -4.4843922e+01
   8.1492222e+01  -4.4845384e+01
   8.1492681e+01  -4.4846824e+01
   8.1493141e+01  -4.4848241e+01
   8.1493601e+01  -4.4849634e+01
   8.1494060e+01  -4.4851000e+01
   8.1494520e+01  -4.4852338e+01
   8.1494980e+01  -4.4853646e+01
   8.1495439e+01  -4.4854918e+01
   8.1495899e+01  -4.4856154e+01
   8.1496358e+01  -4.4857353e+01
   8.1496818e+01  -4.4858517e+01
   8.1497277e+01  -4.4859644e+01
   8.1497737e+01  -4.4860735e+01
   8.1498196e+01  -4.4861791e+01
   8.1498656e+01  -4.4862811e+01
   8.1499115e+01  -4.4863796e+01
   8.1499575e+01  -4.4864746e+01
   8.1500034e+01  -4.4865665e+01
   8.1500494e+01  -4.4866553e+01
   8.1500953e+01  -4.4867412e+01
   8.1501413e+01  -4.4868241e+01
   8.1501872e+01  -4.4869042e+01
   8.1502331e+01  -4.4869815e+01
   8.1502791e+01  -4.4870560e+01
   8.1503250e+01  -4.4871278e+01
   8.1503710e+01  -4.4871970e+01
   8.1504169e+01  -4.4872635e+01
   8.1504628e+01  -4.4873283e+01
   8.1505088e+01  -4.4873912e+01
   8.1505547e+01  -4.4874525e+01
   8.1506006e+01  -4.4875120e+01
   8.1506466e+01  -4.4875699e+01
   8.1506925e+01  -4.4876262e+01
   8.1507384e+01  -4.4876812e+01
   8.1507844e+01  -4.4877349e+01
   8.1508303e+01  -4.4877873e+01
   8.1508762e+01  -4.4878384e+01
   8.1509221e+01  -4.4878890e+01
   8.1509681e+01  -4.4879392e+01
   8.1510140e+01  -4.4879889e+01
   8.1510599e+01  -4.4880383e+01
   8.1511059e+01  -4.4880873e+01
   8.1511518e+01  -4.4881360e+01
   8.1511977e+01  -4.4881843e+01
   8.1512436e+01  -4.4882323e+01
   8.1512896e+01  -4.4882801e+01
   8.1513355e+01  -4.4883276e+01
   8.1513814e+01  -4.4883760e+01
   8.1514274e+01  -4.4884253e+01
   8.1514733e+01  -4.4884756e+01
   8.1515192e+01  -4.4885269e+01
   8.1515651e+01  -4.4885791e+01
   8.1516111e+01  -4.4886324e+01
   8.1516570e+01  -4.4886866e+01
   8.1517029e+01  -4.4887418e+01
   8.1517489e+01  -4.4887981e+01
   8.1517948e+01  -4.4888553e+01
   8.1518407e+01  -4.4889151e+01
   8.1518867e+01  -4.4889773e+01
   8.1519326e+01  -4.4890420e+01
   8.1519785e+01  -4.4891092e+01
   8.1520245e+01  -4.4891789e+01
   8.1520704e+01  -4.4892510e+01
   8.1521163e+01  -4.4893256e+01
   8.1521623e+01  -4.4894027e+01
   8.1522082e+01  -4.4894822e+01
   8.1522541e+01  -4.4895641e+01
   8.1523001e+01  -4.4896493e+01
   8.1523460e+01  -4.4897377e+01
   8.1523919e+01  -4.4898294e+01
   8.1524379e+01  -4.4899242e+01
   8.1524838e+01  -4.4900223e+01
   8.1525298e+01  -4.4901235e+01
   8.1525757e+01  -4.4902278e+01
   8.1526217e+01  -4.4903353e+01
   8.1526676e+01  -4.4904459e+01
   8.1527135e+01  -4.4905595e+01
   8.1527595e+01  -4.4906759e+01
   8.1528054e+01  -4.4907953e+01
   8.1528514e+01  -4.4909177e+01
   8.1528973e+01  -4.4910431e+01
   8.1529433e+01  -4.4911717e+01
   8.1529892e+01  -4.4913033e+01
   8.1530351e+01  -4.4914380e+01
   8.1530811e+01  -4.4915758e+01
   8.1531270e+01  -4.4917167e+01
   8.1531730e+01  -4.4918607e+01
   8.1532189e+01  -4.4920063e+01
   8.1532649e+01  -4.4921537e+01
   8.1533108e+01  -4.4923027e+01
   8.1533568e+01  -4.4924533e+01
   8.1534027e+01  -4.4926057e+01
   8.1534486e+01  -4.4927596e+01
   8.1534946e+01  -4.4929151e+01
   8.1535405e+01  -4.4930722e+01
   8.1535865e+01  -4.4932309e+01
   8.1536324e+01  -4.4933912e+01
   8.1536784e+01  -4.4935523e+01
   8.1537243e+01  -4.4937142e+01
   8.1537702e+01  -4.4938769e+01
   8.1538162e+01  -4.4940403e+01
   8.1538621e+01  -4.4942044e+01
   8.1539081e+01  -4.4943694e+01
   8.1539540e+01  -4.4945352e+01
   8.1539999e+01  -4.4947019e+01
   8.1540459e+01  -4.4948695e+01
   8.1540918e+01  -4.4950380e+01
   8.1541378e+01  -4.4952074e+01
   8.1541837e+01  -4.4953779e+01
   8.1542296e+01  -4.4955494e+01
   8.1542756e+01  -4.4957220e+01
   8.1543215e+01  -4.4958956e+01
   8.1543674e+01  -4.4960704e+01
   8.1544134e+01  -4.4962462e+01
   8.1544593e+01  -4.4964233e+01
   8.1545052e+01  -4.4966015e+01
   8.1545512e+01  -4.4967809e+01
   8.1545971e+01  -4.4969615e+01
   8.1546430e+01  -4.4971431e+01
   8.1546889e+01  -4.4973255e+01
   8.1547349e+01  -4.4975088e+01
   8.1547808e+01  -4.4976930e+01
   8.1548267e+01  -4.4978781e+01
   8.1548726e+01  -4.4980643e+01
   8.1549186e+01  -4.4982515e+01
   8.1549645e+01  -4.4984397e+01
   8.1550104e+01  -4.4986290e+01
   8.1550563e+01  -4.4988197e+01
   8.1551023e+01  -4.4990117e+01
   8.1551482e+01  -4.4992049e+01
   8.1551941e+01  -4.4993992e+01
   8.1552400e+01  -4.4995945e+01
   8.1552859e+01  -4.4997908e+01
   8.1553319e+01  -4.4999880e+01
   8.1553778e+01  -4.5001860e+01
   8.1554237e+01  -4.5003848e+01
   8.1554696e+01  -4.5005844e+01
   8.1555155e+01  -4.5007848e+01
   8.1555614e+01  -4.5009858e+01
   8.1556073e+01  -4.5011874e+01
   8.1556532e+01  -4.5013898e+01
   8.1556992e+01  -4.5015928e+01
   8.1557451e+01  -4.5017966e+01
   8.1557910e+01  -4.5020010e+01
   8.1558369e+01  -4.5022061e+01
   8.1558828e+01  -4.5024119e+01
   8.1559287e+01  -4.5026184e+01
   8.1559746e+01  -4.5028250e+01
   8.1560205e+01  -4.5030317e+01
   8.1560664e+01  -4.5032386e+01
   8.1561123e+01  -4.5034458e+01
   8.1561582e+01  -4.5036533e+01
   8.1562041e+01  -4.5038611e+01
   8.1562500e+01  -4.5040692e+01
   8.1562959e+01  -4.5042778e+01
   8.1563418e+01  -4.5044869e+01
   8.1563877e+01  -4.5046965e+01
   8.1564335e+01  -4.5049063e+01
   8.1564794e+01  -4.5051165e+01
   8.1565253e+01  -4.5053270e+01
   8.1565712e+01  -4.5055380e+01
   8.1566171e+01  -4.5057494e+01
   8.1566630e+01  -4.5059614e+01
   8.1567089e+01  -4.5061739e+01
   8.1567547e+01  -4.5063870e+01
   8.1568006e+01  -4.5066006e+01
   8.1568465e+01  -4.5068145e+01
   8.1568924e+01  -4.5070286e+01
   8.1569383e+01  -4.5072430e+01
   8.1569841e+01  -4.5074576e+01
   8.1570300e+01  -4.5076725e+01
   8.1570759e+01  -4.5078876e+01
   8.1571218e+01  -4.5081030e+01
   8.1571676e+01  -4.5083188e+01
   8.1572135e+01  -4.5085348e+01
   8.1572594e+01  -4.5087512e+01
   8.1573052e+01  -4.5089680e+01
   8.1573511e+01  -4.5091853e+01
   8.1573970e+01  -4.5094032e+01
   8.1574428e+01  -4.5096218e+01
   8.1574887e+01  -4.5098409e+01
   8.1575346e+01  -4.5100605e+01
   8.1575804e+01  -4.5102807e+01
   8.1576263e+01  -4.5105015e+01
   8.1576721e+01  -4.5107230e+01
   8.1577180e+01  -4.5109453e+01
   8.1577639e+01  -4.5111683e+01
   8.1578097e+01  -4.5113919e+01
   8.1578556e+01  -4.5116159e+01
   8.1579014e+01  -4.5118405e+01
   8.1579473e+01  -4.5120658e+01
   8.1579931e+01  -4.5122917e+01
   8.1580389e+01  -4.5125184e+01
   8.1580848e+01  -4.5127458e+01
   8.1581306e+01  -4.5129741e+01
   8.1581765e+01  -4.5132033e+01
   8.1582223e+01  -4.5134335e+01
   8.1582682e+01  -4.5136647e+01
   8.1583140e+01  -4.5138969e+01
   8.1583598e+01  -4.5141303e+01
   8.1584057e+01  -4.5143648e+01
   8.1584515e+01  -4.5146005e+01
   8.1584973e+01  -4.5148374e+01
   8.1585431e+01  -4.5150758e+01
   8.1585890e+01  -4.5153155e+01
   8.1586348e+01  -4.5155566e+01
   8.1586806e+01  -4.5157993e+01
   8.1587264e+01  -4.5160426e+01
   8.1587723e+01  -4.5162861e+01
   8.1588181e+01  -4.5165300e+01
   8.1588639e+01  -4.5167742e+01
   8.1589097e+01  -4.5170188e+01
   8.1589555e+01  -4.5172637e+01
   8.1590013e+01  -4.5175091e+01
   8.1590471e+01  -4.5177550e+01
   8.1590929e+01  -4.5180013e+01
   8.1591387e+01  -4.5182480e+01
   8.1591845e+01  -4.5184960e+01
   8.1592303e+01  -4.5187453e+01
   8.1592761e+01  -4.5189958e+01
   8.1593219e+01  -4.5192477e+01
   8.1593677e+01  -4.5195013e+01
   8.1594135e+01  -4.5197566e+01
   8.1594593e+01  -4.5200136e+01
   8.1595051e+01  -4.5202723e+01
   8.1595509e+01  -4.5205329e+01
   8.1595967e+01  -4.5207953e+01
   8.1596424e+01  -4.5210598e+01
   8.1596882e+01  -4.5213262e+01
   8.1597340e+01  -4.5215944e+01
   8.1597797e+01  -4.5218643e+01
   8.1598255e+01  -4.5221357e+01
