   7.1029321e+01  -5.0563477e+01
   7.1028920e+01  -5.0564745e+01
   7.1028527e+01  -5.0566016e+01
   7.1028141e+01  -5.0567288e+01
   7.1027761e+01  -5.0568563e+01
   7.1027389e+01  -5.0569839e+01
   7.1027023e+01  -5.0571118e+01
   7.1026664e+01  -5.0572398e+01
   7.1026311e+01  -5.0573681e+01
   7.1025965e+01  -5.0574965e+01
   7.1025626e+01  -5.0576251e+01
   7.1025293e+01  -5.0577539e+01
   7.1024964e+01  -5.0578829e+01
   7.1024638e+01  -5.0580119e+01
   7.1024314e+01  -5.0581410e+01
   7.1023994e+01  -5.0582701e+01
   7.1023675e+01  -5.0583993e+01
   7.1023360e+01  -5.0585287e+01
   7.1023047e+01  -5.0586581e+01
   7.1022737e+01  -5.0587875e+01
   7.1022431e+01  -5.0589171e+01
   7.1022127e+01  -5.0590468e+01
   7.1021827e+01  -5.0591765e+01
   7.1021531e+01  -5.0593064e+01
   7.1021239e+01  -5.0594364e+01
   7.1020950e+01  -5.0595665e+01
   7.1020664e+01  -5.0596966e+01
   7.1020381e+01  -5.0598269e+01
   7.1020101e+01  -5.0599572e+01
   7.1019824e+01  -5.0600876e+01
   7.1019549e+01  -5.0602181e+01
   7.1019276e+01  -5.0603487e+01
   7.1019005e+01  -5.0604792e+01
   7.1018735e+01  -5.0606099e+01
   7.1018468e+01  -5.0607406e+01
   7.1018203e+01  -5.0608714e+01
   7.1017940e+01  -5.0610022e+01
   7.1017680e+01  -5.0611331e+01
   7.1017421e+01  -5.0612640e+01
   7.1017164e+01  -5.0613950e+01
   7.1016910e+01  -5.0615261e+01
   7.1016657e+01  -5.0616572e+01
   7.1016405e+01  -5.0617883e+01
   7.1016153e+01  -5.0619195e+01
   7.1015902e+01  -5.0620506e+01
   7.1015651e+01  -5.0621818e+01
   7.1015399e+01  -5.0623129e+01
   7.1015148e+01  -5.0624441e+01
   7.1014896e+01  -5.0625752e+01
   7.1014643e+01  -5.0627063e+01
   7.1014389e+01  -5.0628373e+01
   7.1014134e+01  -5.0629683e+01
   7.1013878e+01  -5.0630993e+01
   7.1013621e+01  -5.0632302e+01
   7.1013362e+01  -5.0633611e+01
   7.1013100e+01  -5.0634919e+01
   7.1012834e+01  -5.0636226e+01
   7.1012564e+01  -5.0637531e+01
   7.1012290e+01  -5.0638836e+01
   7.1012012e+01  -5.0640138e+01
   7.1011728e+01  -5.0641439e+01
   7.1011438e+01  -5.0642739e+01
   7.1011144e+01  -5.0644037e+01
   7.1010846e+01  -5.0645333e+01
   7.1010542e+01  -5.0646628e+01
   7.1010234e+01  -5.0647922e+01
   7.1009920e+01  -5.0649213e+01
   7.1009602e+01  -5.0650504e+01
   7.1009278e+01  -5.0651792e+01
   7.1008949e+01  -5.0653079e+01
   7.1008615e+01  -5.0654365e+01
   7.1008275e+01  -5.0655649e+01
   7.1007931e+01  -5.0656931e+01
   7.1007580e+01  -5.0658211e+01
   7.1007223e+01  -5.0659489e+01
   7.1006860e+01  -5.0660766e+01
   7.1006491e+01  -5.0662040e+01
   7.1006117e+01  -5.0663313e+01
   7.1005738e+01  -5.0664585e+01
   7.1005355e+01  -5.0665855e+01
   7.1004969e+01  -5.0667124e+01
   7.1004580e+01  -5.0668392e+01
   7.1004190e+01  -5.0669660e+01
   7.1003801e+01  -5.0670928e+01
   7.1003412e+01  -5.0672196e+01
   7.1003023e+01  -5.0673464e+01
   7.1002634e+01  -5.0674732e+01
   7.1002244e+01  -5.0676000e+01
   7.1001854e+01  -5.0677267e+01
   7.1001465e+01  -5.0678535e+01
   7.1001077e+01  -5.0679803e+01
   7.1000691e+01  -5.0681072e+01
   7.1000310e+01  -5.0682342e+01
   7.0999931e+01  -5.0683613e+01
   7.0999556e+01  -5.0684884e+01
   7.0999183e+01  -5.0686157e+01
   7.0998814e+01  -5.0687430e+01
   7.0998446e+01  -5.0688704e+01
   7.0998081e+01  -5.0689979e+01
   7.0997718e+01  -5.0691254e+01
   7.0997356e+01  -5.0692530e+01
   7.0996995e+01  -5.0693806e+01
   7.0996638e+01  -5.0695082e+01
   7.0996283e+01  -5.0696360e+01
   7.0995933e+01  -5.0697639e+01
   7.0995586e+01  -5.0698919e+01
   7.0995244e+01  -5.0700200e+01
   7.0994905e+01  -5.0701483e+01
   7.0994571e+01  -5.0702766e+01
   7.0994240e+01  -5.0704051e+01
   7.0993914e+01  -5.0705337e+01
   7.0993593e+01  -5.0706625e+01
   7.0993278e+01  -5.0707914e+01
   7.0992969e+01  -5.0709205e+01
   7.0992667e+01  -5.0710498e+01
   7.0992368e+01  -5.0711793e+01
   7.0992074e+01  -5.0713088e+01
   7.0991784e+01  -5.0714385e+01
   7.0991499e+01  -5.0715684e+01
   7.0991220e+01  -5.0716984e+01
   7.0990946e+01  -5.0718286e+01
   7.0990679e+01  -5.0719589e+01
   7.0990420e+01  -5.0720895e+01
   7.0990167e+01  -5.0722204e+01
   7.0989923e+01  -5.0723514e+01
   7.0989687e+01  -5.0724827e+01
   7.0989459e+01  -5.0726143e+01
   7.0989241e+01  -5.0727462e+01
   7.0989032e+01  -5.0728783e+01
   7.0988833e+01  -5.0730108e+01
   7.0988644e+01  -5.0731435e+01
   7.0988465e+01  -5.0732766e+01
   7.0988294e+01  -5.0734099e+01
   7.0988132e+01  -5.0735435e+01
   7.0987979e+01  -5.0736773e+01
   7.0987833e+01  -5.0738114e+01
   7.0987697e+01  -5.0739457e+01
   7.0987568e+01  -5.0740803e+01
   7.0987449e+01  -5.0742152e+01
   7.0987338e+01  -5.0743504e+01
   7.0987235e+01  -5.0744858e+01
   7.0987141e+01  -5.0746214e+01
   7.0987052e+01  -5.0747572e+01
   7.0986969e+01  -5.0748932e+01
   7.0986892e+01  -5.0750294e+01
   7.0986820e+01  -5.0751657e+01
   7.0986754e+01  -5.0753023e+01
   7.0986694e+01  -5.0754390e+01
   7.0986640e+01  -5.0755759e+01
   7.0986591e+01  -5.0757129e+01
   7.0986548e+01  -5.0758501e+01
   7.0986511e+01  -5.0759875e+01
   7.0986480e+01  -5.0761252e+01
   7.0986455e+01  -5.0762629e+01
   7.0986436e+01  -5.0764009e+01
   7.0986424e+01  -5.0765391e+01
   7.0986417e+01  -5.0766774e+01
   7.0986415e+01  -5.0768160e+01
   7.0986420e+01  -5.0769546e+01
   7.0986430e+01  -5.0770935e+01
   7.0986445e+01  -5.0772325e+01
   7.0986465e+01  -5.0773717e+01
   7.0986484e+01  -5.0775109e+01
   7.0986503e+01  -5.0776501e+01
   7.0986522e+01  -5.0777892e+01
   7.0986539e+01  -5.0779283e+01
   7.0986556e+01  -5.0780674e+01
   7.0986572e+01  -5.0782065e+01
   7.0986588e+01  -5.0783455e+01
   7.0986603e+01  -5.0784845e+01
   7.0986617e+01  -5.0786235e+01
   7.0986630e+01  -5.0787625e+01
   7.0986643e+01  -5.0789015e+01
   7.0986655e+01  -5.0790404e+01
   7.0986667e+01  -5.0791794e+01
   7.0986678e+01  -5.0793183e+01
   7.0986688e+01  -5.0794572e+01
   7.0986698e+01  -5.0795961e+01
   7.0986707e+01  -5.0797349e+01
   7.0986715e+01  -5.0798737e+01
   7.0986723e+01  -5.0800126e+01
   7.0986730e+01  -5.0801513e+01
   7.0986744e+01  -5.0802903e+01
   7.0986763e+01  -5.0804295e+01
   7.0986790e+01  -5.0805689e+01
   7.0986822e+01  -5.0807085e+01
   7.0986861e+01  -5.0808483e+01
   7.0986906e+01  -5.0809883e+01
   7.0986957e+01  -5.0811284e+01
   7.0987014e+01  -5.0812688e+01
   7.0987077e+01  -5.0814094e+01
   7.0987146e+01  -5.0815501e+01
   7.0987227e+01  -5.0816912e+01
   7.0987318e+01  -5.0818326e+01
   7.0987418e+01  -5.0819743e+01
   7.0987528e+01  -5.0821163e+01
   7.0987645e+01  -5.0822586e+01
   7.0987769e+01  -5.0824011e+01
   7.0987899e+01  -5.0825437e+01
   7.0988034e+01  -5.0826865e+01
   7.0988173e+01  -5.0828295e+01
   7.0988315e+01  -5.0829725e+01
   7.0988460e+01  -5.0831156e+01
   7.0988607e+01  -5.0832588e+01
   7.0988757e+01  -5.0834021e+01
   7.0988912e+01  -5.0835456e+01
   7.0989071e+01  -5.0836892e+01
   7.0989237e+01  -5.0838330e+01
   7.0989410e+01  -5.0839770e+01
   7.0989592e+01  -5.0841213e+01
   7.0989781e+01  -5.0842659e+01
   7.0989981e+01  -5.0844107e+01
   7.0990180e+01  -5.0845556e+01
   7.0990380e+01  -5.0847005e+01
   7.0990581e+01  -5.0848454e+01
   7.0990785e+01  -5.0849904e+01
   7.0990991e+01  -5.0851355e+01
   7.0991204e+01  -5.0852808e+01
   7.0991426e+01  -5.0854264e+01
   7.0991668e+01  -5.0855727e+01
