   8.0211567e+01  -5.7028867e+01
   8.0211915e+01  -5.7032060e+01
   8.0212263e+01  -5.7035253e+01
   8.0212613e+01  -5.7038447e+01
   8.0212962e+01  -5.7041642e+01
   8.0213312e+01  -5.7044837e+01
   8.0213663e+01  -5.7048034e+01
   8.0214014e+01  -5.7051232e+01
   8.0214366e+01  -5.7054431e+01
   8.0214718e+01  -5.7057630e+01
   8.0215071e+01  -5.7060828e+01
   8.0215423e+01  -5.7064022e+01
   8.0215776e+01  -5.7067210e+01
   8.0216129e+01  -5.7070392e+01
   8.0216483e+01  -5.7073569e+01
   8.0216836e+01  -5.7076739e+01
   8.0217190e+01  -5.7079904e+01
   8.0217543e+01  -5.7083063e+01
   8.0217897e+01  -5.7086216e+01
   8.0218252e+01  -5.7089363e+01
   8.0218606e+01  -5.7092504e+01
   8.0218961e+01  -5.7095639e+01
   8.0219315e+01  -5.7098769e+01
   8.0219670e+01  -5.7101895e+01
   8.0220025e+01  -5.7105017e+01
   8.0220381e+01  -5.7108134e+01
   8.0220736e+01  -5.7111247e+01
   8.0221091e+01  -5.7114354e+01
   8.0221447e+01  -5.7117457e+01
   8.0221803e+01  -5.7120554e+01
   8.0222159e+01  -5.7123647e+01
   8.0222515e+01  -5.7126734e+01
   8.0222871e+01  -5.7129821e+01
   8.0223227e+01  -5.7132908e+01
   8.0223583e+01  -5.7135995e+01
   8.0223939e+01  -5.7139083e+01
   8.0224295e+01  -5.7142172e+01
   8.0224651e+01  -5.7145260e+01
   8.0225007e+01  -5.7148348e+01
   8.0225363e+01  -5.7151436e+01
   8.0225719e+01  -5.7154523e+01
   8.0226075e+01  -5.7157610e+01
   8.0226431e+01  -5.7160700e+01
   8.0226786e+01  -5.7163796e+01
   8.0227142e+01  -5.7166897e+01
   8.0227497e+01  -5.7170002e+01
   8.0227852e+01  -5.7173112e+01
   8.0228207e+01  -5.7176227e+01
   8.0228562e+01  -5.7179346e+01
   8.0228916e+01  -5.7182468e+01
   8.0229270e+01  -5.7185595e+01
   8.0229625e+01  -5.7188725e+01
   8.0229979e+01  -5.7191856e+01
   8.0230333e+01  -5.7194988e+01
   8.0230687e+01  -5.7198122e+01
   8.0231041e+01  -5.7201256e+01
   8.0231395e+01  -5.7204391e+01
   8.0231748e+01  -5.7207526e+01
   8.0232102e+01  -5.7210661e+01
   8.0232456e+01  -5.7213797e+01
   8.0232810e+01  -5.7216932e+01
   8.0233164e+01  -5.7220067e+01
   8.0233517e+01  -5.7223202e+01
   8.0233871e+01  -5.7226338e+01
   8.0234225e+01  -5.7229476e+01
   8.0234578e+01  -5.7232614e+01
   8.0234932e+01  -5.7235754e+01
   8.0235285e+01  -5.7238895e+01
   8.0235639e+01  -5.7242037e+01
   8.0235992e+01  -5.7245180e+01
   8.0236345e+01  -5.7248324e+01
   8.0236699e+01  -5.7251468e+01
   8.0237052e+01  -5.7254610e+01
   8.0237405e+01  -5.7257751e+01
   8.0237759e+01  -5.7260890e+01
   8.0238112e+01  -5.7264028e+01
   8.0238465e+01  -5.7267164e+01
   8.0238819e+01  -5.7270298e+01
   8.0239172e+01  -5.7273431e+01
   8.0239526e+01  -5.7276563e+01
   8.0239879e+01  -5.7279694e+01
   8.0240233e+01  -5.7282825e+01
   8.0240587e+01  -5.7285954e+01
   8.0240940e+01  -5.7289082e+01
   8.0241294e+01  -5.7292210e+01
   8.0241647e+01  -5.7295337e+01
   8.0242001e+01  -5.7298464e+01
   8.0242354e+01  -5.7301591e+01
   8.0242708e+01  -5.7304716e+01
   8.0243062e+01  -5.7307840e+01
   8.0243415e+01  -5.7310963e+01
   8.0243769e+01  -5.7314085e+01
   8.0244123e+01  -5.7317201e+01
   8.0244477e+01  -5.7320314e+01
   8.0244831e+01  -5.7323421e+01
   8.0245185e+01  -5.7326524e+01
   8.0245540e+01  -5.7329622e+01
   8.0245894e+01  -5.7332715e+01
   8.0246249e+01  -5.7335803e+01
   8.0246604e+01  -5.7338886e+01
   8.0246959e+01  -5.7341964e+01
   8.0247314e+01  -5.7345036e+01
   8.0247670e+01  -5.7348103e+01
   8.0248025e+01  -5.7351165e+01
   8.0248381e+01  -5.7354223e+01
   8.0248737e+01  -5.7357277e+01
   8.0249093e+01  -5.7360326e+01
   8.0249449e+01  -5.7363371e+01
   8.0249806e+01  -5.7366411e+01
   8.0250162e+01  -5.7369447e+01
   8.0250519e+01  -5.7372478e+01
   8.0250876e+01  -5.7375503e+01
   8.0251233e+01  -5.7378527e+01
   8.0251590e+01  -5.7381547e+01
   8.0251947e+01  -5.7384564e+01
   8.0252304e+01  -5.7387578e+01
   8.0252661e+01  -5.7390589e+01
   8.0253019e+01  -5.7393597e+01
   8.0253376e+01  -5.7396602e+01
   8.0253734e+01  -5.7399606e+01
   8.0254091e+01  -5.7402607e+01
   8.0254449e+01  -5.7405606e+01
   8.0254806e+01  -5.7408607e+01
   8.0255164e+01  -5.7411609e+01
   8.0255521e+01  -5.7414613e+01
   8.0255879e+01  -5.7417619e+01
   8.0256236e+01  -5.7420626e+01
   8.0256593e+01  -5.7423636e+01
   8.0256950e+01  -5.7426649e+01
   8.0257307e+01  -5.7429664e+01
   8.0257664e+01  -5.7432682e+01
   8.0258020e+01  -5.7435703e+01
   8.0258377e+01  -5.7438727e+01
   8.0258733e+01  -5.7441753e+01
   8.0259090e+01  -5.7444782e+01
   8.0259446e+01  -5.7447813e+01
   8.0259802e+01  -5.7450845e+01
   8.0260158e+01  -5.7453878e+01
   8.0260514e+01  -5.7456913e+01
   8.0260870e+01  -5.7459951e+01
   8.0261226e+01  -5.7462990e+01
   8.0261581e+01  -5.7466031e+01
   8.0261937e+01  -5.7469077e+01
   8.0262292e+01  -5.7472129e+01
   8.0262647e+01  -5.7475185e+01
   8.0263002e+01  -5.7478245e+01
   8.0263357e+01  -5.7481309e+01
   8.0263711e+01  -5.7484377e+01
   8.0264066e+01  -5.7487447e+01
   8.0264420e+01  -5.7490521e+01
   8.0264774e+01  -5.7493599e+01
   8.0265128e+01  -5.7496680e+01
   8.0265482e+01  -5.7499764e+01
   8.0265836e+01  -5.7502849e+01
   8.0266190e+01  -5.7505933e+01
   8.0266544e+01  -5.7509017e+01
   8.0266898e+01  -5.7512097e+01
   8.0267252e+01  -5.7515174e+01
   8.0267606e+01  -5.7518246e+01
   8.0267960e+01  -5.7521312e+01
   8.0268315e+01  -5.7524374e+01
   8.0268670e+01  -5.7527430e+01
   8.0269025e+01  -5.7530480e+01
   8.0269380e+01  -5.7533526e+01
   8.0269735e+01  -5.7536567e+01
   8.0270091e+01  -5.7539603e+01
   8.0270446e+01  -5.7542637e+01
   8.0270802e+01  -5.7545668e+01
   8.0271157e+01  -5.7548696e+01
   8.0271513e+01  -5.7551723e+01
   8.0271869e+01  -5.7554747e+01
   8.0272225e+01  -5.7557768e+01
   8.0272581e+01  -5.7560786e+01
   8.0272937e+01  -5.7563804e+01
   8.0273293e+01  -5.7566819e+01
   8.0273649e+01  -5.7569834e+01
   8.0274005e+01  -5.7572847e+01
   8.0274361e+01  -5.7575858e+01
   8.0274717e+01  -5.7578868e+01
   8.0275074e+01  -5.7581876e+01
   8.0275430e+01  -5.7584883e+01
   8.0275786e+01  -5.7587889e+01
   8.0276142e+01  -5.7590897e+01
   8.0276498e+01  -5.7593906e+01
   8.0276854e+01  -5.7596917e+01
   8.0277210e+01  -5.7599930e+01
   8.0277566e+01  -5.7602945e+01
   8.0277922e+01  -5.7605962e+01
   8.0278278e+01  -5.7608982e+01
   8.0278633e+01  -5.7612003e+01
   8.0278989e+01  -5.7615027e+01
   8.0279344e+01  -5.7618054e+01
   8.0279699e+01  -5.7621083e+01
   8.0280054e+01  -5.7624113e+01
   8.0280409e+01  -5.7627144e+01
   8.0280764e+01  -5.7630175e+01
   8.0281120e+01  -5.7633207e+01
   8.0281475e+01  -5.7636238e+01
   8.0281830e+01  -5.7639269e+01
   8.0282185e+01  -5.7642300e+01
   8.0282540e+01  -5.7645329e+01
   8.0282895e+01  -5.7648356e+01
   8.0283250e+01  -5.7651380e+01
   8.0283605e+01  -5.7654400e+01
   8.0283961e+01  -5.7657418e+01
   8.0284316e+01  -5.7660437e+01
   8.0284671e+01  -5.7663457e+01
   8.0285026e+01  -5.7666481e+01
   8.0285381e+01  -5.7669510e+01
   8.0285736e+01  -5.7672546e+01
   8.0286090e+01  -5.7675590e+01
   8.0286444e+01  -5.7678644e+01
   8.0286798e+01  -5.7681704e+01
   8.0287152e+01  -5.7684761e+01
   8.0287506e+01  -5.7687812e+01
   8.0287860e+01  -5.7690858e+01
   8.0288214e+01  -5.7693897e+01
   8.0288569e+01  -5.7696929e+01
   8.0288924e+01  -5.7699955e+01
   8.0289279e+01  -5.7702974e+01
   8.0289634e+01  -5.7705985e+01
   8.0289990e+01  -5.7708990e+01
   8.0290345e+01  -5.7711992e+01
   8.0290701e+01  -5.7714993e+01
   8.0291057e+01  -5.7717998e+01
   8.0291412e+01  -5.7721010e+01
   8.0291767e+01  -5.7724026e+01
   8.0292122e+01  -5.7727049e+01
   8.0292476e+01  -5.7730077e+01
   8.0292831e+01  -5.7733110e+01
   8.0293185e+01  -5.7736149e+01
   8.0293539e+01  -5.7739193e+01
   8.0293893e+01  -5.7742238e+01
   8.0294246e+01  -5.7745284e+01
   8.0294600e+01  -5.7748329e+01
   8.0294954e+01  -5.7751371e+01
   8.0295308e+01  -5.7754412e+01
   8.0295662e+01  -5.7757450e+01
   8.0296016e+01  -5.7760486e+01
   8.0296370e+01  -5.7763520e+01
   8.0296725e+01  -5.7766551e+01
   8.0297079e+01  -5.7769581e+01
   8.0297433e+01  -5.7772604e+01
   8.0297788e+01  -5.7775622e+01
   8.0298143e+01  -5.7778635e+01
   8.0298498e+01  -5.7781642e+01
   8.0298853e+01  -5.7784641e+01
   8.0299209e+01  -5.7787633e+01
   8.0299565e+01  -5.7790616e+01
   8.0299921e+01  -5.7793591e+01
   8.0300278e+01  -5.7796557e+01
   8.0300635e+01  -5.7799515e+01
   8.0300992e+01  -5.7802464e+01
   8.0301349e+01  -5.7805405e+01
   8.0301707e+01  -5.7808339e+01
   8.0302065e+01  -5.7811266e+01
   8.0302423e+01  -5.7814186e+01
   8.0302782e+01  -5.7817101e+01
   8.0303140e+01  -5.7820009e+01
   8.0303499e+01  -5.7822912e+01
   8.0303858e+01  -5.7825810e+01
   8.0304217e+01  -5.7828702e+01
   8.0304576e+01  -5.7831596e+01
   8.0304935e+01  -5.7834492e+01
   8.0305294e+01  -5.7837390e+01
   8.0305653e+01  -5.7840289e+01
   8.0306012e+01  -5.7843189e+01
   8.0306371e+01  -5.7846090e+01
   8.0306729e+01  -5.7848991e+01
   8.0307088e+01  -5.7851897e+01
   8.0307446e+01  -5.7854807e+01
   8.0307805e+01  -5.7857721e+01
   8.0308163e+01  -5.7860641e+01
   8.0308520e+01  -5.7863568e+01
   8.0308878e+01  -5.7866502e+01
   8.0309235e+01  -5.7869443e+01
   8.0309591e+01  -5.7872392e+01
   8.0309948e+01  -5.7875348e+01
   8.0310304e+01  -5.7878312e+01
   8.0310660e+01  -5.7881285e+01
   8.0311015e+01  -5.7884265e+01
   8.0311371e+01  -5.7887255e+01
   8.0311725e+01  -5.7890249e+01
   8.0312080e+01  -5.7893247e+01
   8.0312435e+01  -5.7896250e+01
   8.0312789e+01  -5.7899256e+01
   8.0313143e+01  -5.7902266e+01
   8.0313497e+01  -5.7905280e+01
   8.0313851e+01  -5.7908297e+01
   8.0314205e+01  -5.7911316e+01
   8.0314559e+01  -5.7914338e+01
   8.0314913e+01  -5.7917363e+01
   8.0315266e+01  -5.7920391e+01
   8.0315619e+01  -5.7923422e+01
   8.0315973e+01  -5.7926454e+01
   8.0316326e+01  -5.7929487e+01
   8.0316679e+01  -5.7932520e+01
   8.0317032e+01  -5.7935553e+01
   8.0317385e+01  -5.7938584e+01
   8.0317739e+01  -5.7941613e+01
   8.0318092e+01  -5.7944640e+01
   8.0318445e+01  -5.7947663e+01
   8.0318799e+01  -5.7950685e+01
   8.0319152e+01  -5.7953706e+01
   8.0319506e+01  -5.7956727e+01
   8.0319859e+01  -5.7959748e+01
   8.0320213e+01  -5.7962769e+01
   8.0320566e+01  -5.7965789e+01
   8.0320920e+01  -5.7968809e+01
   8.0321273e+01  -5.7971828e+01
   8.0321627e+01  -5.7974847e+01
   8.0321980e+01  -5.7977867e+01
   8.0322334e+01  -5.7980882e+01
   8.0322687e+01  -5.7983893e+01
   8.0323041e+01  -5.7986900e+01
   8.0323395e+01  -5.7989902e+01
   8.0323749e+01  -5.7992901e+01
   8.0324104e+01  -5.7995896e+01
   8.0324458e+01  -5.7998887e+01
   8.0324813e+01  -5.8001876e+01
   8.0325167e+01  -5.8004861e+01
   8.0325522e+01  -5.8007843e+01
   8.0325877e+01  -5.8010825e+01
   8.0326231e+01  -5.8013805e+01
   8.0326586e+01  -5.8016781e+01
   8.0326941e+01  -5.8019751e+01
   8.0327297e+01  -5.8022714e+01
   8.0327652e+01  -5.8025673e+01
   8.0328008e+01  -5.8028627e+01
   8.0328364e+01  -5.8031578e+01
   8.0328720e+01  -5.8034526e+01
   8.0329075e+01  -5.8037472e+01
   8.0329431e+01  -5.8040416e+01
   8.0329788e+01  -5.8043358e+01
   8.0330144e+01  -5.8046299e+01
   8.0330500e+01  -5.8049240e+01
   8.0330856e+01  -5.8052179e+01
   8.0331212e+01  -5.8055116e+01
   8.0331568e+01  -5.8058049e+01
   8.0331925e+01  -5.8060978e+01
   8.0332281e+01  -5.8063901e+01
   8.0332638e+01  -5.8066816e+01
   8.0332996e+01  -5.8069719e+01
   8.0333354e+01  -5.8072607e+01
   8.0333712e+01  -5.8075483e+01
   8.0334071e+01  -5.8078344e+01
   8.0334431e+01  -5.8081193e+01
   8.0334791e+01  -5.8084030e+01
   8.0335151e+01  -5.8086859e+01
   8.0335511e+01  -5.8089682e+01
   8.0335872e+01  -5.8092498e+01
   8.0336233e+01  -5.8095309e+01
   8.0336594e+01  -5.8098119e+01
   8.0336955e+01  -5.8100928e+01
   8.0337316e+01  -5.8103734e+01
   8.0337677e+01  -5.8106536e+01
   8.0338038e+01  -5.8109334e+01
   8.0338400e+01  -5.8112126e+01
   8.0338762e+01  -5.8114911e+01
   8.0339124e+01  -5.8117688e+01
   8.0339486e+01  -5.8120460e+01
   8.0339849e+01  -5.8123226e+01
   8.0340211e+01  -5.8125993e+01
   8.0340573e+01  -5.8128763e+01
   8.0340935e+01  -5.8131535e+01
   8.0341298e+01  -5.8134311e+01
   8.0341659e+01  -5.8137090e+01
   8.0342021e+01  -5.8139873e+01
   8.0342383e+01  -5.8142660e+01
   8.0342744e+01  -5.8145452e+01
   8.0343105e+01  -5.8148249e+01
   8.0343466e+01  -5.8151052e+01
   8.0343827e+01  -5.8153849e+01
   8.0344189e+01  -5.8156641e+01
   8.0344550e+01  -5.8159430e+01
   8.0344912e+01  -5.8162216e+01
   8.0345273e+01  -5.8165000e+01
   8.0345635e+01  -5.8167783e+01
   8.0345996e+01  -5.8170566e+01
   8.0346358e+01  -5.8173350e+01
   8.0346719e+01  -5.8176135e+01
   8.0347081e+01  -5.8178922e+01
   8.0347442e+01  -5.8181716e+01
   8.0347803e+01  -5.8184518e+01
   8.0348163e+01  -5.8187326e+01
   8.0348523e+01  -5.8190140e+01
   8.0348883e+01  -5.8192959e+01
   8.0349243e+01  -5.8195781e+01
   8.0349603e+01  -5.8198604e+01
   8.0349963e+01  -5.8201429e+01
   8.0350323e+01  -5.8204254e+01
   8.0350683e+01  -5.8207077e+01
   8.0351043e+01  -5.8209893e+01
   8.0351403e+01  -5.8212701e+01
   8.0351764e+01  -5.8215501e+01
   8.0352125e+01  -5.8218295e+01
   8.0352486e+01  -5.8221084e+01
   8.0352847e+01  -5.8223872e+01
   8.0353208e+01  -5.8226657e+01
   8.0353569e+01  -5.8229442e+01
   8.0353930e+01  -5.8232227e+01
   8.0354292e+01  -5.8235013e+01
   8.0354653e+01  -5.8237797e+01
   8.0355014e+01  -5.8240578e+01
   8.0355375e+01  -5.8243356e+01
   8.0355737e+01  -5.8246129e+01
   8.0356099e+01  -5.8248899e+01
   8.0356461e+01  -5.8251663e+01
   8.0356823e+01  -5.8254421e+01
   8.0357185e+01  -5.8257173e+01
   8.0357548e+01  -5.8259917e+01
   8.0357911e+01  -5.8262656e+01
   8.0358274e+01  -5.8265388e+01
   8.0358637e+01  -5.8268115e+01
   8.0359001e+01  -5.8270837e+01
   8.0359364e+01  -5.8273555e+01
   8.0359728e+01  -5.8276268e+01
   8.0360092e+01  -5.8278978e+01
   8.0360456e+01  -5.8281684e+01
   8.0360820e+01  -5.8284388e+01
   8.0361184e+01  -5.8287089e+01
   8.0361549e+01  -5.8289788e+01
   8.0361913e+01  -5.8292485e+01
   8.0362277e+01  -5.8295180e+01
   8.0362642e+01  -5.8297873e+01
   8.0363006e+01  -5.8300565e+01
   8.0363371e+01  -5.8303255e+01
   8.0363736e+01  -5.8305944e+01
   8.0364100e+01  -5.8308632e+01
   8.0364465e+01  -5.8311319e+01
   8.0364830e+01  -5.8314005e+01
   8.0365194e+01  -5.8316691e+01
   8.0365559e+01  -5.8319379e+01
   8.0365924e+01  -5.8322068e+01
   8.0366288e+01  -5.8324757e+01
   8.0366653e+01  -5.8327446e+01
   8.0367017e+01  -5.8330135e+01
   8.0367382e+01  -5.8332823e+01
   8.0367746e+01  -5.8335510e+01
   8.0368111e+01  -5.8338197e+01
   8.0368475e+01  -5.8340882e+01
   8.0368840e+01  -5.8343567e+01
   8.0369204e+01  -5.8346253e+01
   8.0369569e+01  -5.8348940e+01
   8.0369933e+01  -5.8351631e+01
   8.0370297e+01  -5.8354324e+01
   8.0370662e+01  -5.8357020e+01
   8.0371025e+01  -5.8359721e+01
   8.0371389e+01  -5.8362427e+01
   8.0371753e+01  -5.8365136e+01
   8.0372116e+01  -5.8367849e+01
   8.0372479e+01  -5.8370566e+01
   8.0372842e+01  -5.8373286e+01
   8.0373205e+01  -5.8376012e+01
   8.0373568e+01  -5.8378743e+01
   8.0373930e+01  -5.8381480e+01
   8.0374292e+01  -5.8384222e+01
   8.0374654e+01  -5.8386970e+01
   8.0375016e+01  -5.8389725e+01
   8.0375377e+01  -5.8392487e+01
   8.0375738e+01  -5.8395254e+01
   8.0376099e+01  -5.8398026e+01
   8.0376459e+01  -5.8400808e+01
   8.0376819e+01  -5.8403599e+01
   8.0377179e+01  -5.8406401e+01
   8.0377538e+01  -5.8409211e+01
   8.0377897e+01  -5.8412030e+01
   8.0378256e+01  -5.8414857e+01
   8.0378614e+01  -5.8417693e+01
   8.0378972e+01  -5.8420536e+01
   8.0379330e+01  -5.8423387e+01
   8.0379687e+01  -5.8426244e+01
   8.0380044e+01  -5.8429108e+01
   8.0380401e+01  -5.8431977e+01
   8.0380757e+01  -5.8434852e+01
   8.0381114e+01  -5.8437734e+01
   8.0381470e+01  -5.8440621e+01
   8.0381826e+01  -5.8443514e+01
   8.0382181e+01  -5.8446413e+01
   8.0382536e+01  -5.8449318e+01
   8.0382892e+01  -5.8452228e+01
   8.0383246e+01  -5.8455143e+01
   8.0383601e+01  -5.8458059e+01
   8.0383956e+01  -5.8460974e+01
   8.0384311e+01  -5.8463889e+01
   8.0384666e+01  -5.8466802e+01
   8.0385021e+01  -5.8469715e+01
   8.0385375e+01  -5.8472628e+01
   8.0385730e+01  -5.8475541e+01
   8.0386085e+01  -5.8478456e+01
   8.0386440e+01  -5.8481371e+01
   8.0386794e+01  -5.8484288e+01
   8.0387149e+01  -5.8487207e+01
   8.0387503e+01  -5.8490128e+01
   8.0387858e+01  -5.8493053e+01
   8.0388212e+01  -5.8495979e+01
   8.0388566e+01  -5.8498911e+01
   8.0388920e+01  -5.8501846e+01
   8.0389273e+01  -5.8504786e+01
   8.0389627e+01  -5.8507731e+01
   8.0389980e+01  -5.8510680e+01
   8.0390333e+01  -5.8513634e+01
   8.0390685e+01  -5.8516593e+01
   8.0391038e+01  -5.8519559e+01
   8.0391390e+01  -5.8522530e+01
   8.0391742e+01  -5.8525506e+01
   8.0392094e+01  -5.8528488e+01
   8.0392446e+01  -5.8531475e+01
   8.0392797e+01  -5.8534467e+01
   8.0393148e+01  -5.8537463e+01
   8.0393499e+01  -5.8540465e+01
   8.0393850e+01  -5.8543472e+01
   8.0394200e+01  -5.8546485e+01
   8.0394550e+01  -5.8549503e+01
   8.0394900e+01  -5.8552527e+01
   8.0395250e+01  -5.8555558e+01
   8.0395599e+01  -5.8558595e+01
   8.0395948e+01  -5.8561640e+01
   8.0396297e+01  -5.8564691e+01
   8.0396646e+01  -5.8567745e+01
   8.0396994e+01  -5.8570802e+01
   8.0397343e+01  -5.8573861e+01
   8.0397691e+01  -5.8576917e+01
   8.0398040e+01  -5.8579972e+01
   8.0398388e+01  -5.8583024e+01
   8.0398737e+01  -5.8586073e+01
   8.0399086e+01  -5.8589120e+01
   8.0399435e+01  -5.8592164e+01
   8.0399784e+01  -5.8595206e+01
   8.0400133e+01  -5.8598245e+01
   8.0400482e+01  -5.8601282e+01
   8.0400831e+01  -5.8604318e+01
   8.0401180e+01  -5.8607351e+01
   8.0401530e+01  -5.8610380e+01
   8.0401879e+01  -5.8613407e+01
   8.0402229e+01  -5.8616430e+01
   8.0402579e+01  -5.8619450e+01
   8.0402928e+01  -5.8622468e+01
   8.0403278e+01  -5.8625484e+01
   8.0403628e+01  -5.8628497e+01
   8.0403978e+01  -5.8631508e+01
   8.0404328e+01  -5.8634517e+01
   8.0404678e+01  -5.8637526e+01
   8.0405028e+01  -5.8640536e+01
   8.0405378e+01  -5.8643545e+01
   8.0405728e+01  -5.8646554e+01
   8.0406078e+01  -5.8649563e+01
   8.0406428e+01  -5.8652572e+01
   8.0406778e+01  -5.8655580e+01
   8.0407128e+01  -5.8658587e+01
   8.0407478e+01  -5.8661594e+01
   8.0407829e+01  -5.8664600e+01
   8.0408179e+01  -5.8667597e+01
   8.0408530e+01  -5.8670586e+01
   8.0408881e+01  -5.8673565e+01
   8.0409232e+01  -5.8676536e+01
   8.0409584e+01  -5.8679500e+01
   8.0409936e+01  -5.8682456e+01
   8.0410288e+01  -5.8685407e+01
   8.0410640e+01  -5.8688352e+01
   8.0410993e+01  -5.8691291e+01
   8.0411345e+01  -5.8694226e+01
   8.0411698e+01  -5.8697158e+01
   8.0412051e+01  -5.8700085e+01
   8.0412404e+01  -5.8703009e+01
   8.0412758e+01  -5.8705929e+01
   8.0413111e+01  -5.8708844e+01
   8.0413465e+01  -5.8711755e+01
   8.0413819e+01  -5.8714661e+01
   8.0414173e+01  -5.8717563e+01
   8.0414527e+01  -5.8720459e+01
   8.0414881e+01  -5.8723351e+01
   8.0415236e+01  -5.8726240e+01
   8.0415590e+01  -5.8729128e+01
   8.0415945e+01  -5.8732013e+01
   8.0416299e+01  -5.8734898e+01
   8.0416654e+01  -5.8737779e+01
   8.0417009e+01  -5.8740658e+01
   8.0417364e+01  -5.8743533e+01
   8.0417719e+01  -5.8746404e+01
   8.0418074e+01  -5.8749273e+01
   8.0418429e+01  -5.8752137e+01
   8.0418784e+01  -5.8755001e+01
   8.0419140e+01  -5.8757866e+01
   8.0419495e+01  -5.8760730e+01
   8.0419850e+01  -5.8763592e+01
   8.0420206e+01  -5.8766454e+01
   8.0420561e+01  -5.8769314e+01
   8.0420916e+01  -5.8772172e+01
   8.0421272e+01  -5.8775028e+01
   8.0421628e+01  -5.8777883e+01
   8.0421983e+01  -5.8780735e+01
   8.0422339e+01  -5.8783589e+01
   8.0422694e+01  -5.8786443e+01
   8.0423050e+01  -5.8789298e+01
   8.0423405e+01  -5.8792155e+01
   8.0423760e+01  -5.8795013e+01
   8.0424116e+01  -5.8797873e+01
   8.0424471e+01  -5.8800735e+01
   8.0424826e+01  -5.8803599e+01
   8.0425181e+01  -5.8806464e+01
   8.0425536e+01  -5.8809331e+01
   8.0425891e+01  -5.8812195e+01
   8.0426246e+01  -5.8815056e+01
   8.0426601e+01  -5.8817916e+01
   8.0426956e+01  -5.8820773e+01
   8.0427312e+01  -5.8823630e+01
   8.0427667e+01  -5.8826486e+01
   8.0428022e+01  -5.8829343e+01
   8.0428377e+01  -5.8832200e+01
   8.0428732e+01  -5.8835059e+01
   8.0429087e+01  -5.8837920e+01
   8.0429442e+01  -5.8840779e+01
   8.0429797e+01  -5.8843637e+01
   8.0430153e+01  -5.8846493e+01
   8.0430508e+01  -5.8849346e+01
   8.0430863e+01  -5.8852195e+01
   8.0431219e+01  -5.8855041e+01
   8.0431575e+01  -5.8857882e+01
   8.0431930e+01  -5.8860719e+01
   8.0432286e+01  -5.8863551e+01
   8.0432643e+01  -5.8866377e+01
   8.0432999e+01  -5.8869197e+01
   8.0433356e+01  -5.8872012e+01
   8.0433713e+01  -5.8874823e+01
   8.0434070e+01  -5.8877633e+01
   8.0434427e+01  -5.8880443e+01
   8.0434783e+01  -5.8883252e+01
   8.0435140e+01  -5.8886062e+01
   8.0435497e+01  -5.8888873e+01
   8.0435854e+01  -5.8891685e+01
   8.0436210e+01  -5.8894498e+01
   8.0436567e+01  -5.8897313e+01
   8.0436924e+01  -5.8900128e+01
   8.0437280e+01  -5.8902943e+01
   8.0437637e+01  -5.8905756e+01
   8.0437993e+01  -5.8908569e+01
   8.0438350e+01  -5.8911379e+01
   8.0438707e+01  -5.8914188e+01
   8.0439064e+01  -5.8916994e+01
   8.0439421e+01  -5.8919799e+01
   8.0439778e+01  -5.8922602e+01
   8.0440135e+01  -5.8925404e+01
   8.0440492e+01  -5.8928205e+01
   8.0440849e+01  -5.8931004e+01
   8.0441206e+01  -5.8933801e+01
   8.0441563e+01  -5.8936595e+01
   8.0441920e+01  -5.8939387e+01
   8.0442278e+01  -5.8942177e+01
   8.0442635e+01  -5.8944964e+01
   8.0442993e+01  -5.8947749e+01
   8.0443350e+01  -5.8950530e+01
   8.0443708e+01  -5.8953307e+01
   8.0444066e+01  -5.8956079e+01
   8.0444425e+01  -5.8958848e+01
   8.0444783e+01  -5.8961613e+01
   8.0445141e+01  -5.8964376e+01
   8.0445500e+01  -5.8967136e+01
   8.0445858e+01  -5.8969894e+01
   8.0446217e+01  -5.8972651e+01
   8.0446576e+01  -5.8975407e+01
   8.0446934e+01  -5.8978162e+01
   8.0447293e+01  -5.8980916e+01
   8.0447652e+01  -5.8983668e+01
   8.0448010e+01  -5.8986420e+01
   8.0448369e+01  -5.8989172e+01
   8.0448728e+01  -5.8991925e+01
   8.0449086e+01  -5.8994679e+01
   8.0449445e+01  -5.8997435e+01
   8.0449803e+01  -5.9000193e+01
   8.0450162e+01  -5.9002955e+01
   8.0450520e+01  -5.9005719e+01
   8.0450878e+01  -5.9008487e+01
   8.0451236e+01  -5.9011258e+01
   8.0451593e+01  -5.9014031e+01
   8.0451951e+01  -5.9016807e+01
   8.0452308e+01  -5.9019587e+01
   8.0452666e+01  -5.9022369e+01
   8.0453023e+01  -5.9025155e+01
   8.0453380e+01  -5.9027944e+01
   8.0453737e+01  -5.9030736e+01
   8.0454093e+01  -5.9033532e+01
   8.0454450e+01  -5.9036330e+01
   8.0454806e+01  -5.9039129e+01
   8.0455163e+01  -5.9041928e+01
   8.0455520e+01  -5.9044727e+01
   8.0455876e+01  -5.9047523e+01
   8.0456233e+01  -5.9050316e+01
   8.0456590e+01  -5.9053104e+01
   8.0456947e+01  -5.9055889e+01
   8.0457304e+01  -5.9058672e+01
   8.0457661e+01  -5.9061452e+01
   8.0458018e+01  -5.9064235e+01
   8.0458375e+01  -5.9067020e+01
   8.0458732e+01  -5.9069808e+01
   8.0459089e+01  -5.9072600e+01
   8.0459445e+01  -5.9075395e+01
   8.0459802e+01  -5.9078195e+01
   8.0460158e+01  -5.9080998e+01
   8.0460514e+01  -5.9083806e+01
   8.0460870e+01  -5.9086615e+01
   8.0461225e+01  -5.9089425e+01
   8.0461581e+01  -5.9092234e+01
   8.0461937e+01  -5.9095041e+01
   8.0462293e+01  -5.9097845e+01
   8.0462649e+01  -5.9100648e+01
   8.0463005e+01  -5.9103448e+01
   8.0463362e+01  -5.9106246e+01
   8.0463718e+01  -5.9109041e+01
   8.0464075e+01  -5.9111834e+01
   8.0464431e+01  -5.9114624e+01
   8.0464788e+01  -5.9117411e+01
   8.0465144e+01  -5.9120199e+01
   8.0465501e+01  -5.9122985e+01
   8.0465858e+01  -5.9125770e+01
   8.0466214e+01  -5.9128554e+01
   8.0466571e+01  -5.9131336e+01
   8.0466928e+01  -5.9134117e+01
   8.0467285e+01  -5.9136896e+01
   8.0467642e+01  -5.9139673e+01
   8.0467999e+01  -5.9142447e+01
   8.0468356e+01  -5.9145220e+01
   8.0468713e+01  -5.9147988e+01
   8.0469071e+01  -5.9150752e+01
   8.0469428e+01  -5.9153511e+01
   8.0469786e+01  -5.9156267e+01
   8.0470144e+01  -5.9159022e+01
   8.0470502e+01  -5.9161775e+01
   8.0470860e+01  -5.9164527e+01
   8.0471218e+01  -5.9167279e+01
   8.0471575e+01  -5.9170030e+01
   8.0471933e+01  -5.9172782e+01
   8.0472291e+01  -5.9175535e+01
   8.0472649e+01  -5.9178289e+01
   8.0473007e+01  -5.9181043e+01
   8.0473364e+01  -5.9183796e+01
   8.0473722e+01  -5.9186549e+01
   8.0474080e+01  -5.9189301e+01
   8.0474438e+01  -5.9192051e+01
   8.0474795e+01  -5.9194802e+01
   8.0475153e+01  -5.9197552e+01
   8.0475511e+01  -5.9200302e+01
   8.0475869e+01  -5.9203052e+01
   8.0476227e+01  -5.9205802e+01
   8.0476584e+01  -5.9208551e+01
   8.0476942e+01  -5.9211298e+01
   8.0477300e+01  -5.9214044e+01
   8.0477658e+01  -5.9216788e+01
   8.0478016e+01  -5.9219529e+01
   8.0478374e+01  -5.9222268e+01
   8.0478733e+01  -5.9225004e+01
   8.0479091e+01  -5.9227736e+01
   8.0479449e+01  -5.9230471e+01
   8.0479808e+01  -5.9233207e+01
   8.0480166e+01  -5.9235944e+01
   8.0480524e+01  -5.9238682e+01
   8.0480882e+01  -5.9241421e+01
   8.0481240e+01  -5.9244160e+01
   8.0481598e+01  -5.9246900e+01
   8.0481956e+01  -5.9249640e+01
   8.0482314e+01  -5.9252379e+01
   8.0482672e+01  -5.9255119e+01
   8.0483030e+01  -5.9257858e+01
   8.0483388e+01  -5.9260596e+01
   8.0483746e+01  -5.9263333e+01
   8.0484104e+01  -5.9266068e+01
   8.0484462e+01  -5.9268802e+01
   8.0484821e+01  -5.9271532e+01
   8.0485179e+01  -5.9274260e+01
   8.0485538e+01  -5.9276985e+01
   8.0485896e+01  -5.9279706e+01
   8.0486255e+01  -5.9282423e+01
   8.0486614e+01  -5.9285139e+01
   8.0486973e+01  -5.9287854e+01
   8.0487332e+01  -5.9290567e+01
   8.0487691e+01  -5.9293279e+01
   8.0488050e+01  -5.9295990e+01
   8.0488409e+01  -5.9298698e+01
   8.0488768e+01  -5.9301406e+01
   8.0489127e+01  -5.9304113e+01
   8.0489486e+01  -5.9306819e+01
   8.0489845e+01  -5.9309524e+01
   8.0490205e+01  -5.9312229e+01
   8.0490564e+01  -5.9314934e+01
   8.0490923e+01  -5.9317641e+01
   8.0491282e+01  -5.9320348e+01
   8.0491641e+01  -5.9323058e+01
   8.0492000e+01  -5.9325769e+01
   8.0492358e+01  -5.9328483e+01
   8.0492717e+01  -5.9331199e+01
   8.0493075e+01  -5.9333919e+01
   8.0493434e+01  -5.9336640e+01
   8.0493792e+01  -5.9339361e+01
   8.0494151e+01  -5.9342080e+01
   8.0494509e+01  -5.9344799e+01
   8.0494867e+01  -5.9347517e+01
   8.0495226e+01  -5.9350235e+01
   8.0495584e+01  -5.9352953e+01
   8.0495943e+01  -5.9355670e+01
   8.0496301e+01  -5.9358388e+01
   8.0496660e+01  -5.9361105e+01
   8.0497018e+01  -5.9363823e+01
   8.0497377e+01  -5.9366538e+01
   8.0497735e+01  -5.9369250e+01
   8.0498094e+01  -5.9371958e+01
   8.0498453e+01  -5.9374665e+01
   8.0498812e+01  -5.9377370e+01
   8.0499171e+01  -5.9380074e+01
   8.0499530e+01  -5.9382775e+01
   8.0499889e+01  -5.9385476e+01
   8.0500248e+01  -5.9388175e+01
   8.0500607e+01  -5.9390873e+01
   8.0500966e+01  -5.9393570e+01
   8.0501325e+01  -5.9396264e+01
   8.0501684e+01  -5.9398957e+01
   8.0502044e+01  -5.9401649e+01
   8.0502403e+01  -5.9404339e+01
   8.0502763e+01  -5.9407027e+01
   8.0503122e+01  -5.9409712e+01
   8.0503482e+01  -5.9412392e+01
   8.0503842e+01  -5.9415068e+01
   8.0504202e+01  -5.9417737e+01
   8.0504563e+01  -5.9420400e+01
   8.0504923e+01  -5.9423055e+01
   8.0505285e+01  -5.9425703e+01
   8.0505646e+01  -5.9428344e+01
   8.0506007e+01  -5.9430979e+01
   8.0506369e+01  -5.9433609e+01
   8.0506731e+01  -5.9436232e+01
   8.0507094e+01  -5.9438850e+01
   8.0507456e+01  -5.9441462e+01
   8.0507819e+01  -5.9444069e+01
   8.0508182e+01  -5.9446670e+01
   8.0508545e+01  -5.9449265e+01
   8.0508909e+01  -5.9451855e+01
   8.0509272e+01  -5.9454440e+01
   8.0509636e+01  -5.9457021e+01
   8.0510000e+01  -5.9459598e+01
   8.0510364e+01  -5.9462172e+01
   8.0510728e+01  -5.9464742e+01
   8.0511093e+01  -5.9467311e+01
   8.0511457e+01  -5.9469877e+01
   8.0511821e+01  -5.9472446e+01
   8.0512185e+01  -5.9475019e+01
   8.0512549e+01  -5.9477594e+01
   8.0512913e+01  -5.9480171e+01
   8.0513277e+01  -5.9482750e+01
   8.0513641e+01  -5.9485331e+01
   8.0514004e+01  -5.9487913e+01
   8.0514368e+01  -5.9490497e+01
   8.0514731e+01  -5.9493082e+01
   8.0515095e+01  -5.9495667e+01
   8.0515458e+01  -5.9498255e+01
   8.0515821e+01  -5.9500843e+01
   8.0516185e+01  -5.9503433e+01
   8.0516548e+01  -5.9506024e+01
   8.0516911e+01  -5.9508617e+01
   8.0517274e+01  -5.9511211e+01
   8.0517637e+01  -5.9513806e+01
   8.0518000e+01  -5.9516403e+01
   8.0518363e+01  -5.9518999e+01
   8.0518725e+01  -5.9521594e+01
   8.0519089e+01  -5.9524183e+01
   8.0519452e+01  -5.9526767e+01
   8.0519816e+01  -5.9529345e+01
   8.0520179e+01  -5.9531919e+01
   8.0520543e+01  -5.9534487e+01
   8.0520908e+01  -5.9537051e+01
   8.0521272e+01  -5.9539610e+01
   8.0521637e+01  -5.9542165e+01
   8.0522001e+01  -5.9544716e+01
   8.0522366e+01  -5.9547263e+01
   8.0522731e+01  -5.9549807e+01
   8.0523096e+01  -5.9552347e+01
   8.0523462e+01  -5.9554885e+01
   8.0523827e+01  -5.9557420e+01
   8.0524192e+01  -5.9559954e+01
   8.0524558e+01  -5.9562485e+01
   8.0524923e+01  -5.9565013e+01
   8.0525289e+01  -5.9567540e+01
   8.0525655e+01  -5.9570064e+01
   8.0526021e+01  -5.9572585e+01
   8.0526387e+01  -5.9575105e+01
   8.0526753e+01  -5.9577623e+01
   8.0527119e+01  -5.9580139e+01
   8.0527485e+01  -5.9582654e+01
   8.0527851e+01  -5.9585168e+01
   8.0528217e+01  -5.9587680e+01
   8.0528584e+01  -5.9590191e+01
   8.0528950e+01  -5.9592701e+01
   8.0529316e+01  -5.9595209e+01
   8.0529683e+01  -5.9597715e+01
   8.0530049e+01  -5.9600215e+01
   8.0530416e+01  -5.9602709e+01
   8.0530783e+01  -5.9605197e+01
   8.0531151e+01  -5.9607681e+01
   8.0531518e+01  -5.9610160e+01
   8.0531886e+01  -5.9612635e+01
   8.0532254e+01  -5.9615106e+01
   8.0532622e+01  -5.9617574e+01
   8.0532990e+01  -5.9620039e+01
   8.0533358e+01  -5.9622502e+01
   8.0533726e+01  -5.9624963e+01
   8.0534095e+01  -5.9627422e+01
   8.0534463e+01  -5.9629879e+01
   8.0534832e+01  -5.9632334e+01
   8.0535200e+01  -5.9634788e+01
   8.0535569e+01  -5.9637240e+01
   8.0535938e+01  -5.9639691e+01
   8.0536306e+01  -5.9642140e+01
   8.0536675e+01  -5.9644588e+01
   8.0537044e+01  -5.9647034e+01
   8.0537413e+01  -5.9649480e+01
   8.0537782e+01  -5.9651924e+01
   8.0538151e+01  -5.9654368e+01
   8.0538519e+01  -5.9656810e+01
   8.0538888e+01  -5.9659252e+01
   8.0539257e+01  -5.9661692e+01
   8.0539626e+01  -5.9664132e+01
   8.0539996e+01  -5.9666571e+01
   8.0540365e+01  -5.9669008e+01
   8.0540734e+01  -5.9671442e+01
   8.0541103e+01  -5.9673878e+01
   8.0541472e+01  -5.9676316e+01
   8.0541841e+01  -5.9678755e+01
   8.0542210e+01  -5.9681197e+01
   8.0542579e+01  -5.9683640e+01
   8.0542948e+01  -5.9686085e+01
   8.0543316e+01  -5.9688533e+01
   8.0543685e+01  -5.9690982e+01
   8.0544053e+01  -5.9693434e+01
   8.0544422e+01  -5.9695888e+01
   8.0544790e+01  -5.9698343e+01
   8.0545158e+01  -5.9700799e+01
   8.0545526e+01  -5.9703255e+01
   8.0545894e+01  -5.9705712e+01
   8.0546262e+01  -5.9708169e+01
   8.0546631e+01  -5.9710627e+01
   8.0546999e+01  -5.9713085e+01
   8.0547367e+01  -5.9715545e+01
   8.0547735e+01  -5.9718005e+01
   8.0548103e+01  -5.9720467e+01
   8.0548470e+01  -5.9722930e+01
   8.0548838e+01  -5.9725395e+01
   8.0549206e+01  -5.9727862e+01
   8.0549573e+01  -5.9730330e+01
   8.0549941e+01  -5.9732800e+01
   8.0550308e+01  -5.9735272e+01
   8.0550675e+01  -5.9737747e+01
   8.0551043e+01  -5.9740224e+01
   8.0551410e+01  -5.9742704e+01
   8.0551777e+01  -5.9745185e+01
   8.0552143e+01  -5.9747668e+01
   8.0552510e+01  -5.9750152e+01
   8.0552877e+01  -5.9752637e+01
   8.0553244e+01  -5.9755125e+01
   8.0553610e+01  -5.9757614e+01
   8.0553977e+01  -5.9760105e+01
   8.0554343e+01  -5.9762599e+01
   8.0554709e+01  -5.9765095e+01
   8.0555075e+01  -5.9767594e+01
   8.0555441e+01  -5.9770096e+01
   8.0555807e+01  -5.9772598e+01
   8.0556173e+01  -5.9775103e+01
   8.0556539e+01  -5.9777608e+01
   8.0556905e+01  -5.9780114e+01
   8.0557271e+01  -5.9782620e+01
   8.0557636e+01  -5.9785126e+01
   8.0558002e+01  -5.9787633e+01
   8.0558368e+01  -5.9790139e+01
   8.0558733e+01  -5.9792646e+01
   8.0559099e+01  -5.9795154e+01
   8.0559465e+01  -5.9797662e+01
   8.0559830e+01  -5.9800171e+01
   8.0560196e+01  -5.9802681e+01
   8.0560561e+01  -5.9805192e+01
   8.0560926e+01  -5.9807704e+01
   8.0561292e+01  -5.9810217e+01
   8.0561657e+01  -5.9812732e+01
   8.0562022e+01  -5.9815248e+01
   8.0562387e+01  -5.9817767e+01
   8.0562752e+01  -5.9820286e+01
   8.0563118e+01  -5.9822802e+01
   8.0563483e+01  -5.9825317e+01
   8.0563848e+01  -5.9827831e+01
   8.0564213e+01  -5.9830343e+01
   8.0564579e+01  -5.9832855e+01
   8.0564944e+01  -5.9835366e+01
   8.0565309e+01  -5.9837876e+01
   8.0565675e+01  -5.9840387e+01
   8.0566040e+01  -5.9842898e+01
   8.0566405e+01  -5.9845410e+01
   8.0566770e+01  -5.9847924e+01
   8.0567135e+01  -5.9850439e+01
   8.0567500e+01  -5.9852957e+01
   8.0567865e+01  -5.9855476e+01
   8.0568230e+01  -5.9857996e+01
   8.0568595e+01  -5.9860516e+01
   8.0568960e+01  -5.9863036e+01
   8.0569325e+01  -5.9865557e+01
   8.0569689e+01  -5.9868080e+01
   8.0570054e+01  -5.9870605e+01
   8.0570419e+01  -5.9873130e+01
   8.0570783e+01  -5.9875654e+01
   8.0571148e+01  -5.9878177e+01
   8.0571512e+01  -5.9880701e+01
   8.0571877e+01  -5.9883223e+01
   8.0572242e+01  -5.9885746e+01
   8.0572606e+01  -5.9888268e+01
   8.0572971e+01  -5.9890789e+01
   8.0573336e+01  -5.9893310e+01
   8.0573701e+01  -5.9895829e+01
   8.0574065e+01  -5.9898346e+01
   8.0574430e+01  -5.9900863e+01
   8.0574795e+01  -5.9903380e+01
   8.0575160e+01  -5.9905898e+01
   8.0575525e+01  -5.9908416e+01
   8.0575889e+01  -5.9910937e+01
   8.0576254e+01  -5.9913459e+01
   8.0576618e+01  -5.9915984e+01
   8.0576982e+01  -5.9918512e+01
   8.0577347e+01  -5.9921044e+01
   8.0577711e+01  -5.9923577e+01
   8.0578075e+01  -5.9926111e+01
   8.0578439e+01  -5.9928644e+01
   8.0578803e+01  -5.9931178e+01
   8.0579167e+01  -5.9933709e+01
   8.0579531e+01  -5.9936236e+01
   8.0579895e+01  -5.9938760e+01
   8.0580260e+01  -5.9941281e+01
   8.0580624e+01  -5.9943800e+01
   8.0580989e+01  -5.9946317e+01
   8.0581354e+01  -5.9948833e+01
   8.0581718e+01  -5.9951348e+01
   8.0582083e+01  -5.9953863e+01
   8.0582448e+01  -5.9956379e+01
   8.0582813e+01  -5.9958895e+01
   8.0583177e+01  -5.9961414e+01
   8.0583541e+01  -5.9963935e+01
   8.0583906e+01  -5.9966460e+01
   8.0584270e+01  -5.9968988e+01
   8.0584634e+01  -5.9971517e+01
   8.0584998e+01  -5.9974042e+01
   8.0585362e+01  -5.9976565e+01
   8.0585727e+01  -5.9979085e+01
   8.0586091e+01  -5.9981603e+01
   8.0586456e+01  -5.9984119e+01
   8.0586820e+01  -5.9986633e+01
   8.0587185e+01  -5.9989145e+01
   8.0587550e+01  -5.9991657e+01
   8.0587915e+01  -5.9994168e+01
   8.0588279e+01  -5.9996678e+01
   8.0588644e+01  -5.9999187e+01
   8.0589009e+01  -6.0001697e+01
   8.0589374e+01  -6.0004207e+01
   8.0589738e+01  -6.0006718e+01
   8.0590103e+01  -6.0009228e+01
   8.0590468e+01  -6.0011736e+01
   8.0590833e+01  -6.0014240e+01
   8.0591198e+01  -6.0016742e+01
   8.0591563e+01  -6.0019240e+01
   8.0591929e+01  -6.0021735e+01
   8.0592294e+01  -6.0024224e+01
   8.0592660e+01  -6.0026708e+01
   8.0593026e+01  -6.0029189e+01
   8.0593392e+01  -6.0031666e+01
   8.0593758e+01  -6.0034142e+01
   8.0594124e+01  -6.0036616e+01
   8.0594491e+01  -6.0039090e+01
   8.0594857e+01  -6.0041565e+01
   8.0595223e+01  -6.0044040e+01
   8.0595589e+01  -6.0046517e+01
   8.0595955e+01  -6.0048990e+01
   8.0596322e+01  -6.0051458e+01
   8.0596688e+01  -6.0053922e+01
   8.0597055e+01  -6.0056382e+01
   8.0597422e+01  -6.0058837e+01
   8.0597789e+01  -6.0061287e+01
   8.0598156e+01  -6.0063732e+01
   8.0598524e+01  -6.0066172e+01
   8.0598892e+01  -6.0068607e+01
   8.0599260e+01  -6.0071037e+01
   8.0599628e+01  -6.0073464e+01
   8.0599996e+01  -6.0075887e+01
   8.0600365e+01  -6.0078308e+01
   8.0600733e+01  -6.0080728e+01
   8.0601102e+01  -6.0083148e+01
   8.0601470e+01  -6.0085567e+01
   8.0601839e+01  -6.0087986e+01
   8.0602207e+01  -6.0090405e+01
   8.0602576e+01  -6.0092821e+01
   8.0602944e+01  -6.0095234e+01
   8.0603313e+01  -6.0097642e+01
   8.0603682e+01  -6.0100044e+01
   8.0604052e+01  -6.0102441e+01
   8.0604421e+01  -6.0104834e+01
   8.0604791e+01  -6.0107221e+01
   8.0605161e+01  -6.0109603e+01
   8.0605531e+01  -6.0111980e+01
   8.0605902e+01  -6.0114353e+01
   8.0606272e+01  -6.0116721e+01
   8.0606643e+01  -6.0119085e+01
   8.0607014e+01  -6.0121445e+01
   8.0607385e+01  -6.0123803e+01
   8.0607756e+01  -6.0126160e+01
   8.0608127e+01  -6.0128518e+01
   8.0608498e+01  -6.0130874e+01
   8.0608869e+01  -6.0133228e+01
   8.0609241e+01  -6.0135580e+01
   8.0609612e+01  -6.0137929e+01
   8.0609984e+01  -6.0140274e+01
   8.0610355e+01  -6.0142615e+01
   8.0610727e+01  -6.0144951e+01
   8.0611099e+01  -6.0147283e+01
   8.0611472e+01  -6.0149611e+01
   8.0611844e+01  -6.0151935e+01
   8.0612217e+01  -6.0154254e+01
   8.0612590e+01  -6.0156570e+01
   8.0612963e+01  -6.0158882e+01
   8.0613336e+01  -6.0161190e+01
   8.0613709e+01  -6.0163495e+01
   8.0614082e+01  -6.0165799e+01
   8.0614455e+01  -6.0168103e+01
   8.0614829e+01  -6.0170406e+01
   8.0615202e+01  -6.0172710e+01
   8.0615575e+01  -6.0175012e+01
   8.0615949e+01  -6.0177313e+01
   8.0616322e+01  -6.0179613e+01
   8.0616696e+01  -6.0181910e+01
   8.0617069e+01  -6.0184206e+01
   8.0617443e+01  -6.0186499e+01
   8.0617817e+01  -6.0188790e+01
   8.0618191e+01  -6.0191078e+01
   8.0618565e+01  -6.0193362e+01
   8.0618939e+01  -6.0195645e+01
   8.0619313e+01  -6.0197924e+01
   8.0619688e+01  -6.0200201e+01
   8.0620062e+01  -6.0202477e+01
   8.0620436e+01  -6.0204752e+01
   8.0620811e+01  -6.0207027e+01
   8.0621185e+01  -6.0209301e+01
   8.0621560e+01  -6.0211574e+01
   8.0621935e+01  -6.0213845e+01
   8.0622309e+01  -6.0216115e+01
   8.0622684e+01  -6.0218383e+01
   8.0623059e+01  -6.0220649e+01
   8.0623434e+01  -6.0222912e+01
   8.0623809e+01  -6.0225173e+01
   8.0624184e+01  -6.0227432e+01
   8.0624559e+01  -6.0229687e+01
   8.0624934e+01  -6.0231940e+01
   8.0625310e+01  -6.0234189e+01
   8.0625685e+01  -6.0236438e+01
   8.0626061e+01  -6.0238686e+01
   8.0626437e+01  -6.0240934e+01
   8.0626812e+01  -6.0243182e+01
   8.0627188e+01  -6.0245433e+01
   8.0627563e+01  -6.0247683e+01
   8.0627938e+01  -6.0249935e+01
   8.0628314e+01  -6.0252186e+01
   8.0628689e+01  -6.0254438e+01
   8.0629064e+01  -6.0256688e+01
   8.0629440e+01  -6.0258935e+01
   8.0629816e+01  -6.0261177e+01
   8.0630192e+01  -6.0263416e+01
   8.0630568e+01  -6.0265652e+01
   8.0630944e+01  -6.0267884e+01
   8.0631320e+01  -6.0270114e+01
   8.0631696e+01  -6.0272342e+01
   8.0632073e+01  -6.0274567e+01
   8.0632449e+01  -6.0276791e+01
   8.0632826e+01  -6.0279013e+01
   8.0633203e+01  -6.0281230e+01
   8.0633580e+01  -6.0283444e+01
   8.0633957e+01  -6.0285652e+01
   8.0634334e+01  -6.0287856e+01
   8.0634712e+01  -6.0290055e+01
   8.0635090e+01  -6.0292249e+01
   8.0635468e+01  -6.0294440e+01
   8.0635846e+01  -6.0296627e+01
   8.0636224e+01  -6.0298810e+01
   8.0636603e+01  -6.0300990e+01
   8.0636981e+01  -6.0303166e+01
   8.0637360e+01  -6.0305340e+01
   8.0637739e+01  -6.0307510e+01
   8.0638118e+01  -6.0309677e+01
   8.0638497e+01  -6.0311842e+01
   8.0638876e+01  -6.0314004e+01
   8.0639255e+01  -6.0316164e+01
   8.0639635e+01  -6.0318321e+01
   8.0640014e+01  -6.0320476e+01
   8.0640394e+01  -6.0322630e+01
   8.0640773e+01  -6.0324779e+01
   8.0641153e+01  -6.0326924e+01
   8.0641533e+01  -6.0329065e+01
   8.0641914e+01  -6.0331202e+01
   8.0642294e+01  -6.0333336e+01
   8.0642675e+01  -6.0335467e+01
   8.0643055e+01  -6.0337595e+01
   8.0643436e+01  -6.0339720e+01
   8.0643817e+01  -6.0341844e+01
   8.0644198e+01  -6.0343965e+01
   8.0644579e+01  -6.0346084e+01
   8.0644960e+01  -6.0348200e+01
   8.0645341e+01  -6.0350312e+01
   8.0645723e+01  -6.0352420e+01
   8.0646104e+01  -6.0354525e+01
   8.0646486e+01  -6.0356627e+01
   8.0646868e+01  -6.0358724e+01
   8.0647250e+01  -6.0360818e+01
   8.0647633e+01  -6.0362907e+01
   8.0648015e+01  -6.0364993e+01
   8.0648398e+01  -6.0367074e+01
   8.0648781e+01  -6.0369150e+01
   8.0649164e+01  -6.0371220e+01
   8.0649547e+01  -6.0373286e+01
   8.0649931e+01  -6.0375346e+01
   8.0650314e+01  -6.0377402e+01
   8.0650698e+01  -6.0379453e+01
   8.0651083e+01  -6.0381501e+01
   8.0651467e+01  -6.0383543e+01
   8.0651851e+01  -6.0385582e+01
   8.0652236e+01  -6.0387618e+01
   8.0652621e+01  -6.0389651e+01
   8.0653006e+01  -6.0391681e+01
   8.0653391e+01  -6.0393707e+01
   8.0653776e+01  -6.0395731e+01
   8.0654161e+01  -6.0397751e+01
   8.0654547e+01  -6.0399768e+01
   8.0654932e+01  -6.0401781e+01
   8.0655318e+01  -6.0403791e+01
   8.0655704e+01  -6.0405798e+01
   8.0656090e+01  -6.0407801e+01
   8.0656477e+01  -6.0409800e+01
   8.0656863e+01  -6.0411796e+01
   8.0657249e+01  -6.0413789e+01
   8.0657636e+01  -6.0415779e+01
   8.0658023e+01  -6.0417766e+01
   8.0658410e+01  -6.0419750e+01
   8.0658797e+01  -6.0421730e+01
   8.0659184e+01  -6.0423707e+01
   8.0659571e+01  -6.0425680e+01
   8.0659959e+01  -6.0427651e+01
   8.0660347e+01  -6.0429618e+01
   8.0660734e+01  -6.0431583e+01
   8.0661122e+01  -6.0433544e+01
   8.0661510e+01  -6.0435503e+01
   8.0661898e+01  -6.0437458e+01
   8.0662287e+01  -6.0439411e+01
   8.0662675e+01  -6.0441360e+01
   8.0663064e+01  -6.0443306e+01
   8.0663452e+01  -6.0445248e+01
   8.0663841e+01  -6.0447186e+01
   8.0664231e+01  -6.0449119e+01
   8.0664620e+01  -6.0451046e+01
   8.0665010e+01  -6.0452968e+01
   8.0665399e+01  -6.0454885e+01
   8.0665790e+01  -6.0456796e+01
   8.0666180e+01  -6.0458702e+01
   8.0666570e+01  -6.0460603e+01
   8.0666961e+01  -6.0462499e+01
   8.0667352e+01  -6.0464389e+01
   8.0667743e+01  -6.0466277e+01
   8.0668135e+01  -6.0468163e+01
   8.0668526e+01  -6.0470047e+01
   8.0668917e+01  -6.0471928e+01
   8.0669309e+01  -6.0473808e+01
   8.0669701e+01  -6.0475685e+01
   8.0670092e+01  -6.0477561e+01
   8.0670484e+01  -6.0479434e+01
   8.0670876e+01  -6.0481306e+01
   8.0671268e+01  -6.0483176e+01
   8.0671660e+01  -6.0485042e+01
   8.0672052e+01  -6.0486904e+01
   8.0672445e+01  -6.0488761e+01
   8.0672837e+01  -6.0490614e+01
   8.0673230e+01  -6.0492462e+01
   8.0673623e+01  -6.0494306e+01
   8.0674017e+01  -6.0496146e+01
   8.0674410e+01  -6.0497981e+01
   8.0674804e+01  -6.0499811e+01
   8.0675198e+01  -6.0501636e+01
   8.0675592e+01  -6.0503458e+01
   8.0675986e+01  -6.0505277e+01
   8.0676380e+01  -6.0507092e+01
   8.0676775e+01  -6.0508903e+01
   8.0677169e+01  -6.0510711e+01
   8.0677564e+01  -6.0512516e+01
   8.0677959e+01  -6.0514318e+01
   8.0678354e+01  -6.0516116e+01
   8.0678750e+01  -6.0517910e+01
   8.0679145e+01  -6.0519702e+01
   8.0679541e+01  -6.0521490e+01
   8.0679936e+01  -6.0523275e+01
   8.0680332e+01  -6.0525057e+01
   8.0680728e+01  -6.0526836e+01
   8.0681124e+01  -6.0528611e+01
   8.0681520e+01  -6.0530383e+01
   8.0681917e+01  -6.0532152e+01
   8.0682313e+01  -6.0533917e+01
   8.0682710e+01  -6.0535679e+01
   8.0683107e+01  -6.0537437e+01
   8.0683504e+01  -6.0539192e+01
   8.0683901e+01  -6.0540943e+01
   8.0684299e+01  -6.0542691e+01
   8.0684696e+01  -6.0544435e+01
   8.0685094e+01  -6.0546176e+01
   8.0685492e+01  -6.0547914e+01
   8.0685890e+01  -6.0549648e+01
   8.0686288e+01  -6.0551379e+01
   8.0686686e+01  -6.0553106e+01
   8.0687084e+01  -6.0554830e+01
   8.0687483e+01  -6.0556551e+01
   8.0687882e+01  -6.0558269e+01
   8.0688280e+01  -6.0559984e+01
   8.0688679e+01  -6.0561696e+01
   8.0689078e+01  -6.0563406e+01
   8.0689478e+01  -6.0565112e+01
   8.0689877e+01  -6.0566815e+01
   8.0690276e+01  -6.0568515e+01
   8.0690676e+01  -6.0570211e+01
   8.0691076e+01  -6.0571905e+01
   8.0691476e+01  -6.0573596e+01
   8.0691876e+01  -6.0575284e+01
   8.0692276e+01  -6.0576970e+01
   8.0692676e+01  -6.0578654e+01
   8.0693076e+01  -6.0580335e+01
   8.0693477e+01  -6.0582014e+01
   8.0693877e+01  -6.0583690e+01
   8.0694278e+01  -6.0585365e+01
   8.0694679e+01  -6.0587037e+01
   8.0695079e+01  -6.0588707e+01
   8.0695480e+01  -6.0590374e+01
   8.0695882e+01  -6.0592038e+01
   8.0696283e+01  -6.0593699e+01
   8.0696684e+01  -6.0595357e+01
   8.0697086e+01  -6.0597012e+01
   8.0697487e+01  -6.0598664e+01
   8.0697889e+01  -6.0600313e+01
   8.0698291e+01  -6.0601959e+01
   8.0698693e+01  -6.0603602e+01
   8.0699095e+01  -6.0605242e+01
   8.0699497e+01  -6.0606878e+01
   8.0699900e+01  -6.0608512e+01
   8.0700302e+01  -6.0610143e+01
   8.0700705e+01  -6.0611771e+01
   8.0701108e+01  -6.0613398e+01
   8.0701511e+01  -6.0615021e+01
   8.0701914e+01  -6.0616642e+01
   8.0702317e+01  -6.0618261e+01
   8.0702720e+01  -6.0619878e+01
   8.0703123e+01  -6.0621493e+01
   8.0703527e+01  -6.0623106e+01
   8.0703930e+01  -6.0624717e+01
   8.0704334e+01  -6.0626326e+01
   8.0704737e+01  -6.0627933e+01
   8.0705141e+01  -6.0629538e+01
   8.0705545e+01  -6.0631141e+01
   8.0705949e+01  -6.0632741e+01
   8.0706353e+01  -6.0634340e+01
   8.0706757e+01  -6.0635936e+01
   8.0707161e+01  -6.0637531e+01
   8.0707566e+01  -6.0639122e+01
   8.0707970e+01  -6.0640711e+01
   8.0708375e+01  -6.0642297e+01
   8.0708779e+01  -6.0643881e+01
   8.0709184e+01  -6.0645462e+01
   8.0709589e+01  -6.0647041e+01
   8.0709994e+01  -6.0648616e+01
   8.0710399e+01  -6.0650189e+01
   8.0710804e+01  -6.0651760e+01
   8.0711210e+01  -6.0653327e+01
   8.0711615e+01  -6.0654891e+01
   8.0712021e+01  -6.0656453e+01
   8.0712427e+01  -6.0658011e+01
   8.0712833e+01  -6.0659567e+01
   8.0713239e+01  -6.0661119e+01
   8.0713645e+01  -6.0662669e+01
   8.0714052e+01  -6.0664217e+01
   8.0714458e+01  -6.0665761e+01
   8.0714865e+01  -6.0667303e+01
   8.0715271e+01  -6.0668842e+01
   8.0715678e+01  -6.0670379e+01
   8.0716085e+01  -6.0671912e+01
   8.0716492e+01  -6.0673443e+01
   8.0716899e+01  -6.0674971e+01
   8.0717307e+01  -6.0676496e+01
   8.0717714e+01  -6.0678018e+01
   8.0718122e+01  -6.0679537e+01
   8.0718529e+01  -6.0681053e+01
   8.0718937e+01  -6.0682566e+01
   8.0719345e+01  -6.0684075e+01
   8.0719754e+01  -6.0685582e+01
   8.0720162e+01  -6.0687085e+01
   8.0720570e+01  -6.0688585e+01
   8.0720979e+01  -6.0690082e+01
   8.0721388e+01  -6.0691576e+01
   8.0721797e+01  -6.0693067e+01
   8.0722206e+01  -6.0694554e+01
   8.0722615e+01  -6.0696039e+01
   8.0723024e+01  -6.0697520e+01
   8.0723433e+01  -6.0698999e+01
   8.0723843e+01  -6.0700475e+01
   8.0724253e+01  -6.0701949e+01
   8.0724662e+01  -6.0703422e+01
   8.0725072e+01  -6.0704892e+01
   8.0725482e+01  -6.0706360e+01
   8.0725892e+01  -6.0707825e+01
   8.0726302e+01  -6.0709288e+01
   8.0726713e+01  -6.0710749e+01
   8.0727123e+01  -6.0712207e+01
   8.0727533e+01  -6.0713662e+01
   8.0727944e+01  -6.0715115e+01
   8.0728355e+01  -6.0716566e+01
   8.0728765e+01  -6.0718015e+01
   8.0729176e+01  -6.0719461e+01
   8.0729587e+01  -6.0720905e+01
   8.0729998e+01  -6.0722347e+01
   8.0730410e+01  -6.0723788e+01
   8.0730821e+01  -6.0725226e+01
   8.0731232e+01  -6.0726662e+01
   8.0731644e+01  -6.0728097e+01
   8.0732055e+01  -6.0729529e+01
   8.0732467e+01  -6.0730958e+01
   8.0732879e+01  -6.0732386e+01
   8.0733291e+01  -6.0733811e+01
   8.0733702e+01  -6.0735234e+01
   8.0734115e+01  -6.0736655e+01
   8.0734527e+01  -6.0738074e+01
   8.0734939e+01  -6.0739490e+01
   8.0735351e+01  -6.0740905e+01
   8.0735764e+01  -6.0742318e+01
   8.0736176e+01  -6.0743729e+01
   8.0736589e+01  -6.0745137e+01
   8.0737002e+01  -6.0746542e+01
   8.0737415e+01  -6.0747944e+01
   8.0737828e+01  -6.0749343e+01
   8.0738241e+01  -6.0750740e+01
   8.0738654e+01  -6.0752134e+01
   8.0739067e+01  -6.0753525e+01
   8.0739481e+01  -6.0754913e+01
   8.0739895e+01  -6.0756299e+01
   8.0740308e+01  -6.0757681e+01
   8.0740722e+01  -6.0759060e+01
   8.0741137e+01  -6.0760435e+01
   8.0741551e+01  -6.0761806e+01
   8.0741965e+01  -6.0763174e+01
   8.0742380e+01  -6.0764538e+01
   8.0742795e+01  -6.0765898e+01
   8.0743210e+01  -6.0767254e+01
   8.0743625e+01  -6.0768606e+01
   8.0744040e+01  -6.0769955e+01
   8.0744456e+01  -6.0771301e+01
   8.0744871e+01  -6.0772645e+01
   8.0745287e+01  -6.0773986e+01
   8.0745703e+01  -6.0775324e+01
   8.0746119e+01  -6.0776660e+01
   8.0746535e+01  -6.0777993e+01
   8.0746951e+01  -6.0779323e+01
   8.0747367e+01  -6.0780651e+01
   8.0747784e+01  -6.0781976e+01
   8.0748200e+01  -6.0783298e+01
   8.0748617e+01  -6.0784618e+01
   8.0749034e+01  -6.0785937e+01
   8.0749451e+01  -6.0787253e+01
   8.0749868e+01  -6.0788567e+01
   8.0750285e+01  -6.0789880e+01
   8.0750702e+01  -6.0791191e+01
   8.0751119e+01  -6.0792500e+01
   8.0751536e+01  -6.0793807e+01
   8.0751953e+01  -6.0795112e+01
   8.0752371e+01  -6.0796416e+01
   8.0752788e+01  -6.0797717e+01
   8.0753206e+01  -6.0799016e+01
   8.0753624e+01  -6.0800312e+01
   8.0754042e+01  -6.0801606e+01
   8.0754459e+01  -6.0802897e+01
   8.0754878e+01  -6.0804186e+01
   8.0755296e+01  -6.0805473e+01
   8.0755714e+01  -6.0806757e+01
   8.0756132e+01  -6.0808039e+01
   8.0756551e+01  -6.0809319e+01
   8.0756970e+01  -6.0810596e+01
   8.0757388e+01  -6.0811872e+01
   8.0757807e+01  -6.0813145e+01
   8.0758226e+01  -6.0814417e+01
   8.0758645e+01  -6.0815687e+01
   8.0759064e+01  -6.0816955e+01
   8.0759483e+01  -6.0818221e+01
   8.0759902e+01  -6.0819486e+01
   8.0760322e+01  -6.0820748e+01
   8.0760741e+01  -6.0822009e+01
   8.0761160e+01  -6.0823268e+01
   8.0761580e+01  -6.0824525e+01
   8.0762000e+01  -6.0825780e+01
   8.0762419e+01  -6.0827033e+01
   8.0762839e+01  -6.0828284e+01
   8.0763259e+01  -6.0829533e+01
   8.0763679e+01  -6.0830780e+01
   8.0764099e+01  -6.0832024e+01
   8.0764519e+01  -6.0833267e+01
   8.0764940e+01  -6.0834507e+01
   8.0765360e+01  -6.0835744e+01
   8.0765781e+01  -6.0836980e+01
   8.0766201e+01  -6.0838214e+01
   8.0766622e+01  -6.0839445e+01
   8.0767043e+01  -6.0840674e+01
   8.0767464e+01  -6.0841901e+01
   8.0767885e+01  -6.0843125e+01
   8.0768306e+01  -6.0844348e+01
   8.0768727e+01  -6.0845568e+01
   8.0769149e+01  -6.0846786e+01
   8.0769570e+01  -6.0848002e+01
   8.0769992e+01  -6.0849215e+01
   8.0770413e+01  -6.0850426e+01
   8.0770835e+01  -6.0851635e+01
   8.0771257e+01  -6.0852841e+01
   8.0771679e+01  -6.0854045e+01
   8.0772101e+01  -6.0855248e+01
   8.0772523e+01  -6.0856448e+01
   8.0772945e+01  -6.0857646e+01
   8.0773368e+01  -6.0858842e+01
   8.0773790e+01  -6.0860036e+01
   8.0774213e+01  -6.0861229e+01
   8.0774635e+01  -6.0862420e+01
   8.0775058e+01  -6.0863609e+01
   8.0775481e+01  -6.0864796e+01
   8.0775904e+01  -6.0865982e+01
   8.0776327e+01  -6.0867166e+01
   8.0776750e+01  -6.0868349e+01
   8.0777173e+01  -6.0869530e+01
   8.0777596e+01  -6.0870709e+01
   8.0778019e+01  -6.0871886e+01
   8.0778442e+01  -6.0873061e+01
   8.0778866e+01  -6.0874235e+01
   8.0779289e+01  -6.0875407e+01
   8.0779713e+01  -6.0876578e+01
   8.0780136e+01  -6.0877746e+01
   8.0780560e+01  -6.0878913e+01
   8.0780984e+01  -6.0880078e+01
   8.0781408e+01  -6.0881241e+01
   8.0781832e+01  -6.0882402e+01
   8.0782256e+01  -6.0883562e+01
   8.0782680e+01  -6.0884720e+01
   8.0783104e+01  -6.0885876e+01
   8.0783528e+01  -6.0887031e+01
   8.0783953e+01  -6.0888183e+01
   8.0784377e+01  -6.0889335e+01
   8.0784802e+01  -6.0890484e+01
   8.0785226e+01  -6.0891632e+01
   8.0785651e+01  -6.0892778e+01
   8.0786076e+01  -6.0893923e+01
   8.0786500e+01  -6.0895066e+01
   8.0786925e+01  -6.0896207e+01
   8.0787350e+01  -6.0897347e+01
   8.0787775e+01  -6.0898484e+01
   8.0788201e+01  -6.0899620e+01
   8.0788626e+01  -6.0900754e+01
   8.0789051e+01  -6.0901887e+01
   8.0789476e+01  -6.0903017e+01
   8.0789902e+01  -6.0904146e+01
   8.0790328e+01  -6.0905273e+01
   8.0790753e+01  -6.0906398e+01
   8.0791179e+01  -6.0907522e+01
   8.0791605e+01  -6.0908645e+01
   8.0792030e+01  -6.0909766e+01
   8.0792456e+01  -6.0910886e+01
   8.0792882e+01  -6.0912005e+01
   8.0793308e+01  -6.0913122e+01
   8.0793734e+01  -6.0914238e+01
   8.0794161e+01  -6.0915352e+01
   8.0794587e+01  -6.0916464e+01
   8.0795013e+01  -6.0917575e+01
   8.0795440e+01  -6.0918684e+01
   8.0795866e+01  -6.0919790e+01
   8.0796293e+01  -6.0920895e+01
   8.0796719e+01  -6.0921997e+01
   8.0797146e+01  -6.0923098e+01
   8.0797573e+01  -6.0924197e+01
   8.0798000e+01  -6.0925293e+01
   8.0798427e+01  -6.0926388e+01
   8.0798854e+01  -6.0927481e+01
   8.0799281e+01  -6.0928573e+01
   8.0799709e+01  -6.0929663e+01
   8.0800136e+01  -6.0930751e+01
   8.0800563e+01  -6.0931838e+01
   8.0800991e+01  -6.0932923e+01
   8.0801419e+01  -6.0934006e+01
   8.0801846e+01  -6.0935088e+01
   8.0802274e+01  -6.0936168e+01
   8.0802702e+01  -6.0937247e+01
   8.0803130e+01  -6.0938324e+01
   8.0803558e+01  -6.0939399e+01
   8.0803986e+01  -6.0940473e+01
   8.0804414e+01  -6.0941545e+01
   8.0804842e+01  -6.0942616e+01
   8.0805270e+01  -6.0943685e+01
   8.0805699e+01  -6.0944752e+01
   8.0806127e+01  -6.0945818e+01
   8.0806555e+01  -6.0946883e+01
   8.0806984e+01  -6.0947946e+01
   8.0807413e+01  -6.0949008e+01
   8.0807841e+01  -6.0950068e+01
   8.0808270e+01  -6.0951127e+01
   8.0808699e+01  -6.0952184e+01
   8.0809128e+01  -6.0953240e+01
   8.0809557e+01  -6.0954295e+01
   8.0809986e+01  -6.0955348e+01
   8.0810415e+01  -6.0956400e+01
   8.0810844e+01  -6.0957450e+01
   8.0811273e+01  -6.0958499e+01
   8.0811702e+01  -6.0959547e+01
   8.0812132e+01  -6.0960593e+01
   8.0812561e+01  -6.0961638e+01
   8.0812990e+01  -6.0962682e+01
   8.0813420e+01  -6.0963725e+01
   8.0813849e+01  -6.0964766e+01
   8.0814279e+01  -6.0965806e+01
   8.0814709e+01  -6.0966845e+01
   8.0815138e+01  -6.0967883e+01
   8.0815568e+01  -6.0968919e+01
   8.0815998e+01  -6.0969955e+01
   8.0816428e+01  -6.0970989e+01
   8.0816858e+01  -6.0972022e+01
   8.0817288e+01  -6.0973055e+01
   8.0817718e+01  -6.0974086e+01
   8.0818148e+01  -6.0975117e+01
   8.0818578e+01  -6.0976147e+01
   8.0819008e+01  -6.0977176e+01
   8.0819438e+01  -6.0978204e+01
   8.0819869e+01  -6.0979231e+01
   8.0820299e+01  -6.0980257e+01
   8.0820729e+01  -6.0981282e+01
   8.0821160e+01  -6.0982305e+01
   8.0821590e+01  -6.0983327e+01
   8.0822021e+01  -6.0984348e+01
   8.0822451e+01  -6.0985367e+01
   8.0822882e+01  -6.0986385e+01
   8.0823313e+01  -6.0987402e+01
   8.0823743e+01  -6.0988417e+01
   8.0824174e+01  -6.0989430e+01
   8.0824605e+01  -6.0990443e+01
   8.0825036e+01  -6.0991454e+01
   8.0825467e+01  -6.0992464e+01
   8.0825898e+01  -6.0993474e+01
   8.0826329e+01  -6.0994483e+01
   8.0826761e+01  -6.0995491e+01
   8.0827192e+01  -6.0996498e+01
   8.0827623e+01  -6.0997504e+01
   8.0828054e+01  -6.0998510e+01
   8.0828485e+01  -6.0999515e+01
   8.0828917e+01  -6.1000519e+01
   8.0829348e+01  -6.1001522e+01
   8.0829780e+01  -6.1002524e+01
   8.0830211e+01  -6.1003525e+01
   8.0830643e+01  -6.1004525e+01
   8.0831074e+01  -6.1005524e+01
   8.0831506e+01  -6.1006523e+01
   8.0831937e+01  -6.1007520e+01
   8.0832369e+01  -6.1008517e+01
   8.0832801e+01  -6.1009512e+01
   8.0833232e+01  -6.1010507e+01
   8.0833664e+01  -6.1011501e+01
   8.0834096e+01  -6.1012495e+01
   8.0834528e+01  -6.1013488e+01
   8.0834960e+01  -6.1014481e+01
   8.0835392e+01  -6.1015474e+01
   8.0835823e+01  -6.1016467e+01
   8.0836255e+01  -6.1017459e+01
   8.0836687e+01  -6.1018450e+01
   8.0837119e+01  -6.1019441e+01
   8.0837551e+01  -6.1020432e+01
   8.0837983e+01  -6.1021423e+01
   8.0838415e+01  -6.1022414e+01
   8.0838847e+01  -6.1023405e+01
   8.0839279e+01  -6.1024396e+01
   8.0839711e+01  -6.1025387e+01
   8.0840143e+01  -6.1026378e+01
   8.0840575e+01  -6.1027369e+01
   8.0841007e+01  -6.1028360e+01
   8.0841439e+01  -6.1029351e+01
   8.0841871e+01  -6.1030342e+01
   8.0842303e+01  -6.1031334e+01
   8.0842735e+01  -6.1032326e+01
   8.0843167e+01  -6.1033319e+01
   8.0843598e+01  -6.1034313e+01
   8.0844030e+01  -6.1035307e+01
   8.0844462e+01  -6.1036302e+01
   8.0844894e+01  -6.1037298e+01
   8.0845326e+01  -6.1038294e+01
   8.0845757e+01  -6.1039291e+01
   8.0846189e+01  -6.1040289e+01
   8.0846621e+01  -6.1041287e+01
   8.0847052e+01  -6.1042286e+01
   8.0847484e+01  -6.1043286e+01
   8.0847915e+01  -6.1044287e+01
   8.0848347e+01  -6.1045289e+01
   8.0848778e+01  -6.1046291e+01
   8.0849210e+01  -6.1047294e+01
   8.0849641e+01  -6.1048298e+01
   8.0850073e+01  -6.1049302e+01
   8.0850504e+01  -6.1050308e+01
   8.0850935e+01  -6.1051313e+01
   8.0851367e+01  -6.1052319e+01
   8.0851798e+01  -6.1053324e+01
   8.0852229e+01  -6.1054330e+01
   8.0852661e+01  -6.1055335e+01
   8.0853092e+01  -6.1056341e+01
   8.0853523e+01  -6.1057347e+01
   8.0853955e+01  -6.1058353e+01
   8.0854386e+01  -6.1059359e+01
   8.0854817e+01  -6.1060366e+01
   8.0855249e+01  -6.1061372e+01
   8.0855680e+01  -6.1062379e+01
   8.0856111e+01  -6.1063387e+01
   8.0856543e+01  -6.1064395e+01
   8.0856974e+01  -6.1065403e+01
   8.0857405e+01  -6.1066412e+01
   8.0857836e+01  -6.1067422e+01
   8.0858267e+01  -6.1068432e+01
   8.0858699e+01  -6.1069442e+01
   8.0859130e+01  -6.1070453e+01
   8.0859561e+01  -6.1071464e+01
   8.0859992e+01  -6.1072475e+01
   8.0860423e+01  -6.1073487e+01
   8.0860854e+01  -6.1074499e+01
   8.0861285e+01  -6.1075511e+01
   8.0861716e+01  -6.1076523e+01
   8.0862147e+01  -6.1077536e+01
   8.0862578e+01  -6.1078549e+01
   8.0863010e+01  -6.1079562e+01
   8.0863441e+01  -6.1080575e+01
   8.0863872e+01  -6.1081589e+01
   8.0864303e+01  -6.1082603e+01
   8.0864734e+01  -6.1083617e+01
   8.0865165e+01  -6.1084632e+01
   8.0865596e+01  -6.1085647e+01
   8.0866027e+01  -6.1086662e+01
   8.0866457e+01  -6.1087678e+01
   8.0866888e+01  -6.1088694e+01
   8.0867319e+01  -6.1089710e+01
   8.0867750e+01  -6.1090727e+01
   8.0868181e+01  -6.1091744e+01
   8.0868612e+01  -6.1092761e+01
   8.0869043e+01  -6.1093779e+01
   8.0869474e+01  -6.1094797e+01
   8.0869905e+01  -6.1095815e+01
   8.0870335e+01  -6.1096834e+01
   8.0870766e+01  -6.1097854e+01
   8.0871197e+01  -6.1098874e+01
   8.0871628e+01  -6.1099894e+01
   8.0872058e+01  -6.1100914e+01
   8.0872489e+01  -6.1101936e+01
   8.0872920e+01  -6.1102958e+01
   8.0873351e+01  -6.1103980e+01
   8.0873781e+01  -6.1105003e+01
   8.0874212e+01  -6.1106027e+01
   8.0874642e+01  -6.1107052e+01
   8.0875073e+01  -6.1108077e+01
   8.0875503e+01  -6.1109102e+01
   8.0875934e+01  -6.1110128e+01
   8.0876364e+01  -6.1111155e+01
   8.0876795e+01  -6.1112183e+01
   8.0877225e+01  -6.1113211e+01
   8.0877656e+01  -6.1114240e+01
   8.0878086e+01  -6.1115269e+01
   8.0878516e+01  -6.1116299e+01
   8.0878947e+01  -6.1117330e+01
   8.0879377e+01  -6.1118361e+01
   8.0879807e+01  -6.1119392e+01
   8.0880237e+01  -6.1120425e+01
   8.0880668e+01  -6.1121458e+01
   8.0881098e+01  -6.1122491e+01
   8.0881528e+01  -6.1123524e+01
   8.0881958e+01  -6.1124558e+01
   8.0882388e+01  -6.1125592e+01
   8.0882819e+01  -6.1126627e+01
   8.0883249e+01  -6.1127662e+01
   8.0883679e+01  -6.1128697e+01
   8.0884109e+01  -6.1129732e+01
   8.0884539e+01  -6.1130768e+01
   8.0884969e+01  -6.1131804e+01
   8.0885399e+01  -6.1132840e+01
   8.0885829e+01  -6.1133877e+01
   8.0886259e+01  -6.1134915e+01
   8.0886689e+01  -6.1135954e+01
   8.0887119e+01  -6.1136994e+01
   8.0887549e+01  -6.1138034e+01
   8.0887979e+01  -6.1139075e+01
   8.0888409e+01  -6.1140116e+01
   8.0888839e+01  -6.1141159e+01
   8.0889268e+01  -6.1142202e+01
   8.0889698e+01  -6.1143246e+01
   8.0890128e+01  -6.1144290e+01
   8.0890558e+01  -6.1145335e+01
   8.0890987e+01  -6.1146381e+01
   8.0891417e+01  -6.1147428e+01
   8.0891847e+01  -6.1148475e+01
   8.0892276e+01  -6.1149523e+01
   8.0892706e+01  -6.1150571e+01
   8.0893135e+01  -6.1151621e+01
   8.0893565e+01  -6.1152671e+01
   8.0893994e+01  -6.1153721e+01
   8.0894424e+01  -6.1154772e+01
   8.0894853e+01  -6.1155823e+01
   8.0895282e+01  -6.1156874e+01
   8.0895712e+01  -6.1157925e+01
   8.0896141e+01  -6.1158976e+01
   8.0896571e+01  -6.1160027e+01
   8.0897000e+01  -6.1161079e+01
   8.0897430e+01  -6.1162131e+01
   8.0897859e+01  -6.1163183e+01
   8.0898288e+01  -6.1164235e+01
   8.0898718e+01  -6.1165289e+01
   8.0899147e+01  -6.1166343e+01
   8.0899576e+01  -6.1167398e+01
   8.0900006e+01  -6.1168453e+01
   8.0900435e+01  -6.1169509e+01
   8.0900864e+01  -6.1170566e+01
   8.0901293e+01  -6.1171624e+01
   8.0901722e+01  -6.1172682e+01
   8.0902152e+01  -6.1173741e+01
   8.0902581e+01  -6.1174801e+01
   8.0903010e+01  -6.1175861e+01
   8.0903439e+01  -6.1176921e+01
   8.0903868e+01  -6.1177982e+01
   8.0904297e+01  -6.1179043e+01
   8.0904726e+01  -6.1180105e+01
   8.0905155e+01  -6.1181167e+01
   8.0905584e+01  -6.1182230e+01
   8.0906013e+01  -6.1183293e+01
   8.0906442e+01  -6.1184356e+01
   8.0906870e+01  -6.1185420e+01
   8.0907299e+01  -6.1186484e+01
   8.0907728e+01  -6.1187548e+01
   8.0908157e+01  -6.1188612e+01
   8.0908586e+01  -6.1189676e+01
   8.0909015e+01  -6.1190740e+01
   8.0909444e+01  -6.1191805e+01
   8.0909873e+01  -6.1192870e+01
   8.0910302e+01  -6.1193935e+01
   8.0910730e+01  -6.1195000e+01
   8.0911159e+01  -6.1196065e+01
   8.0911588e+01  -6.1197131e+01
   8.0912017e+01  -6.1198198e+01
   8.0912446e+01  -6.1199266e+01
   8.0912874e+01  -6.1200334e+01
   8.0913303e+01  -6.1201403e+01
   8.0913732e+01  -6.1202473e+01
   8.0914160e+01  -6.1203543e+01
   8.0914589e+01  -6.1204614e+01
   8.0915018e+01  -6.1205686e+01
   8.0915446e+01  -6.1206758e+01
   8.0915875e+01  -6.1207831e+01
   8.0916303e+01  -6.1208903e+01
   8.0916732e+01  -6.1209977e+01
   8.0917160e+01  -6.1211051e+01
   8.0917589e+01  -6.1212125e+01
   8.0918017e+01  -6.1213200e+01
   8.0918446e+01  -6.1214275e+01
   8.0918874e+01  -6.1215350e+01
   8.0919302e+01  -6.1216427e+01
   8.0919731e+01  -6.1217503e+01
   8.0920159e+01  -6.1218580e+01
   8.0920587e+01  -6.1219658e+01
   8.0921016e+01  -6.1220736e+01
   8.0921444e+01  -6.1221815e+01
   8.0921872e+01  -6.1222894e+01
   8.0922301e+01  -6.1223973e+01
   8.0922729e+01  -6.1225054e+01
   8.0923157e+01  -6.1226134e+01
   8.0923585e+01  -6.1227216e+01
   8.0924013e+01  -6.1228297e+01
   8.0924441e+01  -6.1229378e+01
   8.0924870e+01  -6.1230460e+01
   8.0925298e+01  -6.1231541e+01
   8.0925726e+01  -6.1232622e+01
   8.0926154e+01  -6.1233704e+01
   8.0926582e+01  -6.1234785e+01
   8.0927011e+01  -6.1235866e+01
   8.0927439e+01  -6.1236948e+01
   8.0927867e+01  -6.1238029e+01
   8.0928295e+01  -6.1239111e+01
   8.0928723e+01  -6.1240194e+01
   8.0929151e+01  -6.1241277e+01
   8.0929579e+01  -6.1242360e+01
   8.0930007e+01  -6.1243444e+01
   8.0930436e+01  -6.1244529e+01
   8.0930864e+01  -6.1245614e+01
   8.0931292e+01  -6.1246700e+01
   8.0931719e+01  -6.1247787e+01
   8.0932147e+01  -6.1248874e+01
   8.0932575e+01  -6.1249961e+01
   8.0933003e+01  -6.1251049e+01
   8.0933431e+01  -6.1252137e+01
   8.0933859e+01  -6.1253226e+01
   8.0934287e+01  -6.1254315e+01
   8.0934715e+01  -6.1255404e+01
   8.0935143e+01  -6.1256493e+01
   8.0935570e+01  -6.1257583e+01
   8.0935998e+01  -6.1258674e+01
   8.0936426e+01  -6.1259764e+01
   8.0936854e+01  -6.1260855e+01
   8.0937282e+01  -6.1261946e+01
   8.0937709e+01  -6.1263037e+01
   8.0938137e+01  -6.1264128e+01
   8.0938565e+01  -6.1265219e+01
   8.0938993e+01  -6.1266310e+01
   8.0939421e+01  -6.1267402e+01
   8.0939848e+01  -6.1268493e+01
   8.0940276e+01  -6.1269584e+01
   8.0940704e+01  -6.1270675e+01
   8.0941132e+01  -6.1271766e+01
   8.0941559e+01  -6.1272857e+01
   8.0941987e+01  -6.1273947e+01
   8.0942415e+01  -6.1275036e+01
   8.0942843e+01  -6.1276126e+01
   8.0943271e+01  -6.1277215e+01
   8.0943699e+01  -6.1278303e+01
   8.0944127e+01  -6.1279392e+01
   8.0944555e+01  -6.1280479e+01
   8.0944983e+01  -6.1281567e+01
   8.0945411e+01  -6.1282655e+01
   8.0945839e+01  -6.1283745e+01
   8.0946266e+01  -6.1284835e+01
   8.0946694e+01  -6.1285927e+01
   8.0947122e+01  -6.1287019e+01
   8.0947550e+01  -6.1288113e+01
   8.0947977e+01  -6.1289208e+01
   8.0948405e+01  -6.1290304e+01
   8.0948832e+01  -6.1291401e+01
   8.0949260e+01  -6.1292500e+01
   8.0949687e+01  -6.1293599e+01
   8.0950115e+01  -6.1294699e+01
   8.0950542e+01  -6.1295799e+01
   8.0950970e+01  -6.1296900e+01
   8.0951397e+01  -6.1298002e+01
   8.0951824e+01  -6.1299104e+01
   8.0952252e+01  -6.1300207e+01
   8.0952679e+01  -6.1301310e+01
   8.0953106e+01  -6.1302415e+01
   8.0953533e+01  -6.1303519e+01
   8.0953960e+01  -6.1304625e+01
   8.0954388e+01  -6.1305731e+01
   8.0954815e+01  -6.1306838e+01
   8.0955242e+01  -6.1307946e+01
   8.0955669e+01  -6.1309054e+01
   8.0956096e+01  -6.1310164e+01
   8.0956523e+01  -6.1311274e+01
   8.0956950e+01  -6.1312385e+01
   8.0957377e+01  -6.1313496e+01
