   6.1394090e+01  -4.5670413e+01
   6.1393833e+01  -4.5671313e+01
   6.1393565e+01  -4.5672213e+01
   6.1393285e+01  -4.5673112e+01
   6.1392993e+01  -4.5674010e+01
   6.1392688e+01  -4.5674909e+01
   6.1392369e+01  -4.5675807e+01
   6.1392038e+01  -4.5676705e+01
   6.1391692e+01  -4.5677602e+01
   6.1391332e+01  -4.5678499e+01
   6.1390958e+01  -4.5679396e+01
   6.1390569e+01  -4.5680292e+01
   6.1390170e+01  -4.5681188e+01
   6.1389762e+01  -4.5682084e+01
   6.1389343e+01  -4.5682979e+01
   6.1388916e+01  -4.5683875e+01
   6.1388483e+01  -4.5684770e+01
   6.1388043e+01  -4.5685662e+01
   6.1387604e+01  -4.5686538e+01
   6.1387164e+01  -4.5687401e+01
   6.1386725e+01  -4.5688250e+01
   6.1386286e+01  -4.5689085e+01
   6.1385847e+01  -4.5689917e+01
   6.1385407e+01  -4.5690746e+01
   6.1384968e+01  -4.5691573e+01
   6.1384529e+01  -4.5692404e+01
   6.1384090e+01  -4.5693242e+01
   6.1383650e+01  -4.5694087e+01
   6.1383211e+01  -4.5694941e+01
   6.1382771e+01  -4.5695804e+01
   6.1382332e+01  -4.5696677e+01
   6.1381892e+01  -4.5697562e+01
   6.1381455e+01  -4.5698456e+01
   6.1381028e+01  -4.5699351e+01
   6.1380609e+01  -4.5700246e+01
   6.1380201e+01  -4.5701141e+01
   6.1379802e+01  -4.5702036e+01
   6.1379413e+01  -4.5702932e+01
   6.1379034e+01  -4.5703828e+01
   6.1378663e+01  -4.5704724e+01
   6.1378301e+01  -4.5705620e+01
   6.1377949e+01  -4.5706516e+01
   6.1377605e+01  -4.5707413e+01
   6.1377270e+01  -4.5708310e+01
   6.1376945e+01  -4.5709207e+01
   6.1376629e+01  -4.5710104e+01
   6.1376321e+01  -4.5711002e+01
   6.1376021e+01  -4.5711899e+01
   6.1375728e+01  -4.5712797e+01
   6.1375442e+01  -4.5713695e+01
   6.1375162e+01  -4.5714593e+01
   6.1374888e+01  -4.5715491e+01
   6.1374619e+01  -4.5716390e+01
   6.1374352e+01  -4.5717288e+01
   6.1374088e+01  -4.5718187e+01
   6.1373827e+01  -4.5719085e+01
   6.1373568e+01  -4.5719984e+01
   6.1373311e+01  -4.5720882e+01
   6.1373056e+01  -4.5721781e+01
   6.1372802e+01  -4.5722680e+01
   6.1372550e+01  -4.5723578e+01
   6.1372300e+01  -4.5724477e+01
   6.1372050e+01  -4.5725376e+01
   6.1371800e+01  -4.5726274e+01
   6.1371549e+01  -4.5727173e+01
   6.1371295e+01  -4.5728072e+01
   6.1371041e+01  -4.5728970e+01
   6.1370784e+01  -4.5729869e+01
   6.1370525e+01  -4.5730767e+01
   6.1370265e+01  -4.5731665e+01
   6.1370001e+01  -4.5732564e+01
   6.1369735e+01  -4.5733462e+01
   6.1369466e+01  -4.5734360e+01
   6.1369193e+01  -4.5735258e+01
   6.1368916e+01  -4.5736155e+01
   6.1368636e+01  -4.5737053e+01
   6.1368351e+01  -4.5737951e+01
   6.1368061e+01  -4.5738848e+01
   6.1367768e+01  -4.5739745e+01
   6.1367469e+01  -4.5740642e+01
   6.1367166e+01  -4.5741539e+01
   6.1366858e+01  -4.5742436e+01
   6.1366544e+01  -4.5743333e+01
   6.1366225e+01  -4.5744229e+01
   6.1365901e+01  -4.5745126e+01
   6.1365570e+01  -4.5746022e+01
   6.1365234e+01  -4.5746918e+01
   6.1364890e+01  -4.5747813e+01
   6.1364540e+01  -4.5748709e+01
   6.1364182e+01  -4.5749604e+01
   6.1363816e+01  -4.5750499e+01
   6.1363441e+01  -4.5751394e+01
   6.1363057e+01  -4.5752288e+01
   6.1362664e+01  -4.5753183e+01
   6.1362261e+01  -4.5754077e+01
   6.1361846e+01  -4.5754970e+01
   6.1361418e+01  -4.5755863e+01
   6.1360978e+01  -4.5756752e+01
   6.1360538e+01  -4.5757609e+01
   6.1360099e+01  -4.5758434e+01
   6.1359659e+01  -4.5759227e+01
   6.1359220e+01  -4.5759989e+01
   6.1358781e+01  -4.5760720e+01
   6.1358342e+01  -4.5761423e+01
   6.1357903e+01  -4.5762082e+01
   6.1357465e+01  -4.5762700e+01
   6.1357027e+01  -4.5763281e+01
   6.1356589e+01  -4.5763829e+01
   6.1356151e+01  -4.5764349e+01
   6.1355714e+01  -4.5764844e+01
   6.1355276e+01  -4.5765316e+01
   6.1354839e+01  -4.5765769e+01
   6.1354402e+01  -4.5766205e+01
   6.1353965e+01  -4.5766628e+01
   6.1353528e+01  -4.5767053e+01
   6.1353091e+01  -4.5767479e+01
   6.1352653e+01  -4.5767903e+01
   6.1352216e+01  -4.5768323e+01
   6.1351779e+01  -4.5768738e+01
   6.1351342e+01  -4.5769146e+01
   6.1350905e+01  -4.5769544e+01
   6.1350468e+01  -4.5769931e+01
   6.1350032e+01  -4.5770307e+01
   6.1349595e+01  -4.5770672e+01
   6.1349158e+01  -4.5771030e+01
   6.1348722e+01  -4.5771378e+01
   6.1348285e+01  -4.5771719e+01
   6.1347848e+01  -4.5772052e+01
   6.1347412e+01  -4.5772376e+01
   6.1346976e+01  -4.5772692e+01
   6.1346539e+01  -4.5773000e+01
   6.1346103e+01  -4.5773299e+01
   6.1345667e+01  -4.5773591e+01
   6.1345230e+01  -4.5773875e+01
   6.1344794e+01  -4.5774149e+01
   6.1344358e+01  -4.5774416e+01
   6.1343922e+01  -4.5774673e+01
   6.1343486e+01  -4.5774922e+01
   6.1343050e+01  -4.5775163e+01
   6.1342614e+01  -4.5775395e+01
   6.1342179e+01  -4.5775618e+01
   6.1341743e+01  -4.5775833e+01
   6.1341307e+01  -4.5776039e+01
   6.1340871e+01  -4.5776237e+01
   6.1340436e+01  -4.5776427e+01
   6.1340000e+01  -4.5776611e+01
   6.1339565e+01  -4.5776787e+01
   6.1339129e+01  -4.5776957e+01
   6.1338694e+01  -4.5777121e+01
   6.1338259e+01  -4.5777278e+01
   6.1337823e+01  -4.5777429e+01
   6.1337388e+01  -4.5777575e+01
   6.1336953e+01  -4.5777714e+01
   6.1336517e+01  -4.5777847e+01
   6.1336082e+01  -4.5777976e+01
   6.1335647e+01  -4.5778102e+01
   6.1335212e+01  -4.5778223e+01
   6.1334777e+01  -4.5778340e+01
   6.1334342e+01  -4.5778453e+01
   6.1333907e+01  -4.5778562e+01
   6.1333472e+01  -4.5778668e+01
   6.1333037e+01  -4.5778770e+01
   6.1332602e+01  -4.5778869e+01
   6.1332167e+01  -4.5778964e+01
   6.1331732e+01  -4.5779058e+01
   6.1331297e+01  -4.5779151e+01
   6.1330862e+01  -4.5779243e+01
   6.1330427e+01  -4.5779335e+01
   6.1329992e+01  -4.5779426e+01
   6.1329557e+01  -4.5779516e+01
   6.1329122e+01  -4.5779605e+01
   6.1328687e+01  -4.5779694e+01
   6.1328252e+01  -4.5779782e+01
