   7.1758848e+01  -5.0357167e+01
   7.1758724e+01  -5.0358574e+01
   7.1758600e+01  -5.0359982e+01
   7.1758477e+01  -5.0361389e+01
   7.1758356e+01  -5.0362797e+01
   7.1758235e+01  -5.0364205e+01
   7.1758115e+01  -5.0365613e+01
   7.1757996e+01  -5.0367022e+01
   7.1757879e+01  -5.0368431e+01
   7.1757762e+01  -5.0369840e+01
   7.1757647e+01  -5.0371250e+01
   7.1757532e+01  -5.0372660e+01
   7.1757419e+01  -5.0374070e+01
   7.1757305e+01  -5.0375480e+01
   7.1757192e+01  -5.0376890e+01
   7.1757079e+01  -5.0378300e+01
   7.1756966e+01  -5.0379711e+01
   7.1756854e+01  -5.0381121e+01
   7.1756742e+01  -5.0382532e+01
   7.1756630e+01  -5.0383942e+01
   7.1756519e+01  -5.0385353e+01
   7.1756408e+01  -5.0386764e+01
   7.1756298e+01  -5.0388175e+01
   7.1756189e+01  -5.0389586e+01
   7.1756080e+01  -5.0390998e+01
   7.1755972e+01  -5.0392409e+01
   7.1755865e+01  -5.0393821e+01
   7.1755758e+01  -5.0395233e+01
   7.1755652e+01  -5.0396645e+01
   7.1755547e+01  -5.0398058e+01
   7.1755443e+01  -5.0399470e+01
   7.1755339e+01  -5.0400883e+01
   7.1755237e+01  -5.0402297e+01
   7.1755136e+01  -5.0403710e+01
   7.1755036e+01  -5.0405124e+01
   7.1754938e+01  -5.0406539e+01
   7.1754841e+01  -5.0407953e+01
   7.1754745e+01  -5.0409368e+01
   7.1754650e+01  -5.0410784e+01
   7.1754557e+01  -5.0412200e+01
   7.1754465e+01  -5.0413616e+01
   7.1754375e+01  -5.0415033e+01
   7.1754286e+01  -5.0416450e+01
   7.1754199e+01  -5.0417868e+01
   7.1754114e+01  -5.0419286e+01
   7.1754031e+01  -5.0420705e+01
   7.1753950e+01  -5.0422125e+01
   7.1753871e+01  -5.0423545e+01
   7.1753794e+01  -5.0424966e+01
   7.1753718e+01  -5.0426387e+01
   7.1753645e+01  -5.0427808e+01
   7.1753573e+01  -5.0429231e+01
   7.1753503e+01  -5.0430654e+01
   7.1753436e+01  -5.0432077e+01
   7.1753370e+01  -5.0433501e+01
   7.1753307e+01  -5.0434926e+01
   7.1753245e+01  -5.0436352e+01
   7.1753186e+01  -5.0437778e+01
   7.1753129e+01  -5.0439204e+01
   7.1753073e+01  -5.0440631e+01
   7.1753020e+01  -5.0442059e+01
   7.1752969e+01  -5.0443488e+01
   7.1752920e+01  -5.0444917e+01
   7.1752875e+01  -5.0446347e+01
   7.1752833e+01  -5.0447778e+01
   7.1752793e+01  -5.0449210e+01
   7.1752756e+01  -5.0450643e+01
   7.1752723e+01  -5.0452077e+01
   7.1752692e+01  -5.0453512e+01
   7.1752664e+01  -5.0454947e+01
   7.1752639e+01  -5.0456384e+01
   7.1752616e+01  -5.0457821e+01
   7.1752596e+01  -5.0459259e+01
   7.1752577e+01  -5.0460697e+01
   7.1752561e+01  -5.0462136e+01
   7.1752546e+01  -5.0463576e+01
   7.1752534e+01  -5.0465016e+01
   7.1752523e+01  -5.0466457e+01
   7.1752515e+01  -5.0467898e+01
   7.1752509e+01  -5.0469340e+01
   7.1752504e+01  -5.0470783e+01
   7.1752502e+01  -5.0472226e+01
   7.1752502e+01  -5.0473671e+01
   7.1752504e+01  -5.0475115e+01
   7.1752509e+01  -5.0476561e+01
   7.1752517e+01  -5.0478007e+01
   7.1752527e+01  -5.0479455e+01
   7.1752539e+01  -5.0480903e+01
   7.1752554e+01  -5.0482351e+01
   7.1752572e+01  -5.0483801e+01
   7.1752592e+01  -5.0485251e+01
   7.1752614e+01  -5.0486702e+01
   7.1752639e+01  -5.0488154e+01
   7.1752668e+01  -5.0489607e+01
   7.1752700e+01  -5.0491060e+01
   7.1752735e+01  -5.0492515e+01
   7.1752773e+01  -5.0493971e+01
   7.1752814e+01  -5.0495428e+01
   7.1752859e+01  -5.0496886e+01
   7.1752907e+01  -5.0498345e+01
   7.1752958e+01  -5.0499805e+01
   7.1753012e+01  -5.0501266e+01
   7.1753071e+01  -5.0502728e+01
   7.1753132e+01  -5.0504191e+01
   7.1753198e+01  -5.0505655e+01
   7.1753267e+01  -5.0507121e+01
   7.1753340e+01  -5.0508588e+01
   7.1753417e+01  -5.0510055e+01
   7.1753498e+01  -5.0511525e+01
   7.1753582e+01  -5.0512995e+01
   7.1753671e+01  -5.0514466e+01
   7.1753763e+01  -5.0515939e+01
   7.1753867e+01  -5.0517416e+01
   7.1753985e+01  -5.0518896e+01
   7.1754116e+01  -5.0520381e+01
   7.1754259e+01  -5.0521869e+01
   7.1754413e+01  -5.0523361e+01
   7.1754578e+01  -5.0524856e+01
   7.1754752e+01  -5.0526355e+01
   7.1754935e+01  -5.0527856e+01
   7.1755127e+01  -5.0529359e+01
   7.1755325e+01  -5.0530865e+01
   7.1755518e+01  -5.0532369e+01
   7.1755707e+01  -5.0533872e+01
   7.1755892e+01  -5.0535374e+01
   7.1756076e+01  -5.0536875e+01
   7.1756258e+01  -5.0538376e+01
   7.1756439e+01  -5.0539876e+01
   7.1756621e+01  -5.0541377e+01
   7.1756804e+01  -5.0542879e+01
   7.1756989e+01  -5.0544381e+01
   7.1757178e+01  -5.0545884e+01
   7.1757370e+01  -5.0547388e+01
   7.1757565e+01  -5.0548893e+01
   7.1757763e+01  -5.0550399e+01
   7.1757964e+01  -5.0551906e+01
   7.1758168e+01  -5.0553414e+01
   7.1758376e+01  -5.0554924e+01
   7.1758588e+01  -5.0556434e+01
   7.1758803e+01  -5.0557946e+01
   7.1759022e+01  -5.0559458e+01
   7.1759244e+01  -5.0560972e+01
   7.1759469e+01  -5.0562487e+01
   7.1759696e+01  -5.0564003e+01
   7.1759926e+01  -5.0565519e+01
   7.1760158e+01  -5.0567036e+01
   7.1760392e+01  -5.0568554e+01
   7.1760628e+01  -5.0570072e+01
   7.1760867e+01  -5.0571592e+01
   7.1761108e+01  -5.0573112e+01
   7.1761352e+01  -5.0574633e+01
   7.1761598e+01  -5.0576154e+01
   7.1761845e+01  -5.0577677e+01
   7.1762093e+01  -5.0579199e+01
   7.1762343e+01  -5.0580722e+01
   7.1762594e+01  -5.0582246e+01
   7.1762847e+01  -5.0583770e+01
   7.1763101e+01  -5.0585294e+01
   7.1763357e+01  -5.0586820e+01
   7.1763615e+01  -5.0588345e+01
   7.1763875e+01  -5.0589872e+01
   7.1764137e+01  -5.0591399e+01
   7.1764401e+01  -5.0592927e+01
   7.1764665e+01  -5.0594455e+01
   7.1764931e+01  -5.0595983e+01
   7.1765198e+01  -5.0597512e+01
   7.1765466e+01  -5.0599042e+01
   7.1765735e+01  -5.0600571e+01
   7.1766005e+01  -5.0602101e+01
   7.1766275e+01  -5.0603632e+01
   7.1766547e+01  -5.0605162e+01
   7.1766820e+01  -5.0606693e+01
   7.1767092e+01  -5.0608224e+01
   7.1767365e+01  -5.0609756e+01
   7.1767639e+01  -5.0611287e+01
   7.1767913e+01  -5.0612819e+01
   7.1768187e+01  -5.0614350e+01
   7.1768462e+01  -5.0615883e+01
   7.1768738e+01  -5.0617415e+01
   7.1769015e+01  -5.0618948e+01
   7.1769292e+01  -5.0620481e+01
   7.1769570e+01  -5.0622014e+01
   7.1769847e+01  -5.0623547e+01
   7.1770124e+01  -5.0625080e+01
   7.1770401e+01  -5.0626613e+01
   7.1770678e+01  -5.0628146e+01
   7.1770955e+01  -5.0629679e+01
   7.1771233e+01  -5.0631212e+01
   7.1771510e+01  -5.0632746e+01
   7.1771788e+01  -5.0634279e+01
   7.1772066e+01  -5.0635813e+01
   7.1772345e+01  -5.0637347e+01
   7.1772623e+01  -5.0638881e+01
   7.1772900e+01  -5.0640414e+01
   7.1773176e+01  -5.0641948e+01
   7.1773450e+01  -5.0643480e+01
   7.1773722e+01  -5.0645012e+01
   7.1773992e+01  -5.0646544e+01
   7.1774259e+01  -5.0648075e+01
   7.1774525e+01  -5.0649605e+01
   7.1774788e+01  -5.0651134e+01
   7.1775050e+01  -5.0652663e+01
   7.1775309e+01  -5.0654192e+01
   7.1775565e+01  -5.0655719e+01
   7.1775819e+01  -5.0657246e+01
   7.1776071e+01  -5.0658772e+01
   7.1776320e+01  -5.0660297e+01
   7.1776567e+01  -5.0661822e+01
   7.1776812e+01  -5.0663346e+01
   7.1777055e+01  -5.0664870e+01
   7.1777295e+01  -5.0666392e+01
   7.1777532e+01  -5.0667914e+01
   7.1777768e+01  -5.0669435e+01
   7.1778000e+01  -5.0670956e+01
   7.1778230e+01  -5.0672475e+01
   7.1778457e+01  -5.0673994e+01
   7.1778682e+01  -5.0675512e+01
   7.1778904e+01  -5.0677029e+01
   7.1779124e+01  -5.0678546e+01
   7.1779342e+01  -5.0680062e+01
   7.1779557e+01  -5.0681577e+01
   7.1779771e+01  -5.0683092e+01
   7.1779980e+01  -5.0684605e+01
   7.1780187e+01  -5.0686118e+01
   7.1780390e+01  -5.0687629e+01
   7.1780589e+01  -5.0689140e+01
   7.1780785e+01  -5.0690649e+01
   7.1780977e+01  -5.0692157e+01
   7.1781164e+01  -5.0693664e+01
   7.1781348e+01  -5.0695169e+01
   7.1781529e+01  -5.0696674e+01
   7.1781705e+01  -5.0698177e+01
   7.1781879e+01  -5.0699679e+01
   7.1782049e+01  -5.0701181e+01
   7.1782217e+01  -5.0702681e+01
   7.1782381e+01  -5.0704181e+01
   7.1782543e+01  -5.0705680e+01
   7.1782702e+01  -5.0707177e+01
   7.1782858e+01  -5.0708674e+01
   7.1783012e+01  -5.0710170e+01
   7.1783162e+01  -5.0711666e+01
   7.1783311e+01  -5.0713160e+01
   7.1783457e+01  -5.0714654e+01
   7.1783601e+01  -5.0716147e+01
   7.1783742e+01  -5.0717640e+01
   7.1783882e+01  -5.0719132e+01
   7.1784020e+01  -5.0720623e+01
   7.1784155e+01  -5.0722114e+01
   7.1784289e+01  -5.0723604e+01
   7.1784421e+01  -5.0725093e+01
   7.1784550e+01  -5.0726582e+01
   7.1784678e+01  -5.0728071e+01
   7.1784804e+01  -5.0729558e+01
   7.1784929e+01  -5.0731046e+01
   7.1785053e+01  -5.0732533e+01
   7.1785175e+01  -5.0734019e+01
   7.1785295e+01  -5.0735505e+01
   7.1785414e+01  -5.0736991e+01
   7.1785532e+01  -5.0738476e+01
   7.1785649e+01  -5.0739961e+01
   7.1785764e+01  -5.0741445e+01
   7.1785878e+01  -5.0742929e+01
   7.1785990e+01  -5.0744413e+01
   7.1786101e+01  -5.0745896e+01
   7.1786211e+01  -5.0747379e+01
   7.1786320e+01  -5.0748862e+01
   7.1786427e+01  -5.0750344e+01
   7.1786533e+01  -5.0751825e+01
   7.1786638e+01  -5.0753307e+01
   7.1786741e+01  -5.0754787e+01
   7.1786843e+01  -5.0756268e+01
   7.1786944e+01  -5.0757748e+01
   7.1787043e+01  -5.0759227e+01
   7.1787141e+01  -5.0760706e+01
   7.1787237e+01  -5.0762185e+01
   7.1787332e+01  -5.0763663e+01
   7.1787425e+01  -5.0765141e+01
   7.1787516e+01  -5.0766618e+01
   7.1787606e+01  -5.0768095e+01
   7.1787695e+01  -5.0769571e+01
   7.1787782e+01  -5.0771047e+01
   7.1787867e+01  -5.0772522e+01
   7.1787951e+01  -5.0773997e+01
   7.1788034e+01  -5.0775471e+01
   7.1788115e+01  -5.0776945e+01
   7.1788195e+01  -5.0778419e+01
   7.1788274e+01  -5.0779892e+01
   7.1788351e+01  -5.0781365e+01
   7.1788427e+01  -5.0782837e+01
   7.1788501e+01  -5.0784309e+01
   7.1788574e+01  -5.0785780e+01
   7.1788646e+01  -5.0787251e+01
   7.1788716e+01  -5.0788722e+01
   7.1788784e+01  -5.0790192e+01
   7.1788851e+01  -5.0791661e+01
   7.1788916e+01  -5.0793130e+01
   7.1788980e+01  -5.0794599e+01
   7.1789042e+01  -5.0796067e+01
   7.1789103e+01  -5.0797534e+01
   7.1789163e+01  -5.0799001e+01
   7.1789220e+01  -5.0800468e+01
   7.1789277e+01  -5.0801934e+01
   7.1789332e+01  -5.0803400e+01
   7.1789385e+01  -5.0804865e+01
   7.1789437e+01  -5.0806330e+01
   7.1789487e+01  -5.0807794e+01
   7.1789536e+01  -5.0809258e+01
   7.1789583e+01  -5.0810721e+01
   7.1789629e+01  -5.0812184e+01
   7.1789673e+01  -5.0813646e+01
   7.1789716e+01  -5.0815108e+01
   7.1789757e+01  -5.0816569e+01
   7.1789797e+01  -5.0818030e+01
   7.1789835e+01  -5.0819491e+01
   7.1789872e+01  -5.0820951e+01
   7.1789907e+01  -5.0822410e+01
   7.1789940e+01  -5.0823869e+01
   7.1789972e+01  -5.0825327e+01
   7.1790002e+01  -5.0826785e+01
   7.1790031e+01  -5.0828242e+01
   7.1790058e+01  -5.0829699e+01
   7.1790083e+01  -5.0831155e+01
   7.1790106e+01  -5.0832611e+01
   7.1790128e+01  -5.0834066e+01
   7.1790148e+01  -5.0835520e+01
   7.1790165e+01  -5.0836974e+01
   7.1790181e+01  -5.0838427e+01
   7.1790195e+01  -5.0839880e+01
   7.1790207e+01  -5.0841332e+01
   7.1790217e+01  -5.0842783e+01
   7.1790225e+01  -5.0844234e+01
   7.1790232e+01  -5.0845684e+01
   7.1790236e+01  -5.0847134e+01
   7.1790239e+01  -5.0848583e+01
   7.1790240e+01  -5.0850031e+01
   7.1790240e+01  -5.0851479e+01
   7.1790237e+01  -5.0852926e+01
   7.1790233e+01  -5.0854373e+01
   7.1790228e+01  -5.0855819e+01
   7.1790221e+01  -5.0857265e+01
   7.1790212e+01  -5.0858710e+01
   7.1790201e+01  -5.0860155e+01
   7.1790189e+01  -5.0861599e+01
   7.1790176e+01  -5.0863043e+01
   7.1790162e+01  -5.0864486e+01
   7.1790146e+01  -5.0865929e+01
   7.1790130e+01  -5.0867372e+01
   7.1790112e+01  -5.0868814e+01
   7.1790092e+01  -5.0870256e+01
   7.1790072e+01  -5.0871697e+01
   7.1790050e+01  -5.0873138e+01
   7.1790027e+01  -5.0874579e+01
   7.1790004e+01  -5.0876019e+01
   7.1789979e+01  -5.0877459e+01
   7.1789954e+01  -5.0878899e+01
   7.1789928e+01  -5.0880338e+01
   7.1789901e+01  -5.0881778e+01
   7.1789873e+01  -5.0883216e+01
   7.1789844e+01  -5.0884655e+01
   7.1789815e+01  -5.0886094e+01
   7.1789784e+01  -5.0887532e+01
   7.1789753e+01  -5.0888970e+01
   7.1789722e+01  -5.0890407e+01
   7.1789690e+01  -5.0891845e+01
   7.1789659e+01  -5.0893283e+01
   7.1789627e+01  -5.0894720e+01
   7.1789594e+01  -5.0896158e+01
   7.1789562e+01  -5.0897595e+01
   7.1789529e+01  -5.0899033e+01
   7.1789496e+01  -5.0900470e+01
   7.1789463e+01  -5.0901907e+01
   7.1789430e+01  -5.0903344e+01
   7.1789397e+01  -5.0904781e+01
   7.1789364e+01  -5.0906219e+01
   7.1789332e+01  -5.0907656e+01
   7.1789300e+01  -5.0909094e+01
   7.1789268e+01  -5.0910531e+01
   7.1789236e+01  -5.0911969e+01
   7.1789205e+01  -5.0913407e+01
   7.1789174e+01  -5.0914844e+01
   7.1789143e+01  -5.0916282e+01
   7.1789112e+01  -5.0917720e+01
   7.1789082e+01  -5.0919159e+01
   7.1789053e+01  -5.0920597e+01
   7.1789024e+01  -5.0922036e+01
   7.1788996e+01  -5.0923474e+01
   7.1788968e+01  -5.0924913e+01
   7.1788941e+01  -5.0926353e+01
   7.1788915e+01  -5.0927792e+01
   7.1788889e+01  -5.0929231e+01
   7.1788863e+01  -5.0930671e+01
   7.1788838e+01  -5.0932111e+01
   7.1788814e+01  -5.0933551e+01
   7.1788790e+01  -5.0934991e+01
   7.1788767e+01  -5.0936432e+01
   7.1788745e+01  -5.0937873e+01
   7.1788723e+01  -5.0939313e+01
   7.1788701e+01  -5.0940754e+01
   7.1788680e+01  -5.0942196e+01
   7.1788660e+01  -5.0943637e+01
   7.1788639e+01  -5.0945078e+01
   7.1788620e+01  -5.0946520e+01
   7.1788601e+01  -5.0947962e+01
   7.1788583e+01  -5.0949404e+01
   7.1788566e+01  -5.0950847e+01
   7.1788550e+01  -5.0952289e+01
   7.1788534e+01  -5.0953732e+01
   7.1788520e+01  -5.0955176e+01
   7.1788506e+01  -5.0956619e+01
   7.1788493e+01  -5.0958063e+01
   7.1788481e+01  -5.0959508e+01
   7.1788470e+01  -5.0960952e+01
   7.1788459e+01  -5.0962397e+01
   7.1788447e+01  -5.0963841e+01
   7.1788434e+01  -5.0965285e+01
   7.1788421e+01  -5.0966729e+01
   7.1788407e+01  -5.0968172e+01
   7.1788393e+01  -5.0969616e+01
   7.1788379e+01  -5.0971059e+01
   7.1788363e+01  -5.0972502e+01
   7.1788348e+01  -5.0973945e+01
   7.1788332e+01  -5.0975388e+01
   7.1788315e+01  -5.0976831e+01
   7.1788298e+01  -5.0978273e+01
   7.1788281e+01  -5.0979716e+01
   7.1788263e+01  -5.0981158e+01
   7.1788244e+01  -5.0982600e+01
   7.1788226e+01  -5.0984042e+01
   7.1788207e+01  -5.0985484e+01
   7.1788187e+01  -5.0986926e+01
   7.1788167e+01  -5.0988367e+01
   7.1788147e+01  -5.0989809e+01
   7.1788126e+01  -5.0991250e+01
   7.1788106e+01  -5.0992691e+01
   7.1788084e+01  -5.0994132e+01
   7.1788063e+01  -5.0995574e+01
   7.1788042e+01  -5.0997015e+01
   7.1788020e+01  -5.0998456e+01
   7.1787998e+01  -5.0999896e+01
   7.1787976e+01  -5.1001337e+01
   7.1787953e+01  -5.1002778e+01
   7.1787930e+01  -5.1004219e+01
   7.1787908e+01  -5.1005659e+01
   7.1787885e+01  -5.1007100e+01
   7.1787862e+01  -5.1008541e+01
   7.1787840e+01  -5.1009981e+01
   7.1787817e+01  -5.1011422e+01
   7.1787794e+01  -5.1012862e+01
   7.1787771e+01  -5.1014303e+01
   7.1787748e+01  -5.1015744e+01
   7.1787725e+01  -5.1017184e+01
   7.1787702e+01  -5.1018625e+01
   7.1787680e+01  -5.1020066e+01
   7.1787660e+01  -5.1021507e+01
   7.1787640e+01  -5.1022949e+01
   7.1787622e+01  -5.1024391e+01
   7.1787605e+01  -5.1025833e+01
   7.1787588e+01  -5.1027276e+01
   7.1787573e+01  -5.1028719e+01
   7.1787559e+01  -5.1030163e+01
   7.1787546e+01  -5.1031607e+01
   7.1787535e+01  -5.1033051e+01
   7.1787525e+01  -5.1034496e+01
   7.1787517e+01  -5.1035942e+01
   7.1787512e+01  -5.1037389e+01
   7.1787509e+01  -5.1038836e+01
   7.1787508e+01  -5.1040284e+01
   7.1787508e+01  -5.1041732e+01
   7.1787511e+01  -5.1043182e+01
   7.1787516e+01  -5.1044632e+01
   7.1787523e+01  -5.1046082e+01
   7.1787531e+01  -5.1047534e+01
   7.1787541e+01  -5.1048985e+01
   7.1787553e+01  -5.1050438e+01
   7.1787567e+01  -5.1051891e+01
   7.1787582e+01  -5.1053344e+01
   7.1787599e+01  -5.1054798e+01
   7.1787617e+01  -5.1056253e+01
   7.1787636e+01  -5.1057708e+01
   7.1787658e+01  -5.1059163e+01
   7.1787680e+01  -5.1060619e+01
   7.1787704e+01  -5.1062076e+01
   7.1787728e+01  -5.1063533e+01
   7.1787753e+01  -5.1064990e+01
   7.1787779e+01  -5.1066447e+01
   7.1787804e+01  -5.1067904e+01
   7.1787831e+01  -5.1069361e+01
   7.1787858e+01  -5.1070819e+01
   7.1787885e+01  -5.1072277e+01
   7.1787913e+01  -5.1073735e+01
   7.1787942e+01  -5.1075193e+01
   7.1787971e+01  -5.1076651e+01
   7.1788001e+01  -5.1078110e+01
   7.1788030e+01  -5.1079568e+01
   7.1788060e+01  -5.1081027e+01
   7.1788090e+01  -5.1082486e+01
   7.1788121e+01  -5.1083945e+01
   7.1788152e+01  -5.1085404e+01
   7.1788184e+01  -5.1086863e+01
   7.1788216e+01  -5.1088323e+01
   7.1788248e+01  -5.1089782e+01
   7.1788282e+01  -5.1091242e+01
   7.1788315e+01  -5.1092702e+01
   7.1788348e+01  -5.1094162e+01
   7.1788382e+01  -5.1095622e+01
   7.1788415e+01  -5.1097082e+01
   7.1788449e+01  -5.1098542e+01
   7.1788482e+01  -5.1100002e+01
   7.1788516e+01  -5.1101462e+01
   7.1788549e+01  -5.1102922e+01
   7.1788583e+01  -5.1104382e+01
   7.1788617e+01  -5.1105842e+01
   7.1788650e+01  -5.1107303e+01
   7.1788684e+01  -5.1108763e+01
   7.1788719e+01  -5.1110223e+01
   7.1788753e+01  -5.1111684e+01
   7.1788788e+01  -5.1113144e+01
   7.1788822e+01  -5.1114605e+01
   7.1788857e+01  -5.1116065e+01
   7.1788892e+01  -5.1117526e+01
   7.1788927e+01  -5.1118987e+01
   7.1788963e+01  -5.1120447e+01
   7.1788999e+01  -5.1121908e+01
   7.1789035e+01  -5.1123370e+01
   7.1789072e+01  -5.1124831e+01
   7.1789110e+01  -5.1126293e+01
   7.1789149e+01  -5.1127755e+01
   7.1789189e+01  -5.1129217e+01
   7.1789229e+01  -5.1130680e+01
   7.1789270e+01  -5.1132142e+01
   7.1789311e+01  -5.1133605e+01
   7.1789353e+01  -5.1135069e+01
   7.1789397e+01  -5.1136532e+01
   7.1789442e+01  -5.1137997e+01
   7.1789489e+01  -5.1139461e+01
   7.1789537e+01  -5.1140927e+01
   7.1789586e+01  -5.1142392e+01
   7.1789637e+01  -5.1143859e+01
   7.1789689e+01  -5.1145325e+01
   7.1789743e+01  -5.1146793e+01
   7.1789797e+01  -5.1148260e+01
   7.1789854e+01  -5.1149729e+01
   7.1789912e+01  -5.1151198e+01
   7.1789972e+01  -5.1152667e+01
   7.1790033e+01  -5.1154137e+01
   7.1790097e+01  -5.1155608e+01
   7.1790162e+01  -5.1157079e+01
   7.1790229e+01  -5.1158551e+01
   7.1790298e+01  -5.1160024e+01
   7.1790369e+01  -5.1161497e+01
   7.1790442e+01  -5.1162971e+01
   7.1790517e+01  -5.1164446e+01
   7.1790592e+01  -5.1165921e+01
   7.1790668e+01  -5.1167396e+01
   7.1790745e+01  -5.1168872e+01
   7.1790823e+01  -5.1170348e+01
   7.1790902e+01  -5.1171824e+01
   7.1790982e+01  -5.1173301e+01
   7.1791063e+01  -5.1174778e+01
   7.1791144e+01  -5.1176255e+01
   7.1791226e+01  -5.1177732e+01
   7.1791310e+01  -5.1179210e+01
   7.1791393e+01  -5.1180688e+01
   7.1791475e+01  -5.1182166e+01
   7.1791558e+01  -5.1183643e+01
   7.1791641e+01  -5.1185121e+01
   7.1791723e+01  -5.1186599e+01
   7.1791805e+01  -5.1188076e+01
   7.1791887e+01  -5.1189554e+01
   7.1791969e+01  -5.1191031e+01
   7.1792050e+01  -5.1192509e+01
   7.1792132e+01  -5.1193986e+01
   7.1792212e+01  -5.1195463e+01
   7.1792292e+01  -5.1196940e+01
   7.1792371e+01  -5.1198417e+01
   7.1792450e+01  -5.1199893e+01
   7.1792528e+01  -5.1201369e+01
   7.1792605e+01  -5.1202845e+01
   7.1792681e+01  -5.1204321e+01
   7.1792757e+01  -5.1205796e+01
   7.1792832e+01  -5.1207272e+01
   7.1792906e+01  -5.1208747e+01
   7.1792979e+01  -5.1210222e+01
   7.1793052e+01  -5.1211696e+01
   7.1793124e+01  -5.1213170e+01
   7.1793195e+01  -5.1214644e+01
   7.1793265e+01  -5.1216118e+01
   7.1793334e+01  -5.1217592e+01
   7.1793403e+01  -5.1219065e+01
   7.1793470e+01  -5.1220538e+01
   7.1793537e+01  -5.1222010e+01
   7.1793603e+01  -5.1223482e+01
   7.1793667e+01  -5.1224954e+01
   7.1793730e+01  -5.1226425e+01
   7.1793791e+01  -5.1227896e+01
   7.1793851e+01  -5.1229366e+01
   7.1793909e+01  -5.1230836e+01
   7.1793966e+01  -5.1232305e+01
   7.1794022e+01  -5.1233774e+01
   7.1794075e+01  -5.1235242e+01
   7.1794127e+01  -5.1236710e+01
   7.1794178e+01  -5.1238177e+01
   7.1794226e+01  -5.1239643e+01
   7.1794271e+01  -5.1241108e+01
   7.1794313e+01  -5.1242573e+01
   7.1794353e+01  -5.1244036e+01
   7.1794390e+01  -5.1245498e+01
   7.1794425e+01  -5.1246960e+01
   7.1794457e+01  -5.1248421e+01
   7.1794486e+01  -5.1249880e+01
   7.1794513e+01  -5.1251339e+01
   7.1794536e+01  -5.1252797e+01
   7.1794557e+01  -5.1254254e+01
   7.1794573e+01  -5.1255709e+01
   7.1794586e+01  -5.1257163e+01
   7.1794595e+01  -5.1258616e+01
   7.1794601e+01  -5.1260067e+01
   7.1794603e+01  -5.1261518e+01
   7.1794602e+01  -5.1262967e+01
   7.1794598e+01  -5.1264415e+01
   7.1794590e+01  -5.1265861e+01
   7.1794578e+01  -5.1267307e+01
   7.1794562e+01  -5.1268751e+01
   7.1794542e+01  -5.1270193e+01
   7.1794517e+01  -5.1271634e+01
   7.1794487e+01  -5.1273073e+01
   7.1794453e+01  -5.1274510e+01
   7.1794414e+01  -5.1275946e+01
   7.1794372e+01  -5.1277381e+01
   7.1794325e+01  -5.1278814e+01
   7.1794274e+01  -5.1280246e+01
   7.1794219e+01  -5.1281676e+01
   7.1794159e+01  -5.1283104e+01
   7.1794096e+01  -5.1284532e+01
   7.1794028e+01  -5.1285957e+01
   7.1793957e+01  -5.1287382e+01
   7.1793881e+01  -5.1288804e+01
   7.1793801e+01  -5.1290226e+01
   7.1793718e+01  -5.1291646e+01
   7.1793631e+01  -5.1293065e+01
   7.1793540e+01  -5.1294482e+01
   7.1793446e+01  -5.1295899e+01
   7.1793349e+01  -5.1297314e+01
   7.1793250e+01  -5.1298729e+01
   7.1793149e+01  -5.1300142e+01
   7.1793046e+01  -5.1301555e+01
   7.1792940e+01  -5.1302968e+01
   7.1792833e+01  -5.1304379e+01
   7.1792723e+01  -5.1305790e+01
   7.1792611e+01  -5.1307200e+01
   7.1792498e+01  -5.1308609e+01
   7.1792382e+01  -5.1310018e+01
   7.1792266e+01  -5.1311426e+01
   7.1792147e+01  -5.1312834e+01
   7.1792028e+01  -5.1314241e+01
   7.1791907e+01  -5.1315648e+01
   7.1791785e+01  -5.1317054e+01
   7.1791662e+01  -5.1318460e+01
   7.1791538e+01  -5.1319865e+01
   7.1791412e+01  -5.1321270e+01
   7.1791285e+01  -5.1322674e+01
   7.1791157e+01  -5.1324079e+01
   7.1791030e+01  -5.1325483e+01
   7.1790905e+01  -5.1326888e+01
   7.1790780e+01  -5.1328293e+01
   7.1790657e+01  -5.1329699e+01
   7.1790535e+01  -5.1331105e+01
   7.1790414e+01  -5.1332511e+01
   7.1790294e+01  -5.1333918e+01
   7.1790176e+01  -5.1335326e+01
   7.1790058e+01  -5.1336733e+01
   7.1789942e+01  -5.1338141e+01
   7.1789830e+01  -5.1339551e+01
   7.1789722e+01  -5.1340962e+01
   7.1789617e+01  -5.1342374e+01
   7.1789516e+01  -5.1343787e+01
   7.1789419e+01  -5.1345202e+01
   7.1789326e+01  -5.1346618e+01
   7.1789236e+01  -5.1348036e+01
   7.1789149e+01  -5.1349454e+01
   7.1789066e+01  -5.1350874e+01
   7.1788986e+01  -5.1352295e+01
   7.1788912e+01  -5.1353718e+01
   7.1788842e+01  -5.1355142e+01
   7.1788777e+01  -5.1356568e+01
   7.1788717e+01  -5.1357996e+01
   7.1788662e+01  -5.1359426e+01
   7.1788611e+01  -5.1360857e+01
   7.1788564e+01  -5.1362290e+01
   7.1788522e+01  -5.1363724e+01
   7.1788484e+01  -5.1365160e+01
   7.1788450e+01  -5.1366597e+01
   7.1788420e+01  -5.1368035e+01
   7.1788392e+01  -5.1369475e+01
   7.1788368e+01  -5.1370915e+01
   7.1788346e+01  -5.1372357e+01
   7.1788328e+01  -5.1373800e+01
   7.1788312e+01  -5.1375244e+01
   7.1788300e+01  -5.1376688e+01
   7.1788290e+01  -5.1378134e+01
   7.1788283e+01  -5.1379581e+01
   7.1788279e+01  -5.1381029e+01
   7.1788276e+01  -5.1382477e+01
   7.1788274e+01  -5.1383926e+01
   7.1788272e+01  -5.1385375e+01
   7.1788272e+01  -5.1386824e+01
   7.1788272e+01  -5.1388273e+01
   7.1788273e+01  -5.1389723e+01
   7.1788275e+01  -5.1391173e+01
   7.1788278e+01  -5.1392624e+01
   7.1788282e+01  -5.1394074e+01
   7.1788287e+01  -5.1395526e+01
   7.1788292e+01  -5.1396977e+01
   7.1788297e+01  -5.1398428e+01
   7.1788302e+01  -5.1399879e+01
   7.1788307e+01  -5.1401330e+01
   7.1788312e+01  -5.1402782e+01
   7.1788317e+01  -5.1404233e+01
   7.1788323e+01  -5.1405684e+01
   7.1788328e+01  -5.1407136e+01
   7.1788334e+01  -5.1408587e+01
   7.1788340e+01  -5.1410039e+01
   7.1788346e+01  -5.1411490e+01
   7.1788351e+01  -5.1412942e+01
   7.1788357e+01  -5.1414393e+01
   7.1788362e+01  -5.1415844e+01
   7.1788367e+01  -5.1417295e+01
   7.1788372e+01  -5.1418747e+01
   7.1788376e+01  -5.1420198e+01
   7.1788381e+01  -5.1421649e+01
   7.1788385e+01  -5.1423100e+01
   7.1788390e+01  -5.1424551e+01
   7.1788393e+01  -5.1426002e+01
   7.1788394e+01  -5.1427452e+01
   7.1788394e+01  -5.1428901e+01
   7.1788393e+01  -5.1430350e+01
   7.1788390e+01  -5.1431798e+01
   7.1788385e+01  -5.1433246e+01
   7.1788379e+01  -5.1434694e+01
   7.1788372e+01  -5.1436141e+01
   7.1788363e+01  -5.1437587e+01
   7.1788353e+01  -5.1439033e+01
   7.1788340e+01  -5.1440478e+01
   7.1788325e+01  -5.1441922e+01
   7.1788306e+01  -5.1443364e+01
   7.1788285e+01  -5.1444806e+01
   7.1788260e+01  -5.1446247e+01
   7.1788233e+01  -5.1447686e+01
   7.1788202e+01  -5.1449125e+01
   7.1788169e+01  -5.1450562e+01
   7.1788132e+01  -5.1451999e+01
   7.1788093e+01  -5.1453434e+01
   7.1788049e+01  -5.1454868e+01
   7.1788002e+01  -5.1456300e+01
   7.1787952e+01  -5.1457732e+01
   7.1787897e+01  -5.1459161e+01
   7.1787839e+01  -5.1460590e+01
   7.1787776e+01  -5.1462017e+01
   7.1787710e+01  -5.1463442e+01
   7.1787639e+01  -5.1464866e+01
   7.1787564e+01  -5.1466288e+01
   7.1787485e+01  -5.1467709e+01
   7.1787401e+01  -5.1469128e+01
   7.1787314e+01  -5.1470546e+01
   7.1787222e+01  -5.1471962e+01
   7.1787125e+01  -5.1473377e+01
   7.1787025e+01  -5.1474790e+01
   7.1786919e+01  -5.1476201e+01
   7.1786809e+01  -5.1477611e+01
   7.1786694e+01  -5.1479018e+01
   7.1786574e+01  -5.1480424e+01
   7.1786449e+01  -5.1481828e+01
   7.1786319e+01  -5.1483231e+01
   7.1786185e+01  -5.1484631e+01
   7.1786047e+01  -5.1486030e+01
   7.1785903e+01  -5.1487428e+01
   7.1785755e+01  -5.1488824e+01
   7.1785603e+01  -5.1490217e+01
   7.1785445e+01  -5.1491609e+01
   7.1785282e+01  -5.1493000e+01
   7.1785114e+01  -5.1494388e+01
   7.1784941e+01  -5.1495774e+01
   7.1784764e+01  -5.1497159e+01
   7.1784583e+01  -5.1498543e+01
   7.1784399e+01  -5.1499925e+01
   7.1784210e+01  -5.1501306e+01
   7.1784017e+01  -5.1502685e+01
   7.1783820e+01  -5.1504062e+01
   7.1783619e+01  -5.1505438e+01
   7.1783414e+01  -5.1506813e+01
   7.1783204e+01  -5.1508186e+01
   7.1782991e+01  -5.1509557e+01
   7.1782774e+01  -5.1510927e+01
   7.1782554e+01  -5.1512296e+01
   7.1782330e+01  -5.1513664e+01
   7.1782103e+01  -5.1515030e+01
   7.1781872e+01  -5.1516395e+01
   7.1781637e+01  -5.1517759e+01
   7.1781400e+01  -5.1519121e+01
   7.1781158e+01  -5.1520482e+01
   7.1780913e+01  -5.1521842e+01
   7.1780665e+01  -5.1523200e+01
   7.1780413e+01  -5.1524557e+01
   7.1780158e+01  -5.1525913e+01
   7.1779900e+01  -5.1527268e+01
   7.1779638e+01  -5.1528621e+01
   7.1779373e+01  -5.1529973e+01
   7.1779105e+01  -5.1531324e+01
   7.1778833e+01  -5.1532674e+01
   7.1778558e+01  -5.1534022e+01
   7.1778280e+01  -5.1535369e+01
   7.1777997e+01  -5.1536715e+01
   7.1777711e+01  -5.1538059e+01
   7.1777420e+01  -5.1539401e+01
   7.1777125e+01  -5.1540742e+01
   7.1776826e+01  -5.1542081e+01
   7.1776523e+01  -5.1543419e+01
   7.1776215e+01  -5.1544755e+01
   7.1775903e+01  -5.1546089e+01
   7.1775587e+01  -5.1547422e+01
   7.1775266e+01  -5.1548753e+01
   7.1774941e+01  -5.1550083e+01
   7.1774611e+01  -5.1551410e+01
   7.1774275e+01  -5.1552736e+01
   7.1773933e+01  -5.1554059e+01
   7.1773586e+01  -5.1555380e+01
   7.1773233e+01  -5.1556699e+01
   7.1772873e+01  -5.1558016e+01
   7.1772508e+01  -5.1559330e+01
   7.1772136e+01  -5.1560642e+01
   7.1771758e+01  -5.1561952e+01
   7.1771374e+01  -5.1563259e+01
   7.1770981e+01  -5.1564563e+01
   7.1770579e+01  -5.1565864e+01
   7.1770168e+01  -5.1567161e+01
   7.1769748e+01  -5.1568455e+01
   7.1769319e+01  -5.1569745e+01
   7.1768880e+01  -5.1571032e+01
   7.1768433e+01  -5.1572316e+01
   7.1767977e+01  -5.1573597e+01
   7.1767513e+01  -5.1574874e+01
   7.1767041e+01  -5.1576149e+01
   7.1766558e+01  -5.1577419e+01
   7.1766065e+01  -5.1578685e+01
   7.1765566e+01  -5.1579930e+01
   7.1765069e+01  -5.1581138e+01
   7.1764573e+01  -5.1582312e+01
   7.1764079e+01  -5.1583452e+01
   7.1763585e+01  -5.1584561e+01
   7.1763093e+01  -5.1585645e+01
   7.1762601e+01  -5.1586710e+01
   7.1762110e+01  -5.1587757e+01
   7.1761619e+01  -5.1588791e+01
   7.1761128e+01  -5.1589815e+01
   7.1760638e+01  -5.1590828e+01
   7.1760148e+01  -5.1591831e+01
   7.1759659e+01  -5.1592822e+01
   7.1759170e+01  -5.1593801e+01
   7.1758682e+01  -5.1594768e+01
   7.1758194e+01  -5.1595728e+01
   7.1757706e+01  -5.1596686e+01
   7.1757217e+01  -5.1597644e+01
   7.1756729e+01  -5.1598601e+01
   7.1756241e+01  -5.1599562e+01
   7.1755753e+01  -5.1600525e+01
   7.1755264e+01  -5.1601499e+01
   7.1754775e+01  -5.1602482e+01
   7.1754286e+01  -5.1603475e+01
   7.1753796e+01  -5.1604476e+01
   7.1753306e+01  -5.1605480e+01
   7.1752816e+01  -5.1606487e+01
   7.1752326e+01  -5.1607497e+01
   7.1751836e+01  -5.1608512e+01
   7.1751345e+01  -5.1609533e+01
   7.1750855e+01  -5.1610560e+01
   7.1750363e+01  -5.1611596e+01
   7.1749872e+01  -5.1612642e+01
   7.1749380e+01  -5.1613696e+01
   7.1748888e+01  -5.1614759e+01
   7.1748396e+01  -5.1615827e+01
   7.1747904e+01  -5.1616898e+01
   7.1747411e+01  -5.1617973e+01
   7.1746918e+01  -5.1619054e+01
   7.1746426e+01  -5.1620140e+01
   7.1745932e+01  -5.1621233e+01
   7.1745439e+01  -5.1622333e+01
   7.1744945e+01  -5.1623442e+01
   7.1744451e+01  -5.1624561e+01
   7.1743956e+01  -5.1625690e+01
   7.1743461e+01  -5.1626832e+01
   7.1742966e+01  -5.1627987e+01
   7.1742470e+01  -5.1629156e+01
   7.1741973e+01  -5.1630337e+01
   7.1741476e+01  -5.1631533e+01
   7.1740979e+01  -5.1632741e+01
   7.1740481e+01  -5.1633964e+01
   7.1739982e+01  -5.1635200e+01
   7.1739483e+01  -5.1636450e+01
   7.1738985e+01  -5.1637711e+01
   7.1738497e+01  -5.1638977e+01
   7.1738022e+01  -5.1640246e+01
   7.1737557e+01  -5.1641520e+01
   7.1737102e+01  -5.1642796e+01
