   8.1087360e+01  -4.9773479e+01
   8.1087793e+01  -4.9775559e+01
   8.1088227e+01  -4.9777631e+01
   8.1088661e+01  -4.9779696e+01
   8.1089095e+01  -4.9781754e+01
   8.1089528e+01  -4.9783804e+01
   8.1089962e+01  -4.9785848e+01
   8.1090397e+01  -4.9787884e+01
   8.1090831e+01  -4.9789914e+01
   8.1091265e+01  -4.9791938e+01
   8.1091699e+01  -4.9793955e+01
   8.1092134e+01  -4.9795967e+01
   8.1092568e+01  -4.9797970e+01
   8.1093003e+01  -4.9799965e+01
   8.1093437e+01  -4.9801952e+01
   8.1093872e+01  -4.9803932e+01
   8.1094307e+01  -4.9805905e+01
   8.1094742e+01  -4.9807871e+01
   8.1095177e+01  -4.9809830e+01
   8.1095612e+01  -4.9811783e+01
   8.1096047e+01  -4.9813730e+01
   8.1096482e+01  -4.9815670e+01
   8.1096918e+01  -4.9817601e+01
   8.1097353e+01  -4.9819521e+01
   8.1097789e+01  -4.9821431e+01
   8.1098224e+01  -4.9823330e+01
   8.1098660e+01  -4.9825220e+01
   8.1099096e+01  -4.9827101e+01
   8.1099532e+01  -4.9828971e+01
   8.1099968e+01  -4.9830832e+01
   8.1100405e+01  -4.9832684e+01
   8.1100841e+01  -4.9834527e+01
   8.1101278e+01  -4.9836361e+01
   8.1101714e+01  -4.9838187e+01
   8.1102151e+01  -4.9840005e+01
   8.1102588e+01  -4.9841816e+01
   8.1103025e+01  -4.9843622e+01
   8.1103462e+01  -4.9845423e+01
   8.1103899e+01  -4.9847220e+01
   8.1104336e+01  -4.9849012e+01
   8.1104773e+01  -4.9850800e+01
   8.1105210e+01  -4.9852583e+01
   8.1105647e+01  -4.9854362e+01
   8.1106084e+01  -4.9856138e+01
   8.1106522e+01  -4.9857909e+01
   8.1106959e+01  -4.9859677e+01
   8.1107396e+01  -4.9861442e+01
   8.1107834e+01  -4.9863205e+01
   8.1108271e+01  -4.9864964e+01
   8.1108709e+01  -4.9866722e+01
   8.1109146e+01  -4.9868477e+01
   8.1109583e+01  -4.9870231e+01
   8.1110021e+01  -4.9871984e+01
   8.1110458e+01  -4.9873736e+01
   8.1110896e+01  -4.9875489e+01
   8.1111333e+01  -4.9877241e+01
   8.1111771e+01  -4.9878995e+01
   8.1112208e+01  -4.9880751e+01
   8.1112646e+01  -4.9882508e+01
   8.1113083e+01  -4.9884267e+01
   8.1113520e+01  -4.9886027e+01
   8.1113958e+01  -4.9887788e+01
   8.1114395e+01  -4.9889545e+01
   8.1114832e+01  -4.9891297e+01
   8.1115270e+01  -4.9893045e+01
   8.1115707e+01  -4.9894787e+01
   8.1116145e+01  -4.9896524e+01
   8.1116583e+01  -4.9898255e+01
   8.1117020e+01  -4.9899980e+01
   8.1117458e+01  -4.9901699e+01
   8.1117896e+01  -4.9903411e+01
   8.1118334e+01  -4.9905117e+01
   8.1118772e+01  -4.9906815e+01
   8.1119210e+01  -4.9908508e+01
   8.1119649e+01  -4.9910193e+01
   8.1120087e+01  -4.9911873e+01
   8.1120525e+01  -4.9913551e+01
   8.1120964e+01  -4.9915226e+01
   8.1121402e+01  -4.9916898e+01
   8.1121841e+01  -4.9918567e+01
   8.1122279e+01  -4.9920233e+01
   8.1122718e+01  -4.9921895e+01
   8.1123156e+01  -4.9923552e+01
   8.1123595e+01  -4.9925205e+01
   8.1124033e+01  -4.9926852e+01
   8.1124472e+01  -4.9928493e+01
   8.1124911e+01  -4.9930126e+01
   8.1125350e+01  -4.9931752e+01
   8.1125789e+01  -4.9933369e+01
   8.1126228e+01  -4.9934976e+01
   8.1126668e+01  -4.9936575e+01
   8.1127107e+01  -4.9938162e+01
   8.1127547e+01  -4.9939745e+01
   8.1127986e+01  -4.9941323e+01
   8.1128426e+01  -4.9942895e+01
   8.1128866e+01  -4.9944463e+01
   8.1129305e+01  -4.9946025e+01
   8.1129745e+01  -4.9947582e+01
   8.1130185e+01  -4.9949132e+01
   8.1130625e+01  -4.9950676e+01
   8.1131065e+01  -4.9952212e+01
   8.1131506e+01  -4.9953740e+01
   8.1131946e+01  -4.9955257e+01
   8.1132386e+01  -4.9956763e+01
   8.1132827e+01  -4.9958257e+01
   8.1133268e+01  -4.9959740e+01
   8.1133709e+01  -4.9961211e+01
   8.1134150e+01  -4.9962670e+01
   8.1134591e+01  -4.9964117e+01
   8.1135033e+01  -4.9965551e+01
   8.1135474e+01  -4.9966973e+01
   8.1135916e+01  -4.9968383e+01
   8.1136358e+01  -4.9969782e+01
   8.1136800e+01  -4.9971171e+01
   8.1137242e+01  -4.9972551e+01
   8.1137684e+01  -4.9973922e+01
   8.1138127e+01  -4.9975283e+01
   8.1138569e+01  -4.9976635e+01
   8.1139012e+01  -4.9977978e+01
   8.1139455e+01  -4.9979313e+01
   8.1139898e+01  -4.9980639e+01
   8.1140341e+01  -4.9981957e+01
   8.1140783e+01  -4.9983273e+01
   8.1141227e+01  -4.9984587e+01
   8.1141670e+01  -4.9985899e+01
   8.1142113e+01  -4.9987208e+01
   8.1142556e+01  -4.9988515e+01
   8.1142999e+01  -4.9989820e+01
   8.1143442e+01  -4.9991122e+01
   8.1143885e+01  -4.9992421e+01
   8.1144328e+01  -4.9993718e+01
   8.1144772e+01  -4.9995013e+01
   8.1145215e+01  -4.9996298e+01
   8.1145659e+01  -4.9997573e+01
   8.1146102e+01  -4.9998839e+01
   8.1146546e+01  -5.0000095e+01
   8.1146990e+01  -5.0001340e+01
   8.1147434e+01  -5.0002576e+01
   8.1147878e+01  -5.0003802e+01
   8.1148322e+01  -5.0005018e+01
   8.1148767e+01  -5.0006223e+01
   8.1149211e+01  -5.0007418e+01
   8.1149656e+01  -5.0008605e+01
   8.1150101e+01  -5.0009784e+01
   8.1150546e+01  -5.0010955e+01
   8.1150991e+01  -5.0012119e+01
   8.1151436e+01  -5.0013276e+01
   8.1151881e+01  -5.0014426e+01
   8.1152326e+01  -5.0015570e+01
   8.1152772e+01  -5.0016708e+01
   8.1153217e+01  -5.0017840e+01
   8.1153662e+01  -5.0018967e+01
   8.1154108e+01  -5.0020089e+01
   8.1154554e+01  -5.0021205e+01
   8.1154999e+01  -5.0022316e+01
   8.1155445e+01  -5.0023421e+01
   8.1155891e+01  -5.0024521e+01
   8.1156337e+01  -5.0025616e+01
   8.1156783e+01  -5.0026706e+01
   8.1157229e+01  -5.0027791e+01
   8.1157675e+01  -5.0028870e+01
   8.1158121e+01  -5.0029945e+01
   8.1158567e+01  -5.0031015e+01
   8.1159014e+01  -5.0032080e+01
   8.1159460e+01  -5.0033140e+01
   8.1159906e+01  -5.0034196e+01
   8.1160353e+01  -5.0035246e+01
   8.1160799e+01  -5.0036293e+01
   8.1161246e+01  -5.0037335e+01
   8.1161693e+01  -5.0038373e+01
   8.1162139e+01  -5.0039407e+01
   8.1162586e+01  -5.0040436e+01
   8.1163033e+01  -5.0041466e+01
   8.1163480e+01  -5.0042495e+01
   8.1163926e+01  -5.0043524e+01
   8.1164373e+01  -5.0044553e+01
   8.1164820e+01  -5.0045582e+01
   8.1165267e+01  -5.0046610e+01
   8.1165713e+01  -5.0047639e+01
   8.1166160e+01  -5.0048668e+01
   8.1166607e+01  -5.0049697e+01
   8.1167054e+01  -5.0050726e+01
   8.1167500e+01  -5.0051752e+01
   8.1167947e+01  -5.0052774e+01
   8.1168394e+01  -5.0053793e+01
   8.1168841e+01  -5.0054809e+01
   8.1169288e+01  -5.0055821e+01
   8.1169735e+01  -5.0056830e+01
   8.1170182e+01  -5.0057835e+01
   8.1170629e+01  -5.0058836e+01
   8.1171077e+01  -5.0059834e+01
   8.1171524e+01  -5.0060828e+01
   8.1171971e+01  -5.0061819e+01
   8.1172418e+01  -5.0062806e+01
   8.1172866e+01  -5.0063791e+01
   8.1173313e+01  -5.0064772e+01
   8.1173761e+01  -5.0065749e+01
   8.1174208e+01  -5.0066723e+01
   8.1174656e+01  -5.0067694e+01
   8.1175103e+01  -5.0068661e+01
   8.1175551e+01  -5.0069625e+01
   8.1175998e+01  -5.0070585e+01
   8.1176446e+01  -5.0071539e+01
   8.1176894e+01  -5.0072487e+01
   8.1177342e+01  -5.0073430e+01
   8.1177790e+01  -5.0074367e+01
   8.1178238e+01  -5.0075298e+01
   8.1178686e+01  -5.0076224e+01
   8.1179134e+01  -5.0077144e+01
   8.1179583e+01  -5.0078060e+01
   8.1180031e+01  -5.0078970e+01
   8.1180479e+01  -5.0079875e+01
   8.1180928e+01  -5.0080771e+01
   8.1181377e+01  -5.0081660e+01
   8.1181825e+01  -5.0082539e+01
   8.1182274e+01  -5.0083411e+01
   8.1182723e+01  -5.0084274e+01
   8.1183172e+01  -5.0085129e+01
   8.1183621e+01  -5.0085976e+01
   8.1184071e+01  -5.0086815e+01
   8.1184520e+01  -5.0087647e+01
   8.1184970e+01  -5.0088470e+01
   8.1185419e+01  -5.0089285e+01
   8.1185869e+01  -5.0090091e+01
   8.1186319e+01  -5.0090889e+01
   8.1186769e+01  -5.0091677e+01
   8.1187219e+01  -5.0092457e+01
   8.1187669e+01  -5.0093228e+01
   8.1188120e+01  -5.0093990e+01
   8.1188570e+01  -5.0094744e+01
   8.1189021e+01  -5.0095488e+01
   8.1189472e+01  -5.0096224e+01
   8.1189922e+01  -5.0096949e+01
   8.1190373e+01  -5.0097665e+01
   8.1190825e+01  -5.0098372e+01
   8.1191276e+01  -5.0099070e+01
   8.1191727e+01  -5.0099761e+01
   8.1192178e+01  -5.0100445e+01
   8.1192630e+01  -5.0101121e+01
   8.1193082e+01  -5.0101792e+01
   8.1193533e+01  -5.0102456e+01
   8.1193985e+01  -5.0103114e+01
   8.1194437e+01  -5.0103734e+01
   8.1194890e+01  -5.0104318e+01
   8.1195343e+01  -5.0104867e+01
   8.1195797e+01  -5.0105382e+01
   8.1196251e+01  -5.0105864e+01
   8.1196706e+01  -5.0106315e+01
   8.1197161e+01  -5.0106734e+01
   8.1197617e+01  -5.0107123e+01
   8.1198072e+01  -5.0107482e+01
   8.1198529e+01  -5.0107811e+01
   8.1198985e+01  -5.0108119e+01
   8.1199442e+01  -5.0108406e+01
   8.1199899e+01  -5.0108671e+01
   8.1200357e+01  -5.0108915e+01
   8.1200814e+01  -5.0109138e+01
   8.1201273e+01  -5.0109340e+01
   8.1201731e+01  -5.0109520e+01
   8.1202189e+01  -5.0109679e+01
   8.1202648e+01  -5.0109817e+01
   8.1203108e+01  -5.0109934e+01
   8.1203567e+01  -5.0110036e+01
   8.1204027e+01  -5.0110123e+01
   8.1204486e+01  -5.0110197e+01
   8.1204946e+01  -5.0110257e+01
   8.1205406e+01  -5.0110304e+01
   8.1205867e+01  -5.0110338e+01
   8.1206327e+01  -5.0110359e+01
   8.1206788e+01  -5.0110367e+01
   8.1207249e+01  -5.0110364e+01
   8.1207710e+01  -5.0110349e+01
   8.1208171e+01  -5.0110324e+01
   8.1208632e+01  -5.0110289e+01
   8.1209094e+01  -5.0110246e+01
   8.1209555e+01  -5.0110193e+01
   8.1210017e+01  -5.0110130e+01
   8.1210478e+01  -5.0110059e+01
   8.1210940e+01  -5.0109978e+01
   8.1211402e+01  -5.0109889e+01
   8.1211865e+01  -5.0109790e+01
   8.1212327e+01  -5.0109683e+01
   8.1212789e+01  -5.0109573e+01
   8.1213251e+01  -5.0109458e+01
   8.1213714e+01  -5.0109341e+01
   8.1214176e+01  -5.0109219e+01
   8.1214639e+01  -5.0109095e+01
   8.1215101e+01  -5.0108966e+01
   8.1215564e+01  -5.0108835e+01
   8.1216027e+01  -5.0108700e+01
   8.1216489e+01  -5.0108562e+01
   8.1216952e+01  -5.0108420e+01
   8.1217415e+01  -5.0108277e+01
   8.1217878e+01  -5.0108134e+01
   8.1218340e+01  -5.0107989e+01
   8.1218803e+01  -5.0107844e+01
   8.1219266e+01  -5.0107698e+01
   8.1219729e+01  -5.0107550e+01
   8.1220191e+01  -5.0107401e+01
   8.1220654e+01  -5.0107252e+01
   8.1221117e+01  -5.0107101e+01
   8.1221580e+01  -5.0106948e+01
   8.1222043e+01  -5.0106803e+01
   8.1222506e+01  -5.0106664e+01
   8.1222968e+01  -5.0106531e+01
   8.1223431e+01  -5.0106404e+01
   8.1223893e+01  -5.0106284e+01
   8.1224355e+01  -5.0106169e+01
   8.1224818e+01  -5.0106060e+01
   8.1225280e+01  -5.0105956e+01
   8.1225742e+01  -5.0105858e+01
   8.1226204e+01  -5.0105766e+01
   8.1226666e+01  -5.0105680e+01
   8.1227128e+01  -5.0105600e+01
   8.1227590e+01  -5.0105527e+01
   8.1228052e+01  -5.0105460e+01
   8.1228513e+01  -5.0105400e+01
   8.1228975e+01  -5.0105345e+01
   8.1229436e+01  -5.0105296e+01
   8.1229898e+01  -5.0105254e+01
   8.1230359e+01  -5.0105217e+01
   8.1230820e+01  -5.0105186e+01
   8.1231281e+01  -5.0105149e+01
   8.1231743e+01  -5.0105106e+01
   8.1232204e+01  -5.0105057e+01
   8.1232666e+01  -5.0105002e+01
   8.1233127e+01  -5.0104940e+01
   8.1233589e+01  -5.0104871e+01
   8.1234051e+01  -5.0104795e+01
   8.1234513e+01  -5.0104712e+01
   8.1234975e+01  -5.0104622e+01
   8.1235437e+01  -5.0104524e+01
   8.1235899e+01  -5.0104414e+01
   8.1236362e+01  -5.0104292e+01
   8.1236825e+01  -5.0104158e+01
   8.1237287e+01  -5.0104012e+01
   8.1237750e+01  -5.0103854e+01
   8.1238213e+01  -5.0103685e+01
   8.1238677e+01  -5.0103503e+01
   8.1239140e+01  -5.0103309e+01
   8.1239604e+01  -5.0103102e+01
   8.1240068e+01  -5.0102883e+01
   8.1240531e+01  -5.0102655e+01
   8.1240995e+01  -5.0102416e+01
   8.1241460e+01  -5.0102167e+01
   8.1241924e+01  -5.0101909e+01
   8.1242388e+01  -5.0101641e+01
   8.1242853e+01  -5.0101363e+01
   8.1243318e+01  -5.0101076e+01
   8.1243783e+01  -5.0100779e+01
   8.1244248e+01  -5.0100474e+01
   8.1244713e+01  -5.0100160e+01
   8.1245178e+01  -5.0099839e+01
   8.1245643e+01  -5.0099511e+01
   8.1246108e+01  -5.0099176e+01
   8.1246574e+01  -5.0098834e+01
   8.1247039e+01  -5.0098486e+01
   8.1247505e+01  -5.0098131e+01
   8.1247971e+01  -5.0097770e+01
   8.1248436e+01  -5.0097404e+01
   8.1248902e+01  -5.0097032e+01
   8.1249368e+01  -5.0096654e+01
   8.1249834e+01  -5.0096275e+01
   8.1250300e+01  -5.0095894e+01
   8.1250766e+01  -5.0095511e+01
   8.1251232e+01  -5.0095128e+01
   8.1251698e+01  -5.0094743e+01
   8.1252164e+01  -5.0094356e+01
   8.1252630e+01  -5.0093969e+01
   8.1253096e+01  -5.0093580e+01
   8.1253563e+01  -5.0093190e+01
   8.1254029e+01  -5.0092800e+01
   8.1254495e+01  -5.0092408e+01
   8.1254961e+01  -5.0092015e+01
   8.1255427e+01  -5.0091621e+01
   8.1255893e+01  -5.0091227e+01
   8.1256359e+01  -5.0090831e+01
   8.1256826e+01  -5.0090435e+01
   8.1257292e+01  -5.0090038e+01
   8.1257758e+01  -5.0089641e+01
   8.1258224e+01  -5.0089243e+01
   8.1258690e+01  -5.0088845e+01
   8.1259156e+01  -5.0088446e+01
   8.1259623e+01  -5.0088046e+01
   8.1260089e+01  -5.0087646e+01
   8.1260555e+01  -5.0087246e+01
   8.1261021e+01  -5.0086845e+01
   8.1261488e+01  -5.0086444e+01
   8.1261954e+01  -5.0086042e+01
   8.1262420e+01  -5.0085641e+01
   8.1262886e+01  -5.0085239e+01
   8.1263353e+01  -5.0084837e+01
   8.1263819e+01  -5.0084436e+01
   8.1264285e+01  -5.0084035e+01
   8.1264751e+01  -5.0083635e+01
   8.1265217e+01  -5.0083235e+01
   8.1265684e+01  -5.0082836e+01
   8.1266150e+01  -5.0082437e+01
   8.1266616e+01  -5.0082039e+01
   8.1267082e+01  -5.0081642e+01
   8.1267548e+01  -5.0081245e+01
   8.1268014e+01  -5.0080850e+01
   8.1268481e+01  -5.0080459e+01
   8.1268947e+01  -5.0080072e+01
   8.1269413e+01  -5.0079690e+01
   8.1269878e+01  -5.0079312e+01
   8.1270344e+01  -5.0078938e+01
   8.1270810e+01  -5.0078568e+01
   8.1271276e+01  -5.0078202e+01
   8.1271742e+01  -5.0077839e+01
   8.1272207e+01  -5.0077480e+01
   8.1272673e+01  -5.0077124e+01
   8.1273138e+01  -5.0076771e+01
   8.1273604e+01  -5.0076421e+01
   8.1274069e+01  -5.0076074e+01
   8.1274535e+01  -5.0075731e+01
   8.1275000e+01  -5.0075390e+01
   8.1275466e+01  -5.0075053e+01
   8.1275931e+01  -5.0074718e+01
   8.1276396e+01  -5.0074386e+01
   8.1276861e+01  -5.0074058e+01
   8.1277327e+01  -5.0073732e+01
   8.1277792e+01  -5.0073408e+01
   8.1278257e+01  -5.0073085e+01
   8.1278722e+01  -5.0072763e+01
   8.1279187e+01  -5.0072443e+01
   8.1279652e+01  -5.0072124e+01
   8.1280117e+01  -5.0071806e+01
   8.1280582e+01  -5.0071490e+01
   8.1281047e+01  -5.0071175e+01
   8.1281513e+01  -5.0070861e+01
   8.1281978e+01  -5.0070549e+01
   8.1282442e+01  -5.0070240e+01
   8.1282907e+01  -5.0069934e+01
   8.1283372e+01  -5.0069631e+01
   8.1283837e+01  -5.0069332e+01
   8.1284302e+01  -5.0069036e+01
   8.1284767e+01  -5.0068744e+01
   8.1285231e+01  -5.0068456e+01
   8.1285696e+01  -5.0068171e+01
   8.1286161e+01  -5.0067891e+01
   8.1286625e+01  -5.0067614e+01
   8.1287089e+01  -5.0067346e+01
   8.1287554e+01  -5.0067086e+01
   8.1288018e+01  -5.0066834e+01
   8.1288482e+01  -5.0066591e+01
   8.1288946e+01  -5.0066355e+01
   8.1289410e+01  -5.0066127e+01
   8.1289874e+01  -5.0065907e+01
   8.1290337e+01  -5.0065694e+01
   8.1290801e+01  -5.0065488e+01
   8.1291264e+01  -5.0065290e+01
   8.1291728e+01  -5.0065105e+01
   8.1292191e+01  -5.0064933e+01
   8.1292654e+01  -5.0064774e+01
   8.1293116e+01  -5.0064628e+01
   8.1293579e+01  -5.0064493e+01
   8.1294042e+01  -5.0064371e+01
   8.1294504e+01  -5.0064261e+01
   8.1294966e+01  -5.0064163e+01
   8.1295428e+01  -5.0064076e+01
   8.1295890e+01  -5.0064002e+01
   8.1296351e+01  -5.0063946e+01
   8.1296813e+01  -5.0063909e+01
   8.1297274e+01  -5.0063892e+01
   8.1297734e+01  -5.0063893e+01
   8.1298195e+01  -5.0063913e+01
   8.1298655e+01  -5.0063951e+01
   8.1299115e+01  -5.0064008e+01
   8.1299575e+01  -5.0064083e+01
   8.1300035e+01  -5.0064175e+01
   8.1300494e+01  -5.0064286e+01
   8.1300953e+01  -5.0064406e+01
   8.1301412e+01  -5.0064536e+01
   8.1301871e+01  -5.0064676e+01
   8.1302330e+01  -5.0064825e+01
   8.1302789e+01  -5.0064985e+01
   8.1303247e+01  -5.0065154e+01
   8.1303706e+01  -5.0065333e+01
   8.1304164e+01  -5.0065522e+01
   8.1304622e+01  -5.0065721e+01
   8.1305080e+01  -5.0065929e+01
   8.1305538e+01  -5.0066147e+01
   8.1305996e+01  -5.0066374e+01
   8.1306454e+01  -5.0066611e+01
   8.1306911e+01  -5.0066857e+01
   8.1307368e+01  -5.0067112e+01
   8.1307826e+01  -5.0067377e+01
   8.1308283e+01  -5.0067650e+01
   8.1308740e+01  -5.0067934e+01
   8.1309197e+01  -5.0068226e+01
   8.1309654e+01  -5.0068528e+01
   8.1310110e+01  -5.0068834e+01
   8.1310567e+01  -5.0069146e+01
   8.1311024e+01  -5.0069463e+01
   8.1311480e+01  -5.0069785e+01
   8.1311936e+01  -5.0070112e+01
   8.1312393e+01  -5.0070444e+01
   8.1312849e+01  -5.0070781e+01
   8.1313305e+01  -5.0071123e+01
   8.1313762e+01  -5.0071470e+01
   8.1314218e+01  -5.0071822e+01
   8.1314674e+01  -5.0072179e+01
   8.1315130e+01  -5.0072539e+01
   8.1315586e+01  -5.0072904e+01
   8.1316042e+01  -5.0073274e+01
   8.1316497e+01  -5.0073647e+01
   8.1316953e+01  -5.0074025e+01
   8.1317409e+01  -5.0074408e+01
   8.1317864e+01  -5.0074795e+01
   8.1318320e+01  -5.0075187e+01
   8.1318776e+01  -5.0075583e+01
   8.1319231e+01  -5.0075985e+01
   8.1319686e+01  -5.0076394e+01
   8.1320142e+01  -5.0076808e+01
   8.1320597e+01  -5.0077228e+01
   8.1321052e+01  -5.0077654e+01
   8.1321507e+01  -5.0078085e+01
   8.1321962e+01  -5.0078522e+01
   8.1322417e+01  -5.0078965e+01
   8.1322872e+01  -5.0079414e+01
   8.1323326e+01  -5.0079868e+01
   8.1323781e+01  -5.0080326e+01
   8.1324236e+01  -5.0080787e+01
   8.1324690e+01  -5.0081251e+01
   8.1325145e+01  -5.0081719e+01
   8.1325599e+01  -5.0082190e+01
   8.1326054e+01  -5.0082665e+01
   8.1326508e+01  -5.0083142e+01
   8.1326963e+01  -5.0083623e+01
   8.1327417e+01  -5.0084106e+01
   8.1327871e+01  -5.0084592e+01
   8.1328326e+01  -5.0085079e+01
   8.1328780e+01  -5.0085567e+01
   8.1329234e+01  -5.0086055e+01
   8.1329689e+01  -5.0086545e+01
   8.1330143e+01  -5.0087035e+01
   8.1330597e+01  -5.0087525e+01
   8.1331051e+01  -5.0088017e+01
   8.1331506e+01  -5.0088509e+01
   8.1331960e+01  -5.0089002e+01
   8.1332414e+01  -5.0089496e+01
   8.1332868e+01  -5.0089992e+01
   8.1333322e+01  -5.0090492e+01
   8.1333777e+01  -5.0090993e+01
   8.1334231e+01  -5.0091498e+01
   8.1334685e+01  -5.0092005e+01
   8.1335139e+01  -5.0092514e+01
   8.1335593e+01  -5.0093027e+01
   8.1336047e+01  -5.0093542e+01
   8.1336501e+01  -5.0094060e+01
   8.1336954e+01  -5.0094581e+01
   8.1337408e+01  -5.0095109e+01
   8.1337862e+01  -5.0095645e+01
   8.1338315e+01  -5.0096188e+01
   8.1338769e+01  -5.0096739e+01
   8.1339222e+01  -5.0097297e+01
   8.1339675e+01  -5.0097862e+01
   8.1340129e+01  -5.0098435e+01
   8.1340582e+01  -5.0099016e+01
   8.1341035e+01  -5.0099603e+01
   8.1341488e+01  -5.0100197e+01
   8.1341940e+01  -5.0100797e+01
   8.1342393e+01  -5.0101402e+01
   8.1342846e+01  -5.0102013e+01
   8.1343298e+01  -5.0102628e+01
   8.1343751e+01  -5.0103249e+01
   8.1344203e+01  -5.0103875e+01
   8.1344656e+01  -5.0104507e+01
   8.1345108e+01  -5.0105144e+01
   8.1345560e+01  -5.0105786e+01
   8.1346012e+01  -5.0106434e+01
   8.1346465e+01  -5.0107084e+01
   8.1346917e+01  -5.0107737e+01
   8.1347369e+01  -5.0108392e+01
   8.1347821e+01  -5.0109049e+01
   8.1348273e+01  -5.0109709e+01
   8.1348725e+01  -5.0110372e+01
   8.1349177e+01  -5.0111037e+01
   8.1349628e+01  -5.0111706e+01
   8.1350080e+01  -5.0112376e+01
   8.1350532e+01  -5.0113050e+01
   8.1350984e+01  -5.0113726e+01
   8.1351436e+01  -5.0114403e+01
   8.1351887e+01  -5.0115083e+01
   8.1352339e+01  -5.0115764e+01
   8.1352791e+01  -5.0116448e+01
   8.1353242e+01  -5.0117133e+01
   8.1353694e+01  -5.0117821e+01
   8.1354146e+01  -5.0118511e+01
   8.1354597e+01  -5.0119203e+01
   8.1355049e+01  -5.0119898e+01
   8.1355500e+01  -5.0120598e+01
   8.1355952e+01  -5.0121302e+01
   8.1356403e+01  -5.0122011e+01
   8.1356854e+01  -5.0122724e+01
   8.1357305e+01  -5.0123442e+01
   8.1357757e+01  -5.0124165e+01
   8.1358208e+01  -5.0124891e+01
   8.1358659e+01  -5.0125622e+01
   8.1359110e+01  -5.0126357e+01
   8.1359561e+01  -5.0127097e+01
   8.1360012e+01  -5.0127838e+01
   8.1360462e+01  -5.0128583e+01
   8.1360913e+01  -5.0129331e+01
   8.1361364e+01  -5.0130081e+01
   8.1361815e+01  -5.0130833e+01
   8.1362265e+01  -5.0131589e+01
   8.1362716e+01  -5.0132347e+01
   8.1363167e+01  -5.0133108e+01
   8.1363617e+01  -5.0133871e+01
   8.1364068e+01  -5.0134637e+01
   8.1364518e+01  -5.0135404e+01
   8.1364969e+01  -5.0136171e+01
   8.1365420e+01  -5.0136938e+01
   8.1365870e+01  -5.0137706e+01
   8.1366321e+01  -5.0138474e+01
   8.1366771e+01  -5.0139243e+01
   8.1367222e+01  -5.0140012e+01
   8.1367672e+01  -5.0140781e+01
   8.1368123e+01  -5.0141552e+01
   8.1368573e+01  -5.0142322e+01
   8.1369024e+01  -5.0143092e+01
   8.1369474e+01  -5.0143862e+01
   8.1369925e+01  -5.0144631e+01
   8.1370375e+01  -5.0145400e+01
   8.1370826e+01  -5.0146168e+01
   8.1371276e+01  -5.0146936e+01
   8.1371727e+01  -5.0147702e+01
   8.1372177e+01  -5.0148467e+01
   8.1372628e+01  -5.0149230e+01
   8.1373079e+01  -5.0149992e+01
   8.1373529e+01  -5.0150752e+01
   8.1373980e+01  -5.0151510e+01
   8.1374431e+01  -5.0152266e+01
   8.1374881e+01  -5.0153020e+01
   8.1375332e+01  -5.0153772e+01
   8.1375783e+01  -5.0154522e+01
   8.1376234e+01  -5.0155269e+01
   8.1376685e+01  -5.0156014e+01
   8.1377136e+01  -5.0156756e+01
   8.1377586e+01  -5.0157497e+01
   8.1378037e+01  -5.0158234e+01
   8.1378488e+01  -5.0158968e+01
   8.1378939e+01  -5.0159700e+01
   8.1379390e+01  -5.0160429e+01
   8.1379842e+01  -5.0161155e+01
   8.1380293e+01  -5.0161878e+01
   8.1380744e+01  -5.0162599e+01
   8.1381195e+01  -5.0163317e+01
   8.1381646e+01  -5.0164031e+01
   8.1382098e+01  -5.0164743e+01
   8.1382549e+01  -5.0165455e+01
   8.1383000e+01  -5.0166165e+01
   8.1383452e+01  -5.0166875e+01
   8.1383903e+01  -5.0167584e+01
   8.1384354e+01  -5.0168293e+01
   8.1384806e+01  -5.0169002e+01
   8.1385257e+01  -5.0169710e+01
   8.1385708e+01  -5.0170419e+01
   8.1386160e+01  -5.0171127e+01
   8.1386611e+01  -5.0171835e+01
   8.1387062e+01  -5.0172544e+01
   8.1387514e+01  -5.0173253e+01
   8.1387965e+01  -5.0173963e+01
   8.1388416e+01  -5.0174674e+01
   8.1388867e+01  -5.0175385e+01
   8.1389319e+01  -5.0176097e+01
   8.1389770e+01  -5.0176810e+01
   8.1390221e+01  -5.0177524e+01
   8.1390673e+01  -5.0178240e+01
   8.1391124e+01  -5.0178956e+01
   8.1391575e+01  -5.0179674e+01
   8.1392026e+01  -5.0180394e+01
   8.1392477e+01  -5.0181116e+01
   8.1392928e+01  -5.0181840e+01
   8.1393380e+01  -5.0182565e+01
   8.1393831e+01  -5.0183293e+01
   8.1394282e+01  -5.0184023e+01
   8.1394733e+01  -5.0184755e+01
   8.1395184e+01  -5.0185489e+01
   8.1395635e+01  -5.0186226e+01
   8.1396086e+01  -5.0186965e+01
   8.1396536e+01  -5.0187706e+01
   8.1396987e+01  -5.0188449e+01
   8.1397438e+01  -5.0189194e+01
   8.1397889e+01  -5.0189942e+01
   8.1398340e+01  -5.0190691e+01
   8.1398790e+01  -5.0191442e+01
   8.1399241e+01  -5.0192195e+01
   8.1399692e+01  -5.0192951e+01
   8.1400143e+01  -5.0193708e+01
   8.1400593e+01  -5.0194470e+01
   8.1401044e+01  -5.0195238e+01
   8.1401494e+01  -5.0196012e+01
   8.1401945e+01  -5.0196791e+01
   8.1402395e+01  -5.0197577e+01
   8.1402845e+01  -5.0198370e+01
   8.1403295e+01  -5.0199169e+01
   8.1403745e+01  -5.0199975e+01
   8.1404195e+01  -5.0200788e+01
   8.1404645e+01  -5.0201608e+01
   8.1405095e+01  -5.0202433e+01
   8.1405544e+01  -5.0203263e+01
   8.1405994e+01  -5.0204098e+01
   8.1406443e+01  -5.0204937e+01
   8.1406893e+01  -5.0205782e+01
   8.1407342e+01  -5.0206630e+01
   8.1407792e+01  -5.0207483e+01
   8.1408241e+01  -5.0208340e+01
   8.1408690e+01  -5.0209200e+01
   8.1409139e+01  -5.0210063e+01
   8.1409589e+01  -5.0210930e+01
   8.1410038e+01  -5.0211799e+01
   8.1410487e+01  -5.0212671e+01
   8.1410936e+01  -5.0213546e+01
   8.1411385e+01  -5.0214424e+01
   8.1411834e+01  -5.0215303e+01
   8.1412283e+01  -5.0216185e+01
   8.1412732e+01  -5.0217069e+01
   8.1413181e+01  -5.0217954e+01
   8.1413630e+01  -5.0218841e+01
   8.1414079e+01  -5.0219730e+01
   8.1414527e+01  -5.0220620e+01
   8.1414976e+01  -5.0221512e+01
   8.1415425e+01  -5.0222406e+01
   8.1415874e+01  -5.0223301e+01
   8.1416323e+01  -5.0224198e+01
   8.1416771e+01  -5.0225096e+01
   8.1417220e+01  -5.0225995e+01
   8.1417669e+01  -5.0226895e+01
   8.1418117e+01  -5.0227796e+01
   8.1418566e+01  -5.0228697e+01
   8.1419015e+01  -5.0229597e+01
   8.1419464e+01  -5.0230498e+01
   8.1419912e+01  -5.0231398e+01
   8.1420361e+01  -5.0232298e+01
   8.1420810e+01  -5.0233199e+01
   8.1421258e+01  -5.0234099e+01
   8.1421707e+01  -5.0235000e+01
   8.1422156e+01  -5.0235901e+01
   8.1422604e+01  -5.0236802e+01
   8.1423053e+01  -5.0237701e+01
   8.1423502e+01  -5.0238597e+01
   8.1423951e+01  -5.0239491e+01
   8.1424400e+01  -5.0240382e+01
   8.1424848e+01  -5.0241271e+01
   8.1425297e+01  -5.0242157e+01
   8.1425746e+01  -5.0243041e+01
   8.1426195e+01  -5.0243923e+01
   8.1426644e+01  -5.0244802e+01
   8.1427093e+01  -5.0245679e+01
   8.1427542e+01  -5.0246552e+01
   8.1427991e+01  -5.0247420e+01
   8.1428441e+01  -5.0248284e+01
   8.1428890e+01  -5.0249143e+01
   8.1429339e+01  -5.0249999e+01
   8.1429789e+01  -5.0250850e+01
   8.1430238e+01  -5.0251696e+01
   8.1430687e+01  -5.0252538e+01
   8.1431137e+01  -5.0253376e+01
   8.1431587e+01  -5.0254210e+01
   8.1432036e+01  -5.0255038e+01
   8.1432486e+01  -5.0255858e+01
   8.1432936e+01  -5.0256673e+01
   8.1433386e+01  -5.0257480e+01
   8.1433836e+01  -5.0258280e+01
   8.1434286e+01  -5.0259074e+01
   8.1434736e+01  -5.0259859e+01
   8.1435187e+01  -5.0260638e+01
   8.1435637e+01  -5.0261409e+01
   8.1436088e+01  -5.0262172e+01
   8.1436538e+01  -5.0262926e+01
   8.1436989e+01  -5.0263671e+01
   8.1437440e+01  -5.0264408e+01
   8.1437891e+01  -5.0265136e+01
   8.1438342e+01  -5.0265856e+01
   8.1438794e+01  -5.0266566e+01
   8.1439245e+01  -5.0267269e+01
   8.1439697e+01  -5.0267962e+01
   8.1440148e+01  -5.0268647e+01
   8.1440600e+01  -5.0269324e+01
   8.1441052e+01  -5.0269994e+01
   8.1441504e+01  -5.0270659e+01
   8.1441956e+01  -5.0271318e+01
   8.1442408e+01  -5.0271972e+01
   8.1442860e+01  -5.0272620e+01
   8.1443312e+01  -5.0273262e+01
   8.1443765e+01  -5.0273899e+01
   8.1444217e+01  -5.0274530e+01
   8.1444669e+01  -5.0275155e+01
   8.1445122e+01  -5.0275775e+01
   8.1445575e+01  -5.0276384e+01
   8.1446027e+01  -5.0276982e+01
   8.1446480e+01  -5.0277568e+01
   8.1446934e+01  -5.0278143e+01
   8.1447387e+01  -5.0278707e+01
   8.1447840e+01  -5.0279258e+01
   8.1448294e+01  -5.0279797e+01
   8.1448748e+01  -5.0280325e+01
   8.1449202e+01  -5.0280840e+01
   8.1449656e+01  -5.0281342e+01
   8.1450110e+01  -5.0281836e+01
   8.1450565e+01  -5.0282320e+01
   8.1451019e+01  -5.0282796e+01
   8.1451474e+01  -5.0283262e+01
   8.1451929e+01  -5.0283719e+01
   8.1452383e+01  -5.0284168e+01
   8.1452838e+01  -5.0284609e+01
   8.1453294e+01  -5.0285040e+01
   8.1453749e+01  -5.0285464e+01
   8.1454204e+01  -5.0285879e+01
   8.1454660e+01  -5.0286287e+01
   8.1455115e+01  -5.0286690e+01
   8.1455571e+01  -5.0287086e+01
   8.1456027e+01  -5.0287476e+01
   8.1456482e+01  -5.0287860e+01
   8.1456938e+01  -5.0288237e+01
   8.1457394e+01  -5.0288609e+01
   8.1457850e+01  -5.0288975e+01
   8.1458306e+01  -5.0289335e+01
   8.1458762e+01  -5.0289689e+01
   8.1459219e+01  -5.0290037e+01
   8.1459675e+01  -5.0290380e+01
   8.1460132e+01  -5.0290717e+01
   8.1460588e+01  -5.0291048e+01
   8.1461045e+01  -5.0291374e+01
   8.1461501e+01  -5.0291695e+01
   8.1461958e+01  -5.0292010e+01
   8.1462415e+01  -5.0292319e+01
   8.1462872e+01  -5.0292623e+01
   8.1463329e+01  -5.0292921e+01
   8.1463786e+01  -5.0293213e+01
   8.1464243e+01  -5.0293498e+01
   8.1464700e+01  -5.0293777e+01
   8.1465158e+01  -5.0294049e+01
   8.1465615e+01  -5.0294315e+01
   8.1466072e+01  -5.0294574e+01
   8.1466530e+01  -5.0294827e+01
   8.1466988e+01  -5.0295073e+01
   8.1467446e+01  -5.0295313e+01
   8.1467903e+01  -5.0295547e+01
   8.1468361e+01  -5.0295773e+01
   8.1468819e+01  -5.0295993e+01
   8.1469278e+01  -5.0296205e+01
   8.1469736e+01  -5.0296411e+01
   8.1470194e+01  -5.0296610e+01
   8.1470653e+01  -5.0296801e+01
   8.1471111e+01  -5.0296986e+01
   8.1471570e+01  -5.0297164e+01
   8.1472029e+01  -5.0297335e+01
   8.1472487e+01  -5.0297500e+01
   8.1472946e+01  -5.0297655e+01
   8.1473405e+01  -5.0297800e+01
   8.1473865e+01  -5.0297937e+01
   8.1474324e+01  -5.0298064e+01
   8.1474783e+01  -5.0298182e+01
   8.1475243e+01  -5.0298291e+01
   8.1475703e+01  -5.0298391e+01
   8.1476163e+01  -5.0298481e+01
   8.1476623e+01  -5.0298563e+01
   8.1477083e+01  -5.0298635e+01
   8.1477543e+01  -5.0298702e+01
   8.1478003e+01  -5.0298764e+01
   8.1478463e+01  -5.0298820e+01
   8.1478924e+01  -5.0298871e+01
   8.1479384e+01  -5.0298917e+01
   8.1479845e+01  -5.0298956e+01
   8.1480305e+01  -5.0298991e+01
   8.1480766e+01  -5.0299020e+01
   8.1481227e+01  -5.0299043e+01
   8.1481688e+01  -5.0299061e+01
   8.1482149e+01  -5.0299072e+01
   8.1482610e+01  -5.0299078e+01
   8.1483071e+01  -5.0299078e+01
   8.1483532e+01  -5.0299072e+01
   8.1483993e+01  -5.0299060e+01
   8.1484455e+01  -5.0299041e+01
   8.1484916e+01  -5.0299017e+01
   8.1485377e+01  -5.0298987e+01
   8.1485839e+01  -5.0298950e+01
   8.1486301e+01  -5.0298908e+01
   8.1486762e+01  -5.0298858e+01
   8.1487224e+01  -5.0298801e+01
   8.1487686e+01  -5.0298737e+01
   8.1488148e+01  -5.0298666e+01
   8.1488611e+01  -5.0298588e+01
   8.1489073e+01  -5.0298504e+01
   8.1489535e+01  -5.0298412e+01
   8.1489998e+01  -5.0298313e+01
   8.1490460e+01  -5.0298208e+01
   8.1490923e+01  -5.0298096e+01
   8.1491386e+01  -5.0297978e+01
   8.1491848e+01  -5.0297852e+01
   8.1492311e+01  -5.0297720e+01
   8.1492774e+01  -5.0297581e+01
   8.1493237e+01  -5.0297435e+01
   8.1493701e+01  -5.0297283e+01
   8.1494164e+01  -5.0297125e+01
   8.1494627e+01  -5.0296960e+01
   8.1495091e+01  -5.0296788e+01
   8.1495554e+01  -5.0296610e+01
   8.1496018e+01  -5.0296427e+01
   8.1496481e+01  -5.0296238e+01
   8.1496945e+01  -5.0296044e+01
   8.1497409e+01  -5.0295844e+01
   8.1497873e+01  -5.0295639e+01
   8.1498337e+01  -5.0295427e+01
   8.1498801e+01  -5.0295211e+01
   8.1499265e+01  -5.0294988e+01
   8.1499729e+01  -5.0294760e+01
   8.1500194e+01  -5.0294526e+01
   8.1500658e+01  -5.0294289e+01
   8.1501122e+01  -5.0294049e+01
   8.1501587e+01  -5.0293805e+01
   8.1502051e+01  -5.0293558e+01
   8.1502516e+01  -5.0293308e+01
   8.1502980e+01  -5.0293055e+01
   8.1503445e+01  -5.0292798e+01
   8.1503910e+01  -5.0292537e+01
   8.1504374e+01  -5.0292273e+01
   8.1504839e+01  -5.0292005e+01
   8.1505304e+01  -5.0291735e+01
   8.1505769e+01  -5.0291464e+01
   8.1506234e+01  -5.0291192e+01
   8.1506698e+01  -5.0290918e+01
   8.1507163e+01  -5.0290643e+01
   8.1507628e+01  -5.0290366e+01
   8.1508093e+01  -5.0290088e+01
   8.1508558e+01  -5.0289808e+01
   8.1509023e+01  -5.0289527e+01
   8.1509488e+01  -5.0289244e+01
   8.1509953e+01  -5.0288961e+01
   8.1510418e+01  -5.0288675e+01
   8.1510883e+01  -5.0288389e+01
   8.1511348e+01  -5.0288102e+01
   8.1511813e+01  -5.0287813e+01
   8.1512278e+01  -5.0287523e+01
   8.1512743e+01  -5.0287233e+01
   8.1513208e+01  -5.0286941e+01
   8.1513673e+01  -5.0286648e+01
   8.1514138e+01  -5.0286355e+01
   8.1514604e+01  -5.0286061e+01
   8.1515069e+01  -5.0285767e+01
   8.1515534e+01  -5.0285472e+01
   8.1515999e+01  -5.0285177e+01
   8.1516464e+01  -5.0284882e+01
   8.1516929e+01  -5.0284586e+01
   8.1517394e+01  -5.0284290e+01
   8.1517859e+01  -5.0283994e+01
   8.1518325e+01  -5.0283697e+01
   8.1518790e+01  -5.0283400e+01
   8.1519255e+01  -5.0283105e+01
   8.1519720e+01  -5.0282811e+01
   8.1520185e+01  -5.0282519e+01
   8.1520650e+01  -5.0282229e+01
   8.1521115e+01  -5.0281940e+01
   8.1521580e+01  -5.0281653e+01
   8.1522045e+01  -5.0281368e+01
   8.1522510e+01  -5.0281084e+01
   8.1522975e+01  -5.0280801e+01
   8.1523440e+01  -5.0280520e+01
   8.1523905e+01  -5.0280241e+01
   8.1524370e+01  -5.0279963e+01
   8.1524835e+01  -5.0279687e+01
   8.1525300e+01  -5.0279412e+01
   8.1525764e+01  -5.0279138e+01
   8.1526229e+01  -5.0278865e+01
   8.1526694e+01  -5.0278593e+01
   8.1527159e+01  -5.0278323e+01
   8.1527624e+01  -5.0278054e+01
   8.1528088e+01  -5.0277785e+01
   8.1528553e+01  -5.0277518e+01
   8.1529018e+01  -5.0277252e+01
   8.1529482e+01  -5.0276987e+01
   8.1529947e+01  -5.0276723e+01
   8.1530412e+01  -5.0276461e+01
   8.1530876e+01  -5.0276199e+01
   8.1531341e+01  -5.0275939e+01
   8.1531806e+01  -5.0275679e+01
   8.1532270e+01  -5.0275421e+01
   8.1532735e+01  -5.0275164e+01
   8.1533200e+01  -5.0274910e+01
   8.1533664e+01  -5.0274658e+01
   8.1534129e+01  -5.0274408e+01
   8.1534593e+01  -5.0274161e+01
   8.1535057e+01  -5.0273917e+01
   8.1535522e+01  -5.0273674e+01
   8.1535986e+01  -5.0273434e+01
   8.1536451e+01  -5.0273196e+01
   8.1536915e+01  -5.0272960e+01
   8.1537379e+01  -5.0272727e+01
   8.1537843e+01  -5.0272496e+01
   8.1538308e+01  -5.0272267e+01
   8.1538772e+01  -5.0272041e+01
   8.1539236e+01  -5.0271818e+01
   8.1539700e+01  -5.0271596e+01
   8.1540164e+01  -5.0271378e+01
   8.1540628e+01  -5.0271162e+01
   8.1541092e+01  -5.0270948e+01
   8.1541556e+01  -5.0270737e+01
   8.1542020e+01  -5.0270528e+01
   8.1542484e+01  -5.0270323e+01
   8.1542948e+01  -5.0270121e+01
   8.1543412e+01  -5.0269922e+01
   8.1543875e+01  -5.0269727e+01
   8.1544339e+01  -5.0269535e+01
   8.1544803e+01  -5.0269347e+01
   8.1545266e+01  -5.0269162e+01
   8.1545730e+01  -5.0268980e+01
   8.1546193e+01  -5.0268802e+01
   8.1546657e+01  -5.0268628e+01
   8.1547120e+01  -5.0268457e+01
   8.1547584e+01  -5.0268290e+01
   8.1548047e+01  -5.0268128e+01
   8.1548510e+01  -5.0267969e+01
   8.1548973e+01  -5.0267814e+01
   8.1549437e+01  -5.0267664e+01
   8.1549900e+01  -5.0267517e+01
   8.1550363e+01  -5.0267374e+01
   8.1550826e+01  -5.0267236e+01
   8.1551289e+01  -5.0267101e+01
   8.1551751e+01  -5.0266973e+01
   8.1552214e+01  -5.0266852e+01
   8.1552677e+01  -5.0266738e+01
   8.1553139e+01  -5.0266630e+01
   8.1553602e+01  -5.0266530e+01
   8.1554064e+01  -5.0266435e+01
   8.1554527e+01  -5.0266348e+01
   8.1554989e+01  -5.0266267e+01
   8.1555451e+01  -5.0266193e+01
   8.1555913e+01  -5.0266125e+01
   8.1556375e+01  -5.0266066e+01
   8.1556837e+01  -5.0266014e+01
   8.1557298e+01  -5.0265970e+01
   8.1557760e+01  -5.0265934e+01
   8.1558221e+01  -5.0265905e+01
   8.1558683e+01  -5.0265884e+01
   8.1559144e+01  -5.0265872e+01
   8.1559605e+01  -5.0265866e+01
   8.1560066e+01  -5.0265869e+01
   8.1560527e+01  -5.0265879e+01
   8.1560988e+01  -5.0265901e+01
   8.1561449e+01  -5.0265934e+01
   8.1561909e+01  -5.0265978e+01
   8.1562370e+01  -5.0266033e+01
   8.1562830e+01  -5.0266100e+01
   8.1563290e+01  -5.0266177e+01
   8.1563750e+01  -5.0266266e+01
   8.1564210e+01  -5.0266365e+01
   8.1564669e+01  -5.0266476e+01
   8.1565129e+01  -5.0266597e+01
   8.1565588e+01  -5.0266730e+01
   8.1566047e+01  -5.0266874e+01
   8.1566506e+01  -5.0267029e+01
   8.1566965e+01  -5.0267195e+01
   8.1567424e+01  -5.0267373e+01
   8.1567882e+01  -5.0267563e+01
   8.1568341e+01  -5.0267763e+01
   8.1568799e+01  -5.0267975e+01
   8.1569257e+01  -5.0268199e+01
   8.1569715e+01  -5.0268433e+01
   8.1570173e+01  -5.0268675e+01
   8.1570631e+01  -5.0268924e+01
   8.1571088e+01  -5.0269180e+01
   8.1571546e+01  -5.0269444e+01
   8.1572003e+01  -5.0269714e+01
   8.1572461e+01  -5.0269991e+01
   8.1572918e+01  -5.0270276e+01
   8.1573375e+01  -5.0270568e+01
   8.1573832e+01  -5.0270866e+01
   8.1574289e+01  -5.0271172e+01
   8.1574746e+01  -5.0271486e+01
   8.1575203e+01  -5.0271808e+01
   8.1575660e+01  -5.0272137e+01
   8.1576116e+01  -5.0272475e+01
   8.1576573e+01  -5.0272820e+01
   8.1577029e+01  -5.0273174e+01
   8.1577485e+01  -5.0273535e+01
   8.1577941e+01  -5.0273905e+01
   8.1578397e+01  -5.0274283e+01
   8.1578853e+01  -5.0274668e+01
   8.1579309e+01  -5.0275060e+01
   8.1579765e+01  -5.0275458e+01
   8.1580220e+01  -5.0275861e+01
   8.1580676e+01  -5.0276271e+01
   8.1581132e+01  -5.0276687e+01
   8.1581587e+01  -5.0277108e+01
   8.1582042e+01  -5.0277536e+01
   8.1582498e+01  -5.0277971e+01
   8.1582953e+01  -5.0278411e+01
   8.1583408e+01  -5.0278857e+01
   8.1583863e+01  -5.0279308e+01
   8.1584318e+01  -5.0279764e+01
   8.1584773e+01  -5.0280225e+01
   8.1585228e+01  -5.0280691e+01
   8.1585682e+01  -5.0281161e+01
   8.1586137e+01  -5.0281637e+01
   8.1586592e+01  -5.0282117e+01
   8.1587046e+01  -5.0282602e+01
   8.1587501e+01  -5.0283092e+01
   8.1587955e+01  -5.0283587e+01
   8.1588410e+01  -5.0284087e+01
   8.1588864e+01  -5.0284592e+01
   8.1589318e+01  -5.0285101e+01
   8.1589772e+01  -5.0285615e+01
   8.1590226e+01  -5.0286134e+01
   8.1590681e+01  -5.0286658e+01
   8.1591135e+01  -5.0287187e+01
   8.1591588e+01  -5.0287720e+01
   8.1592042e+01  -5.0288258e+01
   8.1592496e+01  -5.0288801e+01
   8.1592950e+01  -5.0289351e+01
   8.1593403e+01  -5.0289907e+01
   8.1593857e+01  -5.0290470e+01
   8.1594310e+01  -5.0291040e+01
   8.1594764e+01  -5.0291617e+01
   8.1595217e+01  -5.0292200e+01
   8.1595670e+01  -5.0292789e+01
   8.1596123e+01  -5.0293385e+01
   8.1596576e+01  -5.0293987e+01
   8.1597029e+01  -5.0294596e+01
   8.1597482e+01  -5.0295208e+01
   8.1597935e+01  -5.0295824e+01
   8.1598388e+01  -5.0296444e+01
   8.1598840e+01  -5.0297068e+01
   8.1599293e+01  -5.0297695e+01
   8.1599746e+01  -5.0298326e+01
   8.1600198e+01  -5.0298960e+01
   8.1600651e+01  -5.0299599e+01
   8.1601103e+01  -5.0300241e+01
   8.1601555e+01  -5.0300887e+01
   8.1602008e+01  -5.0301535e+01
   8.1602460e+01  -5.0302186e+01
   8.1602913e+01  -5.0302839e+01
   8.1603365e+01  -5.0303495e+01
   8.1603817e+01  -5.0304154e+01
   8.1604269e+01  -5.0304814e+01
   8.1604721e+01  -5.0305478e+01
   8.1605174e+01  -5.0306143e+01
   8.1605626e+01  -5.0306812e+01
   8.1606078e+01  -5.0307482e+01
   8.1606530e+01  -5.0308156e+01
   8.1606982e+01  -5.0308832e+01
   8.1607434e+01  -5.0309511e+01
   8.1607886e+01  -5.0310193e+01
   8.1608337e+01  -5.0310878e+01
   8.1608789e+01  -5.0311566e+01
   8.1609241e+01  -5.0312256e+01
   8.1609693e+01  -5.0312949e+01
   8.1610145e+01  -5.0313645e+01
   8.1610596e+01  -5.0314344e+01
   8.1611048e+01  -5.0315045e+01
   8.1611500e+01  -5.0315747e+01
   8.1611951e+01  -5.0316451e+01
   8.1612403e+01  -5.0317156e+01
   8.1612854e+01  -5.0317864e+01
   8.1613306e+01  -5.0318573e+01
   8.1613758e+01  -5.0319283e+01
   8.1614209e+01  -5.0319995e+01
   8.1614661e+01  -5.0320708e+01
   8.1615112e+01  -5.0321423e+01
   8.1615563e+01  -5.0322141e+01
   8.1616015e+01  -5.0322861e+01
   8.1616466e+01  -5.0323585e+01
   8.1616918e+01  -5.0324311e+01
   8.1617369e+01  -5.0325040e+01
   8.1617820e+01  -5.0325772e+01
   8.1618271e+01  -5.0326507e+01
   8.1618722e+01  -5.0327245e+01
   8.1619173e+01  -5.0327987e+01
   8.1619625e+01  -5.0328731e+01
   8.1620076e+01  -5.0329479e+01
   8.1620527e+01  -5.0330231e+01
   8.1620977e+01  -5.0330986e+01
   8.1621428e+01  -5.0331745e+01
   8.1621879e+01  -5.0332507e+01
   8.1622330e+01  -5.0333273e+01
   8.1622781e+01  -5.0334043e+01
   8.1623231e+01  -5.0334816e+01
   8.1623682e+01  -5.0335593e+01
   8.1624133e+01  -5.0336374e+01
   8.1624583e+01  -5.0337157e+01
   8.1625034e+01  -5.0337942e+01
   8.1625484e+01  -5.0338730e+01
   8.1625935e+01  -5.0339521e+01
   8.1626385e+01  -5.0340314e+01
   8.1626835e+01  -5.0341109e+01
   8.1627286e+01  -5.0341907e+01
   8.1627736e+01  -5.0342706e+01
   8.1628186e+01  -5.0343508e+01
   8.1628637e+01  -5.0344312e+01
   8.1629087e+01  -5.0345118e+01
   8.1629537e+01  -5.0345925e+01
   8.1629987e+01  -5.0346735e+01
   8.1630437e+01  -5.0347546e+01
   8.1630887e+01  -5.0348359e+01
   8.1631338e+01  -5.0349174e+01
   8.1631788e+01  -5.0349990e+01
   8.1632238e+01  -5.0350809e+01
   8.1632688e+01  -5.0351629e+01
   8.1633138e+01  -5.0352451e+01
   8.1633588e+01  -5.0353273e+01
   8.1634038e+01  -5.0354095e+01
   8.1634488e+01  -5.0354916e+01
   8.1634938e+01  -5.0355738e+01
   8.1635388e+01  -5.0356559e+01
   8.1635838e+01  -5.0357381e+01
   8.1636288e+01  -5.0358203e+01
   8.1636738e+01  -5.0359025e+01
   8.1637188e+01  -5.0359847e+01
   8.1637638e+01  -5.0360670e+01
   8.1638088e+01  -5.0361492e+01
   8.1638538e+01  -5.0362314e+01
   8.1638988e+01  -5.0363134e+01
   8.1639438e+01  -5.0363955e+01
   8.1639888e+01  -5.0364774e+01
   8.1640338e+01  -5.0365593e+01
   8.1640788e+01  -5.0366411e+01
   8.1641238e+01  -5.0367228e+01
   8.1641688e+01  -5.0368045e+01
   8.1642138e+01  -5.0368860e+01
   8.1642588e+01  -5.0369675e+01
   8.1643039e+01  -5.0370490e+01
   8.1643489e+01  -5.0371304e+01
   8.1643939e+01  -5.0372117e+01
   8.1644389e+01  -5.0372929e+01
   8.1644839e+01  -5.0373740e+01
   8.1645289e+01  -5.0374551e+01
   8.1645739e+01  -5.0375360e+01
   8.1646190e+01  -5.0376168e+01
   8.1646640e+01  -5.0376975e+01
   8.1647090e+01  -5.0377781e+01
   8.1647540e+01  -5.0378587e+01
   8.1647990e+01  -5.0379391e+01
   8.1648441e+01  -5.0380195e+01
   8.1648891e+01  -5.0380998e+01
   8.1649341e+01  -5.0381800e+01
   8.1649792e+01  -5.0382601e+01
   8.1650242e+01  -5.0383401e+01
   8.1650692e+01  -5.0384200e+01
   8.1651142e+01  -5.0384999e+01
   8.1651593e+01  -5.0385798e+01
   8.1652043e+01  -5.0386597e+01
   8.1652493e+01  -5.0387396e+01
   8.1652944e+01  -5.0388195e+01
   8.1653394e+01  -5.0388994e+01
   8.1653844e+01  -5.0389792e+01
   8.1654295e+01  -5.0390591e+01
   8.1654745e+01  -5.0391389e+01
   8.1655195e+01  -5.0392187e+01
   8.1655646e+01  -5.0392985e+01
   8.1656096e+01  -5.0393782e+01
   8.1656546e+01  -5.0394578e+01
   8.1656997e+01  -5.0395372e+01
   8.1657447e+01  -5.0396165e+01
   8.1657898e+01  -5.0396957e+01
   8.1658348e+01  -5.0397748e+01
   8.1658798e+01  -5.0398537e+01
   8.1659249e+01  -5.0399324e+01
   8.1659699e+01  -5.0400110e+01
   8.1660150e+01  -5.0400895e+01
   8.1660600e+01  -5.0401678e+01
   8.1661051e+01  -5.0402459e+01
   8.1661502e+01  -5.0403238e+01
   8.1661952e+01  -5.0404016e+01
   8.1662403e+01  -5.0404791e+01
   8.1662853e+01  -5.0405565e+01
   8.1663304e+01  -5.0406336e+01
   8.1663755e+01  -5.0407105e+01
   8.1664206e+01  -5.0407872e+01
   8.1664656e+01  -5.0408636e+01
   8.1665107e+01  -5.0409398e+01
   8.1665558e+01  -5.0410158e+01
   8.1666009e+01  -5.0410916e+01
   8.1666460e+01  -5.0411672e+01
   8.1666911e+01  -5.0412425e+01
   8.1667362e+01  -5.0413177e+01
   8.1667813e+01  -5.0413926e+01
   8.1668264e+01  -5.0414672e+01
   8.1668715e+01  -5.0415417e+01
   8.1669166e+01  -5.0416159e+01
   8.1669617e+01  -5.0416900e+01
   8.1670068e+01  -5.0417638e+01
   8.1670519e+01  -5.0418376e+01
   8.1670970e+01  -5.0419112e+01
   8.1671422e+01  -5.0419846e+01
   8.1671873e+01  -5.0420579e+01
   8.1672324e+01  -5.0421310e+01
   8.1672775e+01  -5.0422040e+01
   8.1673227e+01  -5.0422769e+01
   8.1673678e+01  -5.0423496e+01
   8.1674129e+01  -5.0424220e+01
   8.1674581e+01  -5.0424941e+01
   8.1675032e+01  -5.0425660e+01
   8.1675484e+01  -5.0426375e+01
   8.1675935e+01  -5.0427087e+01
   8.1676387e+01  -5.0427797e+01
   8.1676838e+01  -5.0428503e+01
   8.1677290e+01  -5.0429206e+01
   8.1677741e+01  -5.0429907e+01
   8.1678193e+01  -5.0430604e+01
   8.1678645e+01  -5.0431299e+01
   8.1679097e+01  -5.0431989e+01
   8.1679549e+01  -5.0432677e+01
   8.1680000e+01  -5.0433361e+01
   8.1680452e+01  -5.0434042e+01
   8.1680904e+01  -5.0434719e+01
   8.1681356e+01  -5.0435393e+01
   8.1681808e+01  -5.0436063e+01
   8.1682261e+01  -5.0436730e+01
   8.1682713e+01  -5.0437393e+01
   8.1683165e+01  -5.0438053e+01
   8.1683617e+01  -5.0438711e+01
   8.1684070e+01  -5.0439365e+01
   8.1684522e+01  -5.0440017e+01
   8.1684974e+01  -5.0440666e+01
   8.1685427e+01  -5.0441311e+01
   8.1685879e+01  -5.0441954e+01
   8.1686332e+01  -5.0442593e+01
   8.1686784e+01  -5.0443230e+01
   8.1687237e+01  -5.0443863e+01
   8.1687689e+01  -5.0444493e+01
   8.1688142e+01  -5.0445120e+01
   8.1688595e+01  -5.0445744e+01
   8.1689048e+01  -5.0446365e+01
   8.1689500e+01  -5.0446982e+01
   8.1689953e+01  -5.0447596e+01
   8.1690406e+01  -5.0448206e+01
   8.1690859e+01  -5.0448813e+01
   8.1691312e+01  -5.0449417e+01
   8.1691765e+01  -5.0450017e+01
   8.1692218e+01  -5.0450614e+01
   8.1692671e+01  -5.0451209e+01
   8.1693125e+01  -5.0451801e+01
   8.1693578e+01  -5.0452390e+01
   8.1694031e+01  -5.0452977e+01
   8.1694484e+01  -5.0453560e+01
   8.1694938e+01  -5.0454141e+01
   8.1695391e+01  -5.0454719e+01
   8.1695844e+01  -5.0455294e+01
   8.1696298e+01  -5.0455866e+01
   8.1696751e+01  -5.0456434e+01
   8.1697205e+01  -5.0456997e+01
   8.1697658e+01  -5.0457556e+01
   8.1698112e+01  -5.0458110e+01
   8.1698566e+01  -5.0458660e+01
   8.1699020e+01  -5.0459206e+01
   8.1699474e+01  -5.0459748e+01
   8.1699927e+01  -5.0460285e+01
   8.1700381e+01  -5.0460817e+01
   8.1700835e+01  -5.0461345e+01
   8.1701290e+01  -5.0461870e+01
   8.1701744e+01  -5.0462392e+01
   8.1702198e+01  -5.0462912e+01
   8.1702652e+01  -5.0463428e+01
   8.1703106e+01  -5.0463941e+01
   8.1703561e+01  -5.0464452e+01
   8.1704015e+01  -5.0464959e+01
   8.1704469e+01  -5.0465464e+01
   8.1704924e+01  -5.0465965e+01
   8.1705378e+01  -5.0466464e+01
   8.1705833e+01  -5.0466958e+01
   8.1706287e+01  -5.0467448e+01
   8.1706742e+01  -5.0467934e+01
   8.1707197e+01  -5.0468416e+01
   8.1707651e+01  -5.0468893e+01
   8.1708106e+01  -5.0469366e+01
   8.1708561e+01  -5.0469835e+01
   8.1709016e+01  -5.0470300e+01
   8.1709471e+01  -5.0470761e+01
   8.1709926e+01  -5.0471217e+01
   8.1710381e+01  -5.0471669e+01
   8.1710836e+01  -5.0472117e+01
   8.1711292e+01  -5.0472561e+01
   8.1711747e+01  -5.0473000e+01
   8.1712202e+01  -5.0473435e+01
   8.1712658e+01  -5.0473865e+01
   8.1713113e+01  -5.0474292e+01
   8.1713569e+01  -5.0474713e+01
   8.1714024e+01  -5.0475131e+01
   8.1714480e+01  -5.0475544e+01
   8.1714935e+01  -5.0475957e+01
   8.1715391e+01  -5.0476370e+01
   8.1715847e+01  -5.0476782e+01
   8.1716302e+01  -5.0477194e+01
   8.1716758e+01  -5.0477605e+01
   8.1717214e+01  -5.0478017e+01
   8.1717670e+01  -5.0478428e+01
   8.1718125e+01  -5.0478839e+01
   8.1718581e+01  -5.0479250e+01
   8.1719037e+01  -5.0479660e+01
   8.1719492e+01  -5.0480071e+01
   8.1719948e+01  -5.0480481e+01
   8.1720404e+01  -5.0480892e+01
   8.1720859e+01  -5.0481303e+01
   8.1721315e+01  -5.0481714e+01
   8.1721771e+01  -5.0482125e+01
   8.1722226e+01  -5.0482536e+01
   8.1722682e+01  -5.0482948e+01
   8.1723138e+01  -5.0483359e+01
   8.1723593e+01  -5.0483771e+01
   8.1724049e+01  -5.0484183e+01
   8.1724505e+01  -5.0484596e+01
   8.1724960e+01  -5.0485010e+01
   8.1725416e+01  -5.0485424e+01
   8.1725872e+01  -5.0485839e+01
   8.1726327e+01  -5.0486255e+01
   8.1726783e+01  -5.0486671e+01
   8.1727239e+01  -5.0487089e+01
   8.1727694e+01  -5.0487506e+01
   8.1728150e+01  -5.0487925e+01
   8.1728605e+01  -5.0488345e+01
   8.1729061e+01  -5.0488765e+01
   8.1729516e+01  -5.0489187e+01
   8.1729972e+01  -5.0489610e+01
   8.1730427e+01  -5.0490034e+01
   8.1730883e+01  -5.0490458e+01
   8.1731338e+01  -5.0490885e+01
   8.1731794e+01  -5.0491312e+01
   8.1732249e+01  -5.0491740e+01
   8.1732705e+01  -5.0492169e+01
   8.1733160e+01  -5.0492601e+01
   8.1733616e+01  -5.0493034e+01
   8.1734071e+01  -5.0493469e+01
   8.1734526e+01  -5.0493906e+01
   8.1734982e+01  -5.0494344e+01
   8.1735437e+01  -5.0494785e+01
   8.1735892e+01  -5.0495227e+01
   8.1736347e+01  -5.0495672e+01
   8.1736803e+01  -5.0496118e+01
   8.1737258e+01  -5.0496566e+01
   8.1737713e+01  -5.0497016e+01
   8.1738168e+01  -5.0497467e+01
   8.1738623e+01  -5.0497920e+01
   8.1739078e+01  -5.0498375e+01
   8.1739533e+01  -5.0498831e+01
   8.1739988e+01  -5.0499289e+01
   8.1740444e+01  -5.0499749e+01
   8.1740899e+01  -5.0500210e+01
   8.1741353e+01  -5.0500673e+01
   8.1741808e+01  -5.0501138e+01
   8.1742263e+01  -5.0501605e+01
   8.1742718e+01  -5.0502074e+01
   8.1743173e+01  -5.0502546e+01
   8.1743628e+01  -5.0503019e+01
   8.1744083e+01  -5.0503495e+01
   8.1744538e+01  -5.0503973e+01
   8.1744992e+01  -5.0504453e+01
   8.1745447e+01  -5.0504935e+01
   8.1745902e+01  -5.0505419e+01
   8.1746356e+01  -5.0505905e+01
   8.1746811e+01  -5.0506395e+01
   8.1747266e+01  -5.0506887e+01
   8.1747720e+01  -5.0507383e+01
   8.1748175e+01  -5.0507881e+01
   8.1748629e+01  -5.0508382e+01
   8.1749084e+01  -5.0508887e+01
   8.1749538e+01  -5.0509394e+01
   8.1749992e+01  -5.0509905e+01
   8.1750447e+01  -5.0510418e+01
   8.1750901e+01  -5.0510935e+01
   8.1751355e+01  -5.0511456e+01
   8.1751809e+01  -5.0511982e+01
   8.1752263e+01  -5.0512513e+01
   8.1752717e+01  -5.0513049e+01
   8.1753171e+01  -5.0513590e+01
   8.1753625e+01  -5.0514135e+01
   8.1754079e+01  -5.0514686e+01
   8.1754532e+01  -5.0515241e+01
   8.1754986e+01  -5.0515801e+01
   8.1755440e+01  -5.0516366e+01
   8.1755893e+01  -5.0516937e+01
   8.1756347e+01  -5.0517514e+01
   8.1756800e+01  -5.0518096e+01
   8.1757253e+01  -5.0518684e+01
   8.1757706e+01  -5.0519278e+01
   8.1758160e+01  -5.0519877e+01
   8.1758613e+01  -5.0520482e+01
   8.1759066e+01  -5.0521093e+01
   8.1759518e+01  -5.0521710e+01
   8.1759971e+01  -5.0522332e+01
   8.1760424e+01  -5.0522958e+01
   8.1760877e+01  -5.0523590e+01
   8.1761329e+01  -5.0524226e+01
   8.1761782e+01  -5.0524867e+01
   8.1762234e+01  -5.0525513e+01
   8.1762687e+01  -5.0526164e+01
   8.1763139e+01  -5.0526820e+01
   8.1763591e+01  -5.0527480e+01
   8.1764043e+01  -5.0528146e+01
   8.1764496e+01  -5.0528817e+01
   8.1764948e+01  -5.0529494e+01
   8.1765400e+01  -5.0530175e+01
   8.1765851e+01  -5.0530862e+01
   8.1766303e+01  -5.0531555e+01
   8.1766755e+01  -5.0532253e+01
   8.1767207e+01  -5.0532956e+01
   8.1767658e+01  -5.0533664e+01
   8.1768110e+01  -5.0534378e+01
   8.1768561e+01  -5.0535097e+01
   8.1769013e+01  -5.0535822e+01
   8.1769464e+01  -5.0536553e+01
   8.1769915e+01  -5.0537289e+01
   8.1770366e+01  -5.0538031e+01
   8.1770817e+01  -5.0538778e+01
   8.1771268e+01  -5.0539532e+01
   8.1771719e+01  -5.0540291e+01
   8.1772170e+01  -5.0541056e+01
   8.1772621e+01  -5.0541826e+01
   8.1773071e+01  -5.0542602e+01
   8.1773522e+01  -5.0543384e+01
   8.1773973e+01  -5.0544173e+01
   8.1774423e+01  -5.0544970e+01
   8.1774873e+01  -5.0545775e+01
   8.1775323e+01  -5.0546587e+01
   8.1775773e+01  -5.0547407e+01
   8.1776223e+01  -5.0548234e+01
   8.1776673e+01  -5.0549068e+01
   8.1777123e+01  -5.0549910e+01
   8.1777573e+01  -5.0550759e+01
   8.1778022e+01  -5.0551615e+01
   8.1778472e+01  -5.0552478e+01
   8.1778921e+01  -5.0553347e+01
   8.1779370e+01  -5.0554223e+01
   8.1779819e+01  -5.0555105e+01
   8.1780269e+01  -5.0555994e+01
   8.1780718e+01  -5.0556890e+01
   8.1781166e+01  -5.0557792e+01
   8.1781615e+01  -5.0558702e+01
   8.1782064e+01  -5.0559618e+01
   8.1782513e+01  -5.0560541e+01
   8.1782961e+01  -5.0561469e+01
   8.1783410e+01  -5.0562401e+01
   8.1783858e+01  -5.0563338e+01
   8.1784306e+01  -5.0564279e+01
   8.1784755e+01  -5.0565224e+01
   8.1785203e+01  -5.0566174e+01
   8.1785651e+01  -5.0567129e+01
   8.1786099e+01  -5.0568088e+01
   8.1786547e+01  -5.0569050e+01
   8.1786995e+01  -5.0570018e+01
   8.1787443e+01  -5.0570990e+01
   8.1787891e+01  -5.0571968e+01
   8.1788339e+01  -5.0572953e+01
   8.1788786e+01  -5.0573942e+01
   8.1789234e+01  -5.0574938e+01
   8.1789682e+01  -5.0575940e+01
   8.1790129e+01  -5.0576948e+01
   8.1790576e+01  -5.0577962e+01
   8.1791024e+01  -5.0578981e+01
   8.1791471e+01  -5.0580007e+01
   8.1791918e+01  -5.0581038e+01
   8.1792365e+01  -5.0582073e+01
   8.1792812e+01  -5.0583114e+01
   8.1793259e+01  -5.0584159e+01
   8.1793706e+01  -5.0585210e+01
   8.1794152e+01  -5.0586265e+01
   8.1794599e+01  -5.0587325e+01
   8.1795046e+01  -5.0588391e+01
   8.1795492e+01  -5.0589461e+01
   8.1795939e+01  -5.0590536e+01
   8.1796385e+01  -5.0591615e+01
   8.1796831e+01  -5.0592698e+01
   8.1797278e+01  -5.0593785e+01
   8.1797724e+01  -5.0594875e+01
   8.1798170e+01  -5.0595969e+01
   8.1798616e+01  -5.0597067e+01
   8.1799062e+01  -5.0598169e+01
   8.1799508e+01  -5.0599274e+01
   8.1799954e+01  -5.0600384e+01
   8.1800400e+01  -5.0601497e+01
   8.1800846e+01  -5.0602612e+01
   8.1801292e+01  -5.0603731e+01
   8.1801738e+01  -5.0604852e+01
   8.1802184e+01  -5.0605976e+01
   8.1802629e+01  -5.0607103e+01
   8.1803075e+01  -5.0608233e+01
   8.1803521e+01  -5.0609366e+01
   8.1803966e+01  -5.0610502e+01
   8.1804412e+01  -5.0611640e+01
   8.1804857e+01  -5.0612782e+01
   8.1805303e+01  -5.0613928e+01
   8.1805748e+01  -5.0615079e+01
   8.1806194e+01  -5.0616233e+01
   8.1806639e+01  -5.0617393e+01
   8.1807084e+01  -5.0618558e+01
   8.1807529e+01  -5.0619730e+01
   8.1807974e+01  -5.0620908e+01
   8.1808419e+01  -5.0622093e+01
   8.1808864e+01  -5.0623284e+01
   8.1809309e+01  -5.0624482e+01
   8.1809753e+01  -5.0625683e+01
   8.1810198e+01  -5.0626887e+01
   8.1810642e+01  -5.0628094e+01
   8.1811087e+01  -5.0629305e+01
   8.1811532e+01  -5.0630518e+01
   8.1811976e+01  -5.0631735e+01
   8.1812420e+01  -5.0632956e+01
   8.1812865e+01  -5.0634180e+01
   8.1813309e+01  -5.0635408e+01
   8.1813753e+01  -5.0636640e+01
