   6.9395097e+01  -5.0253076e+01
   6.9394854e+01  -5.0254288e+01
   6.9394597e+01  -5.0255496e+01
   6.9394325e+01  -5.0256701e+01
   6.9394037e+01  -5.0257901e+01
   6.9393733e+01  -5.0259097e+01
   6.9393411e+01  -5.0260288e+01
   6.9393070e+01  -5.0261474e+01
   6.9392709e+01  -5.0262655e+01
   6.9392326e+01  -5.0263831e+01
   6.9391921e+01  -5.0265000e+01
   6.9391490e+01  -5.0266163e+01
   6.9391036e+01  -5.0267319e+01
   6.9390558e+01  -5.0268469e+01
   6.9390073e+01  -5.0269567e+01
   6.9389591e+01  -5.0270594e+01
   6.9389110e+01  -5.0271562e+01
   6.9388631e+01  -5.0272475e+01
   6.9388154e+01  -5.0273335e+01
   6.9387678e+01  -5.0274144e+01
   6.9387204e+01  -5.0274905e+01
   6.9386732e+01  -5.0275622e+01
   6.9386261e+01  -5.0276296e+01
   6.9385791e+01  -5.0276929e+01
   6.9385322e+01  -5.0277538e+01
   6.9384853e+01  -5.0278123e+01
   6.9384386e+01  -5.0278690e+01
   6.9383918e+01  -5.0279240e+01
   6.9383452e+01  -5.0279774e+01
   6.9382986e+01  -5.0280293e+01
   6.9382520e+01  -5.0280799e+01
   6.9382055e+01  -5.0281292e+01
   6.9381590e+01  -5.0281774e+01
   6.9381125e+01  -5.0282245e+01
   6.9380661e+01  -5.0282707e+01
   6.9380197e+01  -5.0283160e+01
   6.9379733e+01  -5.0283612e+01
   6.9379269e+01  -5.0284062e+01
   6.9378805e+01  -5.0284511e+01
   6.9378341e+01  -5.0284959e+01
   6.9377877e+01  -5.0285407e+01
   6.9377413e+01  -5.0285855e+01
   6.9376949e+01  -5.0286302e+01
   6.9376486e+01  -5.0286750e+01
   6.9376022e+01  -5.0287199e+01
   6.9375558e+01  -5.0287652e+01
   6.9375093e+01  -5.0288110e+01
   6.9374629e+01  -5.0288573e+01
   6.9374164e+01  -5.0289043e+01
   6.9373700e+01  -5.0289520e+01
   6.9373235e+01  -5.0290004e+01
   6.9372769e+01  -5.0290495e+01
   6.9372304e+01  -5.0290994e+01
   6.9371838e+01  -5.0291502e+01
   6.9371372e+01  -5.0292017e+01
   6.9370905e+01  -5.0292542e+01
   6.9370439e+01  -5.0293077e+01
   6.9369972e+01  -5.0293623e+01
   6.9369504e+01  -5.0294181e+01
   6.9369036e+01  -5.0294752e+01
   6.9368568e+01  -5.0295336e+01
   6.9368099e+01  -5.0295933e+01
   6.9367630e+01  -5.0296543e+01
   6.9367160e+01  -5.0297168e+01
   6.9366690e+01  -5.0297805e+01
   6.9366220e+01  -5.0298450e+01
   6.9365750e+01  -5.0299081e+01
   6.9365281e+01  -5.0299700e+01
   6.9364811e+01  -5.0300306e+01
   6.9364343e+01  -5.0300901e+01
   6.9363874e+01  -5.0301487e+01
   6.9363406e+01  -5.0302064e+01
   6.9362938e+01  -5.0302633e+01
   6.9362471e+01  -5.0303195e+01
   6.9362003e+01  -5.0303752e+01
   6.9361536e+01  -5.0304303e+01
   6.9361069e+01  -5.0304848e+01
   6.9360602e+01  -5.0305388e+01
   6.9360135e+01  -5.0305922e+01
   6.9359669e+01  -5.0306451e+01
   6.9359202e+01  -5.0306975e+01
   6.9358736e+01  -5.0307494e+01
   6.9358270e+01  -5.0308009e+01
   6.9357850e+01  -5.0307123e+01
   6.9357446e+01  -5.0305743e+01
   6.9357041e+01  -5.0304364e+01
   6.9356637e+01  -5.0302984e+01
   6.9356233e+01  -5.0301605e+01
   6.9355829e+01  -5.0300226e+01
   6.9355425e+01  -5.0298846e+01
   6.9355021e+01  -5.0297467e+01
   6.9354617e+01  -5.0296088e+01
   6.9354213e+01  -5.0294709e+01
   6.9353809e+01  -5.0293329e+01
   6.9353405e+01  -5.0291950e+01
