   7.0943067e+01  -5.0717436e+01
   7.0942614e+01  -5.0717483e+01
   7.0942160e+01  -5.0717535e+01
   7.0941707e+01  -5.0717592e+01
   7.0941253e+01  -5.0717654e+01
   7.0940800e+01  -5.0717720e+01
   7.0940346e+01  -5.0717790e+01
   7.0939891e+01  -5.0717864e+01
   7.0939437e+01  -5.0717943e+01
   7.0938983e+01  -5.0718025e+01
   7.0938528e+01  -5.0718111e+01
   7.0938074e+01  -5.0718201e+01
   7.0937619e+01  -5.0718296e+01
   7.0937164e+01  -5.0718397e+01
   7.0936709e+01  -5.0718503e+01
   7.0936254e+01  -5.0718614e+01
   7.0935798e+01  -5.0718730e+01
   7.0935343e+01  -5.0718851e+01
   7.0934887e+01  -5.0718976e+01
   7.0934431e+01  -5.0719106e+01
   7.0933975e+01  -5.0719240e+01
   7.0933519e+01  -5.0719379e+01
   7.0933063e+01  -5.0719518e+01
   7.0932606e+01  -5.0719658e+01
   7.0932150e+01  -5.0719798e+01
   7.0931694e+01  -5.0719938e+01
   7.0931238e+01  -5.0720079e+01
   7.0930782e+01  -5.0720220e+01
   7.0930325e+01  -5.0720360e+01
   7.0929869e+01  -5.0720501e+01
   7.0929413e+01  -5.0720641e+01
   7.0928957e+01  -5.0720782e+01
   7.0928501e+01  -5.0720915e+01
   7.0928045e+01  -5.0721043e+01
   7.0927589e+01  -5.0721163e+01
   7.0927134e+01  -5.0721277e+01
   7.0926679e+01  -5.0721384e+01
   7.0926224e+01  -5.0721484e+01
   7.0925769e+01  -5.0721576e+01
   7.0925315e+01  -5.0721662e+01
   7.0924861e+01  -5.0721739e+01
   7.0924407e+01  -5.0721808e+01
   7.0923953e+01  -5.0721866e+01
   7.0923500e+01  -5.0721912e+01
   7.0923047e+01  -5.0721947e+01
   7.0922595e+01  -5.0721970e+01
   7.0922143e+01  -5.0721982e+01
   7.0921691e+01  -5.0721984e+01
   7.0921240e+01  -5.0721974e+01
   7.0920789e+01  -5.0721954e+01
   7.0920338e+01  -5.0721924e+01
   7.0919888e+01  -5.0721883e+01
   7.0919438e+01  -5.0721832e+01
   7.0918988e+01  -5.0721773e+01
   7.0918539e+01  -5.0721708e+01
   7.0918089e+01  -5.0721639e+01
   7.0917640e+01  -5.0721566e+01
   7.0917191e+01  -5.0721490e+01
   7.0916742e+01  -5.0721412e+01
   7.0916293e+01  -5.0721331e+01
   7.0915844e+01  -5.0721249e+01
   7.0915395e+01  -5.0721166e+01
   7.0914946e+01  -5.0721085e+01
   7.0914497e+01  -5.0721007e+01
   7.0914048e+01  -5.0720932e+01
   7.0913599e+01  -5.0720859e+01
   7.0913149e+01  -5.0720789e+01
   7.0912700e+01  -5.0720720e+01
   7.0912251e+01  -5.0720654e+01
   7.0911801e+01  -5.0720589e+01
   7.0911352e+01  -5.0720527e+01
   7.0910902e+01  -5.0720466e+01
   7.0910452e+01  -5.0720409e+01
   7.0910002e+01  -5.0720355e+01
   7.0909552e+01  -5.0720304e+01
   7.0909102e+01  -5.0720257e+01
   7.0908652e+01  -5.0720212e+01
   7.0908202e+01  -5.0720171e+01
   7.0907752e+01  -5.0720132e+01
   7.0907301e+01  -5.0720096e+01
   7.0906851e+01  -5.0720062e+01
   7.0906400e+01  -5.0720030e+01
   7.0905950e+01  -5.0719998e+01
   7.0905499e+01  -5.0719966e+01
   7.0905048e+01  -5.0719934e+01
   7.0904598e+01  -5.0719902e+01
   7.0904147e+01  -5.0719870e+01
   7.0903697e+01  -5.0719838e+01
   7.0903246e+01  -5.0719807e+01
   7.0902796e+01  -5.0719775e+01
   7.0902345e+01  -5.0719744e+01
   7.0901894e+01  -5.0719713e+01
   7.0901444e+01  -5.0719681e+01
   7.0900993e+01  -5.0719647e+01
   7.0900543e+01  -5.0719612e+01
   7.0900093e+01  -5.0719575e+01
   7.0899642e+01  -5.0719537e+01
   7.0899192e+01  -5.0719499e+01
   7.0898742e+01  -5.0719459e+01
   7.0898291e+01  -5.0719417e+01
   7.0897841e+01  -5.0719375e+01
   7.0897391e+01  -5.0719332e+01
   7.0896941e+01  -5.0719290e+01
   7.0896490e+01  -5.0719251e+01
   7.0896040e+01  -5.0719214e+01
   7.0895590e+01  -5.0719180e+01
   7.0895139e+01  -5.0719147e+01
   7.0894689e+01  -5.0719116e+01
   7.0894238e+01  -5.0719087e+01
   7.0893787e+01  -5.0719060e+01
   7.0893336e+01  -5.0719034e+01
   7.0892886e+01  -5.0719011e+01
   7.0892435e+01  -5.0718986e+01
   7.0891984e+01  -5.0718961e+01
   7.0891533e+01  -5.0718935e+01
   7.0891083e+01  -5.0718908e+01
   7.0890632e+01  -5.0718880e+01
   7.0890181e+01  -5.0718851e+01
   7.0889731e+01  -5.0718822e+01
   7.0889280e+01  -5.0718792e+01
   7.0888830e+01  -5.0718761e+01
   7.0888379e+01  -5.0718729e+01
   7.0887928e+01  -5.0718699e+01
   7.0887478e+01  -5.0718670e+01
   7.0887027e+01  -5.0718643e+01
   7.0886576e+01  -5.0718617e+01
   7.0886126e+01  -5.0718593e+01
   7.0885675e+01  -5.0718570e+01
   7.0885224e+01  -5.0718548e+01
   7.0884773e+01  -5.0718528e+01
   7.0884322e+01  -5.0718509e+01
   7.0883871e+01  -5.0718492e+01
   7.0883420e+01  -5.0718480e+01
   7.0882968e+01  -5.0718475e+01
   7.0882517e+01  -5.0718477e+01
   7.0882065e+01  -5.0718484e+01
   7.0881613e+01  -5.0718498e+01
   7.0881161e+01  -5.0718518e+01
   7.0880708e+01  -5.0718544e+01
   7.0880256e+01  -5.0718576e+01
   7.0879803e+01  -5.0718615e+01
   7.0879350e+01  -5.0718659e+01
   7.0878896e+01  -5.0718716e+01
   7.0878442e+01  -5.0718786e+01
   7.0877988e+01  -5.0718868e+01
   7.0877534e+01  -5.0718963e+01
   7.0877078e+01  -5.0719071e+01
   7.0876623e+01  -5.0719192e+01
   7.0876167e+01  -5.0719324e+01
   7.0875711e+01  -5.0719470e+01
   7.0875254e+01  -5.0719627e+01
   7.0874797e+01  -5.0719796e+01
   7.0874338e+01  -5.0720010e+01
   7.0873878e+01  -5.0720265e+01
   7.0873417e+01  -5.0720562e+01
   7.0872954e+01  -5.0720897e+01
   7.0872491e+01  -5.0721270e+01
   7.0872026e+01  -5.0721676e+01
   7.0871560e+01  -5.0722112e+01
   7.0871093e+01  -5.0722576e+01
   7.0870625e+01  -5.0723061e+01
   7.0870157e+01  -5.0723561e+01
   7.0869687e+01  -5.0724130e+01
   7.0869215e+01  -5.0724762e+01
   7.0868741e+01  -5.0725453e+01
   7.0868264e+01  -5.0726198e+01
   7.0867787e+01  -5.0726992e+01
   7.0867308e+01  -5.0727831e+01
   7.0866827e+01  -5.0728710e+01
   7.0866346e+01  -5.0729623e+01
   7.0865863e+01  -5.0730564e+01
   7.0865380e+01  -5.0731525e+01
   7.0864894e+01  -5.0732551e+01
   7.0864407e+01  -5.0733647e+01
   7.0863917e+01  -5.0734814e+01
   7.0863426e+01  -5.0736041e+01
   7.0862945e+01  -5.0737270e+01
   7.0862470e+01  -5.0738501e+01
   7.0861999e+01  -5.0739733e+01
   7.0861530e+01  -5.0740965e+01
   7.0861061e+01  -5.0742198e+01
   7.0860589e+01  -5.0743430e+01
   7.0860123e+01  -5.0744663e+01
   7.0859665e+01  -5.0745899e+01
   7.0859217e+01  -5.0747138e+01
   7.0858776e+01  -5.0748379e+01
   7.0858343e+01  -5.0749622e+01
   7.0857913e+01  -5.0750866e+01
   7.0857486e+01  -5.0752111e+01
   7.0857062e+01  -5.0753357e+01
   7.0856638e+01  -5.0754603e+01
   7.0856214e+01  -5.0755849e+01
   7.0855788e+01  -5.0757094e+01
   7.0855348e+01  -5.0758334e+01
   7.0854870e+01  -5.0759564e+01
   7.0854381e+01  -5.0760708e+01
   7.0853892e+01  -5.0761850e+01
   7.0853402e+01  -5.0762986e+01
   7.0852913e+01  -5.0764113e+01
   7.0852425e+01  -5.0765228e+01
   7.0851937e+01  -5.0766328e+01
   7.0851450e+01  -5.0767408e+01
   7.0850963e+01  -5.0768464e+01
   7.0850478e+01  -5.0769481e+01
   7.0849995e+01  -5.0770428e+01
   7.0849514e+01  -5.0771299e+01
   7.0849036e+01  -5.0772093e+01
   7.0848559e+01  -5.0772863e+01
   7.0848082e+01  -5.0773621e+01
   7.0847606e+01  -5.0774368e+01
   7.0847130e+01  -5.0775104e+01
   7.0846654e+01  -5.0775831e+01
   7.0846179e+01  -5.0776549e+01
   7.0845704e+01  -5.0777264e+01
   7.0845228e+01  -5.0777988e+01
   7.0844752e+01  -5.0778717e+01
   7.0844276e+01  -5.0779447e+01
   7.0843801e+01  -5.0780173e+01
   7.0843325e+01  -5.0780893e+01
   7.0842850e+01  -5.0781604e+01
   7.0842375e+01  -5.0782303e+01
   7.0841901e+01  -5.0782988e+01
   7.0841427e+01  -5.0783660e+01
   7.0840953e+01  -5.0784332e+01
   7.0840479e+01  -5.0785004e+01
   7.0840005e+01  -5.0785675e+01
   7.0839531e+01  -5.0786347e+01
   7.0839057e+01  -5.0787017e+01
   7.0838583e+01  -5.0787686e+01
   7.0838110e+01  -5.0788354e+01
   7.0837636e+01  -5.0789020e+01
   7.0837162e+01  -5.0789682e+01
   7.0836689e+01  -5.0790342e+01
   7.0836215e+01  -5.0790991e+01
   7.0835743e+01  -5.0791612e+01
   7.0835272e+01  -5.0792205e+01
   7.0834801e+01  -5.0792767e+01
   7.0834332e+01  -5.0793295e+01
   7.0833865e+01  -5.0793778e+01
   7.0833400e+01  -5.0794181e+01
