   6.1089549e+01  -4.6917809e+01
   6.1089114e+01  -4.6917862e+01
   6.1088679e+01  -4.6917914e+01
   6.1088244e+01  -4.6917964e+01
   6.1087810e+01  -4.6918012e+01
   6.1087375e+01  -4.6918059e+01
   6.1086940e+01  -4.6918103e+01
   6.1086505e+01  -4.6918146e+01
   6.1086070e+01  -4.6918187e+01
   6.1085636e+01  -4.6918226e+01
   6.1085201e+01  -4.6918264e+01
   6.1084766e+01  -4.6918299e+01
   6.1084332e+01  -4.6918330e+01
   6.1083897e+01  -4.6918358e+01
   6.1083463e+01  -4.6918382e+01
   6.1083028e+01  -4.6918402e+01
   6.1082594e+01  -4.6918418e+01
   6.1082160e+01  -4.6918431e+01
   6.1081725e+01  -4.6918440e+01
   6.1081291e+01  -4.6918446e+01
   6.1080857e+01  -4.6918448e+01
   6.1080423e+01  -4.6918447e+01
   6.1079989e+01  -4.6918446e+01
   6.1079555e+01  -4.6918444e+01
   6.1079121e+01  -4.6918443e+01
   6.1078687e+01  -4.6918441e+01
   6.1078253e+01  -4.6918440e+01
   6.1077819e+01  -4.6918438e+01
   6.1077385e+01  -4.6918436e+01
   6.1076951e+01  -4.6918434e+01
   6.1076517e+01  -4.6918431e+01
   6.1076083e+01  -4.6918428e+01
   6.1075649e+01  -4.6918426e+01
   6.1075215e+01  -4.6918425e+01
   6.1074781e+01  -4.6918424e+01
   6.1074347e+01  -4.6918423e+01
   6.1073912e+01  -4.6918423e+01
   6.1073478e+01  -4.6918423e+01
   6.1073044e+01  -4.6918424e+01
   6.1072610e+01  -4.6918424e+01
   6.1072176e+01  -4.6918426e+01
   6.1071742e+01  -4.6918427e+01
   6.1071308e+01  -4.6918429e+01
   6.1070874e+01  -4.6918431e+01
   6.1070440e+01  -4.6918432e+01
   6.1070006e+01  -4.6918434e+01
   6.1069572e+01  -4.6918436e+01
   6.1069138e+01  -4.6918437e+01
   6.1068704e+01  -4.6918438e+01
   6.1068269e+01  -4.6918438e+01
   6.1067835e+01  -4.6918438e+01
   6.1067401e+01  -4.6918437e+01
   6.1066967e+01  -4.6918442e+01
   6.1066533e+01  -4.6918453e+01
   6.1066099e+01  -4.6918468e+01
   6.1065664e+01  -4.6918488e+01
   6.1065230e+01  -4.6918514e+01
   6.1064795e+01  -4.6918544e+01
   6.1064361e+01  -4.6918578e+01
   6.1063926e+01  -4.6918617e+01
   6.1063491e+01  -4.6918660e+01
   6.1063057e+01  -4.6918708e+01
   6.1062622e+01  -4.6918753e+01
   6.1062187e+01  -4.6918797e+01
   6.1061752e+01  -4.6918839e+01
   6.1061318e+01  -4.6918879e+01
   6.1060883e+01  -4.6918918e+01
   6.1060448e+01  -4.6918955e+01
   6.1060014e+01  -4.6918991e+01
   6.1059579e+01  -4.6919026e+01
   6.1059144e+01  -4.6919059e+01
   6.1058710e+01  -4.6919092e+01
   6.1058275e+01  -4.6919131e+01
   6.1057840e+01  -4.6919178e+01
   6.1057406e+01  -4.6919232e+01
   6.1056970e+01  -4.6919293e+01
   6.1056535e+01  -4.6919361e+01
   6.1056100e+01  -4.6919435e+01
   6.1055665e+01  -4.6919516e+01
   6.1055229e+01  -4.6919603e+01
   6.1054794e+01  -4.6919695e+01
   6.1054358e+01  -4.6919794e+01
   6.1053923e+01  -4.6919891e+01
   6.1053487e+01  -4.6919988e+01
   6.1053051e+01  -4.6920084e+01
   6.1052616e+01  -4.6920178e+01
   6.1052180e+01  -4.6920272e+01
   6.1051745e+01  -4.6920363e+01
   6.1051309e+01  -4.6920454e+01
   6.1050874e+01  -4.6920542e+01
   6.1050438e+01  -4.6920630e+01
   6.1050003e+01  -4.6920715e+01
   6.1049568e+01  -4.6920795e+01
   6.1049132e+01  -4.6920870e+01
   6.1048697e+01  -4.6920941e+01
   6.1048262e+01  -4.6921008e+01
   6.1047827e+01  -4.6921072e+01
   6.1047392e+01  -4.6921132e+01
   6.1046957e+01  -4.6921191e+01
   6.1046522e+01  -4.6921247e+01
   6.1046087e+01  -4.6921301e+01
   6.1045652e+01  -4.6921354e+01
   6.1045218e+01  -4.6921395e+01
   6.1044783e+01  -4.6921426e+01
   6.1044349e+01  -4.6921447e+01
   6.1043915e+01  -4.6921459e+01
   6.1043481e+01  -4.6921463e+01
   6.1043047e+01  -4.6921458e+01
   6.1042613e+01  -4.6921445e+01
   6.1042179e+01  -4.6921425e+01
   6.1041746e+01  -4.6921398e+01
   6.1041312e+01  -4.6921365e+01
   6.1040879e+01  -4.6921322e+01
   6.1040446e+01  -4.6921269e+01
   6.1040013e+01  -4.6921207e+01
   6.1039580e+01  -4.6921136e+01
   6.1039147e+01  -4.6921056e+01
   6.1038715e+01  -4.6920968e+01
   6.1038282e+01  -4.6920871e+01
   6.1037850e+01  -4.6920765e+01
   6.1037418e+01  -4.6920652e+01
   6.1036986e+01  -4.6920530e+01
   6.1036554e+01  -4.6920391e+01
   6.1036123e+01  -4.6920233e+01
   6.1035692e+01  -4.6920059e+01
   6.1035261e+01  -4.6919868e+01
   6.1034830e+01  -4.6919659e+01
   6.1034400e+01  -4.6919435e+01
   6.1033970e+01  -4.6919195e+01
   6.1033540e+01  -4.6918939e+01
   6.1033110e+01  -4.6918668e+01
   6.1032681e+01  -4.6918382e+01
   6.1032251e+01  -4.6918104e+01
   6.1031822e+01  -4.6917834e+01
   6.1031392e+01  -4.6917570e+01
   6.1030962e+01  -4.6917313e+01
   6.1030532e+01  -4.6917062e+01
   6.1030102e+01  -4.6916817e+01
   6.1029672e+01  -4.6916578e+01
   6.1029242e+01  -4.6916343e+01
   6.1028812e+01  -4.6916113e+01
   6.1028382e+01  -4.6915888e+01
   6.1027951e+01  -4.6915685e+01
   6.1027520e+01  -4.6915503e+01
   6.1027088e+01  -4.6915343e+01
   6.1026657e+01  -4.6915203e+01
   6.1026225e+01  -4.6915082e+01
   6.1025792e+01  -4.6914980e+01
   6.1025360e+01  -4.6914896e+01
   6.1024927e+01  -4.6914829e+01
   6.1024494e+01  -4.6914779e+01
   6.1024060e+01  -4.6914745e+01
   6.1023627e+01  -4.6914733e+01
   6.1023192e+01  -4.6914743e+01
   6.1022758e+01  -4.6914775e+01
   6.1022323e+01  -4.6914830e+01
   6.1021888e+01  -4.6914908e+01
   6.1021452e+01  -4.6915009e+01
   6.1021016e+01  -4.6915133e+01
   6.1020580e+01  -4.6915281e+01
   6.1020143e+01  -4.6915454e+01
   6.1019706e+01  -4.6915651e+01
   6.1019269e+01  -4.6915870e+01
   6.1018831e+01  -4.6916111e+01
   6.1018392e+01  -4.6916376e+01
   6.1017954e+01  -4.6916665e+01
   6.1017515e+01  -4.6916980e+01
   6.1017075e+01  -4.6917322e+01
   6.1016635e+01  -4.6917691e+01
   6.1016195e+01  -4.6918089e+01
   6.1015754e+01  -4.6918517e+01
   6.1015312e+01  -4.6918975e+01
   6.1014871e+01  -4.6919449e+01
   6.1014429e+01  -4.6919942e+01
   6.1013987e+01  -4.6920453e+01
   6.1013544e+01  -4.6920983e+01
   6.1013101e+01  -4.6921532e+01
   6.1012658e+01  -4.6922100e+01
   6.1012214e+01  -4.6922683e+01
   6.1011771e+01  -4.6923280e+01
   6.1011327e+01  -4.6923892e+01
   6.1010883e+01  -4.6924520e+01
   6.1010438e+01  -4.6925148e+01
