   8.1113561e+01  -5.3856815e+01
   8.1113999e+01  -5.3857896e+01
   8.1114437e+01  -5.3858995e+01
   8.1114875e+01  -5.3860112e+01
   8.1115312e+01  -5.3861249e+01
   8.1115748e+01  -5.3862403e+01
   8.1116185e+01  -5.3863575e+01
   8.1116620e+01  -5.3864764e+01
   8.1117056e+01  -5.3865971e+01
   8.1117491e+01  -5.3867194e+01
   8.1117925e+01  -5.3868434e+01
   8.1118360e+01  -5.3869690e+01
   8.1118794e+01  -5.3870953e+01
   8.1119227e+01  -5.3872225e+01
   8.1119661e+01  -5.3873506e+01
   8.1120094e+01  -5.3874798e+01
   8.1120527e+01  -5.3876102e+01
   8.1120960e+01  -5.3877419e+01
   8.1121392e+01  -5.3878750e+01
   8.1121824e+01  -5.3880098e+01
   8.1122256e+01  -5.3881462e+01
   8.1122687e+01  -5.3882844e+01
   8.1123118e+01  -5.3884245e+01
   8.1123548e+01  -5.3885666e+01
   8.1123978e+01  -5.3887107e+01
   8.1124407e+01  -5.3888570e+01
   8.1124836e+01  -5.3890054e+01
   8.1125264e+01  -5.3891562e+01
   8.1125691e+01  -5.3893093e+01
   8.1126118e+01  -5.3894649e+01
   8.1126544e+01  -5.3896230e+01
   8.1126970e+01  -5.3897838e+01
   8.1127395e+01  -5.3899482e+01
   8.1127819e+01  -5.3901164e+01
   8.1128242e+01  -5.3902884e+01
   8.1128664e+01  -5.3904640e+01
   8.1129085e+01  -5.3906431e+01
   8.1129505e+01  -5.3908259e+01
   8.1129925e+01  -5.3910124e+01
   8.1130343e+01  -5.3912027e+01
   8.1130761e+01  -5.3913969e+01
   8.1131177e+01  -5.3915950e+01
   8.1131594e+01  -5.3917954e+01
   8.1132009e+01  -5.3919980e+01
   8.1132424e+01  -5.3922029e+01
   8.1132838e+01  -5.3924100e+01
   8.1133252e+01  -5.3926195e+01
   8.1133665e+01  -5.3928312e+01
   8.1134078e+01  -5.3930452e+01
   8.1134490e+01  -5.3932615e+01
   8.1134902e+01  -5.3934801e+01
   8.1135313e+01  -5.3937010e+01
   8.1135723e+01  -5.3939244e+01
   8.1136133e+01  -5.3941501e+01
   8.1136543e+01  -5.3943778e+01
   8.1136951e+01  -5.3946076e+01
   8.1137360e+01  -5.3948394e+01
   8.1137768e+01  -5.3950733e+01
   8.1138175e+01  -5.3953092e+01
   8.1138582e+01  -5.3955472e+01
   8.1138988e+01  -5.3957872e+01
   8.1139394e+01  -5.3960293e+01
   8.1139799e+01  -5.3962717e+01
   8.1140205e+01  -5.3965144e+01
   8.1140611e+01  -5.3967574e+01
   8.1141016e+01  -5.3970006e+01
   8.1141422e+01  -5.3972440e+01
   8.1141827e+01  -5.3974876e+01
   8.1142232e+01  -5.3977314e+01
   8.1142638e+01  -5.3979746e+01
   8.1143043e+01  -5.3982167e+01
   8.1143449e+01  -5.3984573e+01
   8.1143856e+01  -5.3986961e+01
   8.1144263e+01  -5.3989331e+01
   8.1144670e+01  -5.3991684e+01
   8.1145078e+01  -5.3994023e+01
   8.1145486e+01  -5.3996349e+01
   8.1145894e+01  -5.3998664e+01
   8.1146302e+01  -5.4000969e+01
   8.1146711e+01  -5.4003265e+01
   8.1147120e+01  -5.4005555e+01
   8.1147529e+01  -5.4007839e+01
   8.1147938e+01  -5.4010092e+01
   8.1148349e+01  -5.4012313e+01
   8.1148760e+01  -5.4014504e+01
   8.1149172e+01  -5.4016664e+01
   8.1149585e+01  -5.4018795e+01
   8.1149998e+01  -5.4020896e+01
   8.1150412e+01  -5.4022969e+01
   8.1150827e+01  -5.4025013e+01
   8.1151242e+01  -5.4027030e+01
   8.1151658e+01  -5.4029021e+01
   8.1152075e+01  -5.4030955e+01
   8.1152494e+01  -5.4032832e+01
   8.1152914e+01  -5.4034652e+01
   8.1153336e+01  -5.4036416e+01
   8.1153759e+01  -5.4038125e+01
   8.1154183e+01  -5.4039778e+01
   8.1154609e+01  -5.4041376e+01
   8.1155036e+01  -5.4042920e+01
   8.1155464e+01  -5.4044410e+01
   8.1155893e+01  -5.4045847e+01
   8.1156324e+01  -5.4047249e+01
   8.1156755e+01  -5.4048615e+01
   8.1157187e+01  -5.4049948e+01
   8.1157620e+01  -5.4051247e+01
   8.1158054e+01  -5.4052513e+01
   8.1158488e+01  -5.4053748e+01
   8.1158923e+01  -5.4054951e+01
   8.1159360e+01  -5.4056122e+01
   8.1159796e+01  -5.4057262e+01
   8.1160234e+01  -5.4058373e+01
   8.1160672e+01  -5.4059466e+01
   8.1161110e+01  -5.4060542e+01
   8.1161549e+01  -5.4061600e+01
   8.1161988e+01  -5.4062642e+01
   8.1162428e+01  -5.4063668e+01
   8.1162868e+01  -5.4064678e+01
   8.1163308e+01  -5.4065673e+01
   8.1163749e+01  -5.4066653e+01
   8.1164190e+01  -5.4067619e+01
   8.1164631e+01  -5.4068570e+01
   8.1165073e+01  -5.4069518e+01
   8.1165514e+01  -5.4070462e+01
   8.1165956e+01  -5.4071404e+01
   8.1166398e+01  -5.4072341e+01
   8.1166840e+01  -5.4073276e+01
   8.1167282e+01  -5.4074207e+01
   8.1167724e+01  -5.4075134e+01
   8.1168166e+01  -5.4076058e+01
   8.1168608e+01  -5.4076979e+01
   8.1169050e+01  -5.4077896e+01
   8.1169492e+01  -5.4078813e+01
   8.1169935e+01  -5.4079730e+01
   8.1170377e+01  -5.4080647e+01
   8.1170819e+01  -5.4081564e+01
   8.1171261e+01  -5.4082481e+01
   8.1171704e+01  -5.4083398e+01
   8.1172146e+01  -5.4084314e+01
   8.1172588e+01  -5.4085230e+01
   8.1173030e+01  -5.4086146e+01
   8.1173473e+01  -5.4087061e+01
   8.1173915e+01  -5.4087976e+01
   8.1174357e+01  -5.4088890e+01
   8.1174800e+01  -5.4089804e+01
   8.1175242e+01  -5.4090718e+01
   8.1175684e+01  -5.4091633e+01
   8.1176127e+01  -5.4092548e+01
   8.1176569e+01  -5.4093463e+01
   8.1177011e+01  -5.4094379e+01
   8.1177454e+01  -5.4095297e+01
   8.1177896e+01  -5.4096215e+01
   8.1178338e+01  -5.4097133e+01
   8.1178780e+01  -5.4098051e+01
   8.1179223e+01  -5.4098968e+01
   8.1179665e+01  -5.4099886e+01
   8.1180107e+01  -5.4100803e+01
   8.1180549e+01  -5.4101720e+01
   8.1180992e+01  -5.4102637e+01
   8.1181434e+01  -5.4103553e+01
   8.1181876e+01  -5.4104470e+01
   8.1182318e+01  -5.4105387e+01
   8.1182761e+01  -5.4106312e+01
   8.1183202e+01  -5.4107246e+01
   8.1183644e+01  -5.4108187e+01
   8.1184086e+01  -5.4109138e+01
   8.1184527e+01  -5.4110097e+01
   8.1184968e+01  -5.4111064e+01
   8.1185409e+01  -5.4112040e+01
   8.1185849e+01  -5.4113025e+01
   8.1186290e+01  -5.4114019e+01
   8.1186730e+01  -5.4115020e+01
   8.1187170e+01  -5.4116031e+01
   8.1187610e+01  -5.4117049e+01
   8.1188049e+01  -5.4118077e+01
   8.1188488e+01  -5.4119113e+01
   8.1188928e+01  -5.4120159e+01
   8.1189366e+01  -5.4121214e+01
   8.1189805e+01  -5.4122279e+01
   8.1190243e+01  -5.4123354e+01
   8.1190682e+01  -5.4124439e+01
   8.1191119e+01  -5.4125534e+01
   8.1191557e+01  -5.4126646e+01
   8.1191994e+01  -5.4127774e+01
   8.1192431e+01  -5.4128919e+01
   8.1192867e+01  -5.4130080e+01
   8.1193303e+01  -5.4131257e+01
   8.1193738e+01  -5.4132450e+01
   8.1194173e+01  -5.4133659e+01
   8.1194608e+01  -5.4134884e+01
   8.1195042e+01  -5.4136126e+01
   8.1195476e+01  -5.4137382e+01
   8.1195910e+01  -5.4138653e+01
   8.1196343e+01  -5.4139936e+01
   8.1196776e+01  -5.4141233e+01
   8.1197209e+01  -5.4142542e+01
   8.1197641e+01  -5.4143864e+01
   8.1198073e+01  -5.4145197e+01
   8.1198505e+01  -5.4146543e+01
   8.1198936e+01  -5.4147899e+01
   8.1199367e+01  -5.4149267e+01
   8.1199798e+01  -5.4150646e+01
   8.1200229e+01  -5.4152025e+01
   8.1200660e+01  -5.4153406e+01
   8.1201091e+01  -5.4154786e+01
   8.1201522e+01  -5.4156166e+01
   8.1201952e+01  -5.4157546e+01
   8.1202383e+01  -5.4158925e+01
   8.1202814e+01  -5.4160302e+01
   8.1203245e+01  -5.4161677e+01
   8.1203676e+01  -5.4163052e+01
   8.1204107e+01  -5.4164430e+01
   8.1204538e+01  -5.4165810e+01
   8.1204969e+01  -5.4167192e+01
   8.1205399e+01  -5.4168575e+01
   8.1205830e+01  -5.4169959e+01
   8.1206261e+01  -5.4171342e+01
   8.1206692e+01  -5.4172723e+01
   8.1207123e+01  -5.4174103e+01
   8.1207554e+01  -5.4175480e+01
   8.1207985e+01  -5.4176854e+01
   8.1208416e+01  -5.4178224e+01
   8.1208847e+01  -5.4179579e+01
   8.1209279e+01  -5.4180921e+01
   8.1209711e+01  -5.4182250e+01
   8.1210143e+01  -5.4183565e+01
   8.1210576e+01  -5.4184868e+01
   8.1211009e+01  -5.4186158e+01
   8.1211442e+01  -5.4187436e+01
   8.1211876e+01  -5.4188701e+01
   8.1212310e+01  -5.4189954e+01
   8.1212744e+01  -5.4191196e+01
   8.1213179e+01  -5.4192429e+01
   8.1213613e+01  -5.4193652e+01
   8.1214048e+01  -5.4194867e+01
   8.1214483e+01  -5.4196072e+01
   8.1214919e+01  -5.4197268e+01
   8.1215354e+01  -5.4198455e+01
   8.1215790e+01  -5.4199632e+01
   8.1216226e+01  -5.4200801e+01
   8.1216663e+01  -5.4201961e+01
   8.1217099e+01  -5.4203111e+01
   8.1217536e+01  -5.4204250e+01
   8.1217973e+01  -5.4205378e+01
   8.1218410e+01  -5.4206494e+01
   8.1218848e+01  -5.4207599e+01
   8.1219286e+01  -5.4208693e+01
   8.1219724e+01  -5.4209776e+01
   8.1220162e+01  -5.4210846e+01
   8.1220601e+01  -5.4211906e+01
   8.1221040e+01  -5.4212953e+01
   8.1221479e+01  -5.4213989e+01
   8.1221919e+01  -5.4215010e+01
   8.1222359e+01  -5.4216017e+01
   8.1222799e+01  -5.4217009e+01
   8.1223240e+01  -5.4217987e+01
   8.1223681e+01  -5.4218952e+01
   8.1224123e+01  -5.4219903e+01
   8.1224564e+01  -5.4220841e+01
   8.1225007e+01  -5.4221766e+01
   8.1225449e+01  -5.4222678e+01
   8.1225892e+01  -5.4223578e+01
   8.1226335e+01  -5.4224463e+01
   8.1226778e+01  -5.4225331e+01
   8.1227222e+01  -5.4226184e+01
   8.1227666e+01  -5.4227022e+01
   8.1228111e+01  -5.4227844e+01
   8.1228556e+01  -5.4228650e+01
   8.1229001e+01  -5.4229441e+01
   8.1229447e+01  -5.4230216e+01
   8.1229893e+01  -5.4230976e+01
   8.1230340e+01  -5.4231721e+01
   8.1230787e+01  -5.4232441e+01
   8.1231235e+01  -5.4233138e+01
   8.1231683e+01  -5.4233811e+01
   8.1232132e+01  -5.4234461e+01
   8.1232581e+01  -5.4235087e+01
   8.1233031e+01  -5.4235689e+01
   8.1233482e+01  -5.4236268e+01
   8.1233933e+01  -5.4236824e+01
   8.1234385e+01  -5.4237356e+01
   8.1234837e+01  -5.4237865e+01
   8.1235291e+01  -5.4238347e+01
   8.1235744e+01  -5.4238804e+01
   8.1236199e+01  -5.4239235e+01
   8.1236654e+01  -5.4239641e+01
   8.1237109e+01  -5.4240020e+01
   8.1237565e+01  -5.4240374e+01
   8.1238022e+01  -5.4240702e+01
   8.1238480e+01  -5.4241004e+01
   8.1238938e+01  -5.4241281e+01
   8.1239397e+01  -5.4241531e+01
   8.1239856e+01  -5.4241774e+01
   8.1240315e+01  -5.4242010e+01
   8.1240774e+01  -5.4242238e+01
   8.1241234e+01  -5.4242459e+01
   8.1241694e+01  -5.4242673e+01
   8.1242153e+01  -5.4242880e+01
   8.1242613e+01  -5.4243080e+01
   8.1243074e+01  -5.4243272e+01
   8.1243534e+01  -5.4243457e+01
   8.1243995e+01  -5.4243635e+01
   8.1244455e+01  -5.4243809e+01
   8.1244916e+01  -5.4243977e+01
   8.1245377e+01  -5.4244141e+01
   8.1245838e+01  -5.4244301e+01
   8.1246300e+01  -5.4244456e+01
   8.1246761e+01  -5.4244607e+01
   8.1247222e+01  -5.4244753e+01
   8.1247684e+01  -5.4244896e+01
   8.1248145e+01  -5.4245034e+01
   8.1248607e+01  -5.4245168e+01
   8.1249069e+01  -5.4245301e+01
   8.1249531e+01  -5.4245432e+01
   8.1249992e+01  -5.4245561e+01
   8.1250454e+01  -5.4245688e+01
   8.1250916e+01  -5.4245814e+01
   8.1251378e+01  -5.4245938e+01
   8.1251840e+01  -5.4246060e+01
   8.1252302e+01  -5.4246181e+01
   8.1252764e+01  -5.4246301e+01
   8.1253226e+01  -5.4246420e+01
   8.1253688e+01  -5.4246537e+01
   8.1254151e+01  -5.4246653e+01
   8.1254613e+01  -5.4246768e+01
   8.1255075e+01  -5.4246881e+01
   8.1255537e+01  -5.4246993e+01
   8.1256000e+01  -5.4247104e+01
   8.1256462e+01  -5.4247214e+01
   8.1256924e+01  -5.4247322e+01
   8.1257387e+01  -5.4247429e+01
   8.1257849e+01  -5.4247534e+01
   8.1258311e+01  -5.4247645e+01
   8.1258773e+01  -5.4247762e+01
   8.1259236e+01  -5.4247883e+01
   8.1259697e+01  -5.4248010e+01
   8.1260159e+01  -5.4248142e+01
   8.1260621e+01  -5.4248280e+01
   8.1261082e+01  -5.4248423e+01
   8.1261544e+01  -5.4248571e+01
   8.1262005e+01  -5.4248724e+01
   8.1262466e+01  -5.4248883e+01
   8.1262927e+01  -5.4249054e+01
   8.1263387e+01  -5.4249236e+01
   8.1263848e+01  -5.4249430e+01
   8.1264308e+01  -5.4249636e+01
   8.1264767e+01  -5.4249854e+01
   8.1265227e+01  -5.4250083e+01
   8.1265686e+01  -5.4250325e+01
   8.1266144e+01  -5.4250579e+01
   8.1266603e+01  -5.4250844e+01
   8.1267061e+01  -5.4251122e+01
   8.1267519e+01  -5.4251404e+01
   8.1267977e+01  -5.4251692e+01
   8.1268435e+01  -5.4251985e+01
   8.1268893e+01  -5.4252284e+01
   8.1269350e+01  -5.4252587e+01
   8.1269807e+01  -5.4252896e+01
   8.1270265e+01  -5.4253210e+01
   8.1270722e+01  -5.4253529e+01
   8.1271179e+01  -5.4253853e+01
   8.1271636e+01  -5.4254182e+01
   8.1272093e+01  -5.4254511e+01
   8.1272550e+01  -5.4254838e+01
   8.1273007e+01  -5.4255164e+01
   8.1273464e+01  -5.4255489e+01
   8.1273921e+01  -5.4255813e+01
   8.1274378e+01  -5.4256136e+01
   8.1274835e+01  -5.4256458e+01
   8.1275292e+01  -5.4256779e+01
   8.1275749e+01  -5.4257098e+01
   8.1276206e+01  -5.4257416e+01
   8.1276664e+01  -5.4257729e+01
   8.1277121e+01  -5.4258036e+01
   8.1277579e+01  -5.4258339e+01
   8.1278037e+01  -5.4258636e+01
   8.1278494e+01  -5.4258927e+01
   8.1278952e+01  -5.4259213e+01
   8.1279410e+01  -5.4259494e+01
   8.1279869e+01  -5.4259770e+01
   8.1280327e+01  -5.4260039e+01
   8.1280786e+01  -5.4260304e+01
   8.1281244e+01  -5.4260558e+01
   8.1281703e+01  -5.4260803e+01
   8.1282163e+01  -5.4261038e+01
   8.1282622e+01  -5.4261263e+01
   8.1283082e+01  -5.4261478e+01
   8.1283542e+01  -5.4261683e+01
   8.1284002e+01  -5.4261879e+01
   8.1284463e+01  -5.4262064e+01
   8.1284923e+01  -5.4262240e+01
   8.1285384e+01  -5.4262405e+01
   8.1285846e+01  -5.4262559e+01
   8.1286307e+01  -5.4262702e+01
   8.1286769e+01  -5.4262833e+01
   8.1287231e+01  -5.4262954e+01
   8.1287693e+01  -5.4263064e+01
   8.1288156e+01  -5.4263163e+01
   8.1288619e+01  -5.4263251e+01
   8.1289082e+01  -5.4263329e+01
   8.1289546e+01  -5.4263397e+01
   8.1290009e+01  -5.4263455e+01
   8.1290473e+01  -5.4263488e+01
   8.1290938e+01  -5.4263497e+01
   8.1291404e+01  -5.4263482e+01
   8.1291870e+01  -5.4263441e+01
   8.1292337e+01  -5.4263375e+01
   8.1292804e+01  -5.4263284e+01
   8.1293272e+01  -5.4263167e+01
   8.1293740e+01  -5.4263024e+01
   8.1294210e+01  -5.4262854e+01
   8.1294680e+01  -5.4262658e+01
   8.1295150e+01  -5.4262439e+01
   8.1295621e+01  -5.4262197e+01
   8.1296093e+01  -5.4261931e+01
   8.1296565e+01  -5.4261642e+01
   8.1297038e+01  -5.4261328e+01
   8.1297511e+01  -5.4260990e+01
   8.1297985e+01  -5.4260628e+01
   8.1298460e+01  -5.4260240e+01
   8.1298935e+01  -5.4259827e+01
   8.1299411e+01  -5.4259388e+01
   8.1299887e+01  -5.4258931e+01
   8.1300364e+01  -5.4258455e+01
   8.1300842e+01  -5.4257959e+01
   8.1301319e+01  -5.4257444e+01
   8.1301798e+01  -5.4256909e+01
   8.1302276e+01  -5.4256354e+01
   8.1302756e+01  -5.4255779e+01
   8.1303235e+01  -5.4255183e+01
   8.1303716e+01  -5.4254566e+01
   8.1304196e+01  -5.4253928e+01
   8.1304678e+01  -5.4253269e+01
   8.1305159e+01  -5.4252590e+01
   8.1305642e+01  -5.4251889e+01
   8.1306125e+01  -5.4251167e+01
   8.1306608e+01  -5.4250422e+01
   8.1307092e+01  -5.4249656e+01
   8.1307576e+01  -5.4248867e+01
   8.1308062e+01  -5.4248054e+01
   8.1308547e+01  -5.4247218e+01
   8.1309033e+01  -5.4246358e+01
   8.1309520e+01  -5.4245478e+01
   8.1310007e+01  -5.4244577e+01
   8.1310495e+01  -5.4243656e+01
   8.1310983e+01  -5.4242715e+01
   8.1311472e+01  -5.4241753e+01
   8.1311961e+01  -5.4240769e+01
   8.1312451e+01  -5.4239764e+01
   8.1312941e+01  -5.4238738e+01
   8.1313432e+01  -5.4237689e+01
   8.1313923e+01  -5.4236618e+01
   8.1314415e+01  -5.4235529e+01
   8.1314907e+01  -5.4234422e+01
   8.1315400e+01  -5.4233297e+01
   8.1315893e+01  -5.4232154e+01
   8.1316387e+01  -5.4230992e+01
   8.1316881e+01  -5.4229812e+01
   8.1317375e+01  -5.4228613e+01
   8.1317870e+01  -5.4227396e+01
   8.1318365e+01  -5.4226161e+01
   8.1318861e+01  -5.4224907e+01
   8.1319357e+01  -5.4223636e+01
   8.1319854e+01  -5.4222350e+01
   8.1320351e+01  -5.4221047e+01
   8.1320848e+01  -5.4219728e+01
   8.1321346e+01  -5.4218393e+01
   8.1321844e+01  -5.4217041e+01
   8.1322343e+01  -5.4215674e+01
   8.1322842e+01  -5.4214289e+01
   8.1323341e+01  -5.4212888e+01
   8.1323841e+01  -5.4211469e+01
   8.1324341e+01  -5.4210036e+01
   8.1324841e+01  -5.4208590e+01
   8.1325342e+01  -5.4207131e+01
   8.1325843e+01  -5.4205661e+01
   8.1326344e+01  -5.4204181e+01
   8.1326845e+01  -5.4202692e+01
   8.1327347e+01  -5.4201195e+01
   8.1327849e+01  -5.4199693e+01
   8.1328351e+01  -5.4198187e+01
   8.1328852e+01  -5.4196678e+01
   8.1329354e+01  -5.4195169e+01
   8.1329856e+01  -5.4193658e+01
   8.1330358e+01  -5.4192148e+01
   8.1330860e+01  -5.4190638e+01
   8.1331362e+01  -5.4189128e+01
   8.1331863e+01  -5.4187618e+01
   8.1332365e+01  -5.4186110e+01
   8.1332867e+01  -5.4184602e+01
   8.1333369e+01  -5.4183095e+01
   8.1333870e+01  -5.4181590e+01
   8.1334372e+01  -5.4180095e+01
   8.1334873e+01  -5.4178609e+01
   8.1335374e+01  -5.4177136e+01
   8.1335874e+01  -5.4175674e+01
   8.1336375e+01  -5.4174224e+01
   8.1336875e+01  -5.4172784e+01
   8.1337374e+01  -5.4171355e+01
   8.1337874e+01  -5.4169935e+01
   8.1338373e+01  -5.4168524e+01
   8.1338872e+01  -5.4167120e+01
   8.1339371e+01  -5.4165728e+01
   8.1339870e+01  -5.4164346e+01
   8.1340368e+01  -5.4162974e+01
   8.1340866e+01  -5.4161614e+01
   8.1341364e+01  -5.4160264e+01
   8.1341861e+01  -5.4158926e+01
   8.1342358e+01  -5.4157599e+01
   8.1342855e+01  -5.4156283e+01
   8.1343352e+01  -5.4154978e+01
   8.1343848e+01  -5.4153688e+01
   8.1344344e+01  -5.4152417e+01
   8.1344839e+01  -5.4151164e+01
   8.1345334e+01  -5.4149929e+01
   8.1345829e+01  -5.4148711e+01
   8.1346323e+01  -5.4147509e+01
   8.1346816e+01  -5.4146323e+01
   8.1347310e+01  -5.4145152e+01
   8.1347803e+01  -5.4143995e+01
   8.1348295e+01  -5.4142852e+01
   8.1348788e+01  -5.4141722e+01
   8.1349280e+01  -5.4140607e+01
   8.1349771e+01  -5.4139507e+01
   8.1350262e+01  -5.4138421e+01
   8.1350753e+01  -5.4137350e+01
   8.1351244e+01  -5.4136293e+01
   8.1351734e+01  -5.4135251e+01
   8.1352224e+01  -5.4134223e+01
   8.1352713e+01  -5.4133210e+01
   8.1353202e+01  -5.4132213e+01
   8.1353691e+01  -5.4131232e+01
   8.1354179e+01  -5.4130264e+01
   8.1354667e+01  -5.4129309e+01
   8.1355155e+01  -5.4128367e+01
   8.1355642e+01  -5.4127436e+01
   8.1356129e+01  -5.4126516e+01
   8.1356616e+01  -5.4125607e+01
   8.1357103e+01  -5.4124709e+01
   8.1357589e+01  -5.4123821e+01
   8.1358075e+01  -5.4122943e+01
   8.1358561e+01  -5.4122075e+01
   8.1359047e+01  -5.4121213e+01
   8.1359533e+01  -5.4120356e+01
   8.1360018e+01  -5.4119506e+01
   8.1360503e+01  -5.4118661e+01
   8.1360988e+01  -5.4117822e+01
   8.1361474e+01  -5.4116987e+01
   8.1361958e+01  -5.4116158e+01
   8.1362443e+01  -5.4115334e+01
   8.1362928e+01  -5.4114514e+01
   8.1363412e+01  -5.4113700e+01
   8.1363897e+01  -5.4112889e+01
   8.1364381e+01  -5.4112081e+01
   8.1364866e+01  -5.4111276e+01
   8.1365350e+01  -5.4110474e+01
   8.1365834e+01  -5.4109674e+01
   8.1366318e+01  -5.4108878e+01
   8.1366802e+01  -5.4108084e+01
   8.1367286e+01  -5.4107293e+01
   8.1367770e+01  -5.4106505e+01
   8.1368254e+01  -5.4105720e+01
   8.1368738e+01  -5.4104934e+01
   8.1369221e+01  -5.4104147e+01
   8.1369705e+01  -5.4103359e+01
   8.1370189e+01  -5.4102570e+01
   8.1370673e+01  -5.4101779e+01
   8.1371157e+01  -5.4100988e+01
   8.1371641e+01  -5.4100196e+01
   8.1372125e+01  -5.4099401e+01
   8.1372609e+01  -5.4098606e+01
   8.1373093e+01  -5.4097809e+01
   8.1373577e+01  -5.4097009e+01
   8.1374061e+01  -5.4096205e+01
   8.1374546e+01  -5.4095398e+01
   8.1375030e+01  -5.4094588e+01
   8.1375514e+01  -5.4093774e+01
   8.1375999e+01  -5.4092957e+01
   8.1376484e+01  -5.4092137e+01
   8.1376968e+01  -5.4091313e+01
   8.1377453e+01  -5.4090485e+01
   8.1377938e+01  -5.4089655e+01
   8.1378423e+01  -5.4088816e+01
   8.1378908e+01  -5.4087970e+01
   8.1379393e+01  -5.4087114e+01
   8.1379879e+01  -5.4086250e+01
   8.1380365e+01  -5.4085376e+01
   8.1380851e+01  -5.4084492e+01
   8.1381337e+01  -5.4083598e+01
   8.1381824e+01  -5.4082694e+01
   8.1382311e+01  -5.4081778e+01
   8.1382798e+01  -5.4080852e+01
   8.1383285e+01  -5.4079900e+01
   8.1383774e+01  -5.4078922e+01
   8.1384263e+01  -5.4077917e+01
   8.1384752e+01  -5.4076885e+01
   8.1385243e+01  -5.4075824e+01
   8.1385733e+01  -5.4074736e+01
   8.1386225e+01  -5.4073619e+01
   8.1386717e+01  -5.4072473e+01
   8.1387210e+01  -5.4071295e+01
   8.1387704e+01  -5.4070087e+01
   8.1388199e+01  -5.4068850e+01
   8.1388694e+01  -5.4067586e+01
   8.1389190e+01  -5.4066293e+01
   8.1389686e+01  -5.4064973e+01
   8.1390183e+01  -5.4063625e+01
   8.1390681e+01  -5.4062250e+01
   8.1391179e+01  -5.4060849e+01
   8.1391678e+01  -5.4059421e+01
   8.1392178e+01  -5.4057968e+01
   8.1392678e+01  -5.4056489e+01
   8.1393178e+01  -5.4055009e+01
   8.1393678e+01  -5.4053527e+01
   8.1394178e+01  -5.4052048e+01
   8.1394678e+01  -5.4050572e+01
   8.1395178e+01  -5.4049100e+01
   8.1395678e+01  -5.4047631e+01
   8.1396178e+01  -5.4046166e+01
   8.1396677e+01  -5.4044706e+01
   8.1397177e+01  -5.4043250e+01
   8.1397676e+01  -5.4041799e+01
   8.1398175e+01  -5.4040364e+01
   8.1398674e+01  -5.4038946e+01
   8.1399172e+01  -5.4037545e+01
   8.1399670e+01  -5.4036161e+01
   8.1400167e+01  -5.4034795e+01
   8.1400664e+01  -5.4033446e+01
   8.1401161e+01  -5.4032116e+01
   8.1401657e+01  -5.4030804e+01
   8.1402152e+01  -5.4029512e+01
   8.1402647e+01  -5.4028238e+01
   8.1403142e+01  -5.4026994e+01
   8.1403635e+01  -5.4025779e+01
   8.1404128e+01  -5.4024594e+01
   8.1404621e+01  -5.4023438e+01
   8.1405112e+01  -5.4022313e+01
   8.1405603e+01  -5.4021218e+01
   8.1406093e+01  -5.4020154e+01
   8.1406582e+01  -5.4019120e+01
   8.1407071e+01  -5.4018118e+01
   8.1407559e+01  -5.4017146e+01
   8.1408046e+01  -5.4016215e+01
   8.1408532e+01  -5.4015324e+01
   8.1409017e+01  -5.4014473e+01
   8.1409501e+01  -5.4013661e+01
   8.1409984e+01  -5.4012886e+01
   8.1410466e+01  -5.4012148e+01
   8.1410948e+01  -5.4011447e+01
   8.1411428e+01  -5.4010781e+01
   8.1411908e+01  -5.4010151e+01
   8.1412387e+01  -5.4009558e+01
   8.1412864e+01  -5.4009033e+01
   8.1413340e+01  -5.4008575e+01
   8.1413814e+01  -5.4008182e+01
   8.1414286e+01  -5.4007853e+01
   8.1414758e+01  -5.4007587e+01
   8.1415227e+01  -5.4007382e+01
   8.1415695e+01  -5.4007238e+01
   8.1416162e+01  -5.4007154e+01
   8.1416628e+01  -5.4007128e+01
   8.1417092e+01  -5.4007160e+01
   8.1417553e+01  -5.4007307e+01
   8.1418012e+01  -5.4007568e+01
   8.1418468e+01  -5.4007943e+01
   8.1418921e+01  -5.4008434e+01
   8.1419371e+01  -5.4009041e+01
   8.1419819e+01  -5.4009769e+01
   8.1420264e+01  -5.4010622e+01
   8.1420705e+01  -5.4011603e+01
   8.1421144e+01  -5.4012720e+01
   8.1421579e+01  -5.4013980e+01
   8.1422011e+01  -5.4015333e+01
   8.1422442e+01  -5.4016781e+01
   8.1422870e+01  -5.4018324e+01
   8.1423296e+01  -5.4019962e+01
   8.1423720e+01  -5.4021697e+01
   8.1424141e+01  -5.4023527e+01
   8.1424561e+01  -5.4025452e+01
   8.1424978e+01  -5.4027471e+01
   8.1425393e+01  -5.4029575e+01
   8.1425806e+01  -5.4031766e+01
   8.1426217e+01  -5.4034043e+01
   8.1426625e+01  -5.4036412e+01
   8.1427032e+01  -5.4038882e+01
   8.1427435e+01  -5.4041460e+01
   8.1427836e+01  -5.4044156e+01
   8.1428234e+01  -5.4046981e+01
   8.1428628e+01  -5.4049948e+01
   8.1429019e+01  -5.4053071e+01
   8.1429406e+01  -5.4056369e+01
   8.1429788e+01  -5.4059863e+01
   8.1430146e+01  -5.4063366e+01
   8.1430478e+01  -5.4066841e+01
   8.1430792e+01  -5.4070296e+01
   8.1431088e+01  -5.4073733e+01
   8.1431368e+01  -5.4077153e+01
   8.1431634e+01  -5.4080558e+01
   8.1431885e+01  -5.4083948e+01
   8.1432124e+01  -5.4087324e+01
   8.1432350e+01  -5.4090687e+01
   8.1432565e+01  -5.4094038e+01
   8.1432769e+01  -5.4097378e+01
   8.1432962e+01  -5.4100707e+01
   8.1433147e+01  -5.4104026e+01
   8.1433325e+01  -5.4107338e+01
   8.1433496e+01  -5.4110643e+01
   8.1433661e+01  -5.4113942e+01
   8.1433820e+01  -5.4117234e+01
   8.1433974e+01  -5.4120521e+01
   8.1434123e+01  -5.4123803e+01
   8.1434267e+01  -5.4127080e+01
   8.1434408e+01  -5.4130353e+01
   8.1434544e+01  -5.4133622e+01
   8.1434679e+01  -5.4136889e+01
   8.1434814e+01  -5.4140156e+01
   8.1434947e+01  -5.4143422e+01
   8.1435080e+01  -5.4146687e+01
   8.1435212e+01  -5.4149952e+01
   8.1435344e+01  -5.4153217e+01
   8.1435477e+01  -5.4156482e+01
   8.1435609e+01  -5.4159748e+01
   8.1435742e+01  -5.4163014e+01
   8.1435876e+01  -5.4166281e+01
   8.1436009e+01  -5.4169548e+01
   8.1436141e+01  -5.4172814e+01
   8.1436273e+01  -5.4176079e+01
   8.1436403e+01  -5.4179342e+01
   8.1436532e+01  -5.4182605e+01
   8.1436660e+01  -5.4185867e+01
   8.1436788e+01  -5.4189128e+01
   8.1436914e+01  -5.4192388e+01
   8.1437040e+01  -5.4195648e+01
   8.1437165e+01  -5.4198907e+01
   8.1437290e+01  -5.4202167e+01
   8.1437417e+01  -5.4205428e+01
   8.1437545e+01  -5.4208690e+01
   8.1437674e+01  -5.4211954e+01
   8.1437804e+01  -5.4215219e+01
   8.1437935e+01  -5.4218485e+01
   8.1438068e+01  -5.4221754e+01
   8.1438202e+01  -5.4225024e+01
   8.1438338e+01  -5.4228296e+01
   8.1438476e+01  -5.4231570e+01
   8.1438617e+01  -5.4234848e+01
   8.1438763e+01  -5.4238132e+01
   8.1438914e+01  -5.4241421e+01
   8.1439070e+01  -5.4244715e+01
   8.1439233e+01  -5.4248017e+01
   8.1439403e+01  -5.4251328e+01
   8.1439582e+01  -5.4254649e+01
   8.1439770e+01  -5.4257979e+01
   8.1439968e+01  -5.4261320e+01
   8.1440176e+01  -5.4264672e+01
   8.1440391e+01  -5.4268033e+01
   8.1440615e+01  -5.4271404e+01
   8.1440849e+01  -5.4274785e+01
   8.1441091e+01  -5.4278176e+01
   8.1441344e+01  -5.4281579e+01
   8.1441607e+01  -5.4284993e+01
   8.1441881e+01  -5.4288420e+01
   8.1442166e+01  -5.4291858e+01
   8.1442462e+01  -5.4295310e+01
   8.1442770e+01  -5.4298774e+01
   8.1443090e+01  -5.4302253e+01
   8.1443423e+01  -5.4305746e+01
   8.1443769e+01  -5.4309253e+01
   8.1444126e+01  -5.4312773e+01
   8.1444495e+01  -5.4316306e+01
   8.1444872e+01  -5.4319849e+01
   8.1445252e+01  -5.4323348e+01
   8.1445633e+01  -5.4326806e+01
   8.1446014e+01  -5.4330237e+01
   8.1446396e+01  -5.4333652e+01
   8.1446780e+01  -5.4336957e+01
   8.1447168e+01  -5.4340152e+01
   8.1447557e+01  -5.4343248e+01
   8.1447949e+01  -5.4346258e+01
   8.1448342e+01  -5.4349195e+01
   8.1448737e+01  -5.4352073e+01
   8.1449133e+01  -5.4354906e+01
   8.1449529e+01  -5.4357707e+01
   8.1449927e+01  -5.4360490e+01
   8.1450324e+01  -5.4363265e+01
   8.1450722e+01  -5.4365985e+01
   8.1451123e+01  -5.4368644e+01
   8.1451524e+01  -5.4371240e+01
   8.1451927e+01  -5.4373776e+01
   8.1452332e+01  -5.4376254e+01
   8.1452737e+01  -5.4378682e+01
   8.1453144e+01  -5.4381063e+01
   8.1453552e+01  -5.4383402e+01
   8.1453961e+01  -5.4385703e+01
   8.1454371e+01  -5.4387973e+01
   8.1454781e+01  -5.4390226e+01
   8.1455191e+01  -5.4392467e+01
   8.1455601e+01  -5.4394701e+01
   8.1456012e+01  -5.4396930e+01
   8.1456422e+01  -5.4399160e+01
   8.1456833e+01  -5.4401393e+01
   8.1457243e+01  -5.4403633e+01
   8.1457653e+01  -5.4405883e+01
   8.1458063e+01  -5.4408144e+01
   8.1458472e+01  -5.4410417e+01
   8.1458881e+01  -5.4412692e+01
   8.1459291e+01  -5.4414971e+01
   8.1459700e+01  -5.4417255e+01
   8.1460109e+01  -5.4419545e+01
   8.1460517e+01  -5.4421843e+01
   8.1460926e+01  -5.4424150e+01
   8.1461334e+01  -5.4426467e+01
   8.1461742e+01  -5.4428797e+01
   8.1462150e+01  -5.4431139e+01
   8.1462557e+01  -5.4433496e+01
