   7.5416913e+01  -5.7474019e+01
   7.5416563e+01  -5.7475559e+01
   7.5416212e+01  -5.7477098e+01
   7.5415860e+01  -5.7478637e+01
   7.5415508e+01  -5.7480175e+01
   7.5415154e+01  -5.7481711e+01
   7.5414799e+01  -5.7483247e+01
   7.5414443e+01  -5.7484782e+01
   7.5414086e+01  -5.7486315e+01
   7.5413727e+01  -5.7487847e+01
   7.5413367e+01  -5.7489378e+01
   7.5413005e+01  -5.7490907e+01
   7.5412643e+01  -5.7492436e+01
   7.5412280e+01  -5.7493964e+01
   7.5411916e+01  -5.7495491e+01
   7.5411551e+01  -5.7497017e+01
   7.5411184e+01  -5.7498542e+01
   7.5410817e+01  -5.7500066e+01
   7.5410448e+01  -5.7501588e+01
   7.5410078e+01  -5.7503110e+01
   7.5409708e+01  -5.7504631e+01
   7.5409336e+01  -5.7506150e+01
   7.5408964e+01  -5.7507670e+01
   7.5408593e+01  -5.7509190e+01
   7.5408221e+01  -5.7510710e+01
   7.5407850e+01  -5.7512230e+01
   7.5407478e+01  -5.7513749e+01
   7.5407107e+01  -5.7515269e+01
   7.5406735e+01  -5.7516788e+01
   7.5406363e+01  -5.7518307e+01
   7.5405991e+01  -5.7519826e+01
   7.5405619e+01  -5.7521344e+01
   7.5405246e+01  -5.7522863e+01
   7.5404873e+01  -5.7524380e+01
   7.5404500e+01  -5.7525898e+01
   7.5404127e+01  -5.7527416e+01
   7.5403756e+01  -5.7528935e+01
   7.5403385e+01  -5.7530455e+01
   7.5403016e+01  -5.7531975e+01
   7.5402646e+01  -5.7533496e+01
   7.5402277e+01  -5.7535016e+01
   7.5401908e+01  -5.7536537e+01
   7.5401540e+01  -5.7538059e+01
   7.5401173e+01  -5.7539581e+01
   7.5400807e+01  -5.7541104e+01
   7.5400442e+01  -5.7542628e+01
   7.5400078e+01  -5.7544154e+01
   7.5399715e+01  -5.7545679e+01
   7.5399354e+01  -5.7547206e+01
   7.5398993e+01  -5.7548734e+01
   7.5398633e+01  -5.7550262e+01
   7.5398274e+01  -5.7551791e+01
   7.5397920e+01  -5.7553324e+01
   7.5397570e+01  -5.7554861e+01
   7.5397223e+01  -5.7556401e+01
   7.5396881e+01  -5.7557944e+01
   7.5396542e+01  -5.7559490e+01
   7.5396207e+01  -5.7561040e+01
   7.5395875e+01  -5.7562592e+01
   7.5395546e+01  -5.7564147e+01
   7.5395220e+01  -5.7565705e+01
   7.5394898e+01  -5.7567266e+01
   7.5394577e+01  -5.7568828e+01
   7.5394260e+01  -5.7570393e+01
   7.5393944e+01  -5.7571959e+01
   7.5393632e+01  -5.7573528e+01
   7.5393322e+01  -5.7575100e+01
   7.5393015e+01  -5.7576674e+01
   7.5392711e+01  -5.7578250e+01
   7.5392410e+01  -5.7579829e+01
   7.5392112e+01  -5.7581411e+01
   7.5391816e+01  -5.7582995e+01
   7.5391522e+01  -5.7584579e+01
   7.5391229e+01  -5.7586165e+01
   7.5390937e+01  -5.7587752e+01
   7.5390646e+01  -5.7589340e+01
   7.5390356e+01  -5.7590928e+01
   7.5390067e+01  -5.7592518e+01
   7.5389779e+01  -5.7594108e+01
   7.5389493e+01  -5.7595699e+01
   7.5389207e+01  -5.7597291e+01
   7.5388922e+01  -5.7598884e+01
   7.5388635e+01  -5.7600474e+01
   7.5388345e+01  -5.7602063e+01
   7.5388054e+01  -5.7603650e+01
   7.5387761e+01  -5.7605235e+01
   7.5387467e+01  -5.7606819e+01
   7.5387171e+01  -5.7608402e+01
   7.5386874e+01  -5.7609984e+01
   7.5386577e+01  -5.7611565e+01
   7.5386279e+01  -5.7613145e+01
   7.5385980e+01  -5.7614725e+01
   7.5385680e+01  -5.7616304e+01
   7.5385379e+01  -5.7617881e+01
   7.5385075e+01  -5.7619457e+01
   7.5384770e+01  -5.7621031e+01
   7.5384462e+01  -5.7622602e+01
   7.5384152e+01  -5.7624172e+01
   7.5383840e+01  -5.7625739e+01
   7.5383525e+01  -5.7627304e+01
   7.5383207e+01  -5.7628866e+01
   7.5382886e+01  -5.7630426e+01
   7.5382562e+01  -5.7631983e+01
   7.5382235e+01  -5.7633537e+01
   7.5381904e+01  -5.7635088e+01
   7.5381570e+01  -5.7636636e+01
   7.5381233e+01  -5.7638180e+01
   7.5380892e+01  -5.7639722e+01
   7.5380548e+01  -5.7641261e+01
   7.5380201e+01  -5.7642797e+01
   7.5379851e+01  -5.7644330e+01
   7.5379497e+01  -5.7645860e+01
   7.5379141e+01  -5.7647387e+01
   7.5378783e+01  -5.7648913e+01
   7.5378421e+01  -5.7650436e+01
   7.5378058e+01  -5.7651956e+01
   7.5377691e+01  -5.7653475e+01
   7.5377323e+01  -5.7654991e+01
   7.5376952e+01  -5.7656505e+01
   7.5376579e+01  -5.7658017e+01
   7.5376204e+01  -5.7659527e+01
   7.5375826e+01  -5.7661036e+01
   7.5375449e+01  -5.7662544e+01
   7.5375072e+01  -5.7664052e+01
   7.5374694e+01  -5.7665559e+01
   7.5374315e+01  -5.7667066e+01
   7.5373935e+01  -5.7668572e+01
   7.5373555e+01  -5.7670076e+01
   7.5373172e+01  -5.7671580e+01
   7.5372788e+01  -5.7673082e+01
   7.5372402e+01  -5.7674581e+01
   7.5372014e+01  -5.7676079e+01
   7.5371623e+01  -5.7677574e+01
   7.5371229e+01  -5.7679067e+01
   7.5370833e+01  -5.7680557e+01
   7.5370433e+01  -5.7682045e+01
   7.5370031e+01  -5.7683529e+01
   7.5369625e+01  -5.7685011e+01
   7.5369217e+01  -5.7686490e+01
   7.5368805e+01  -5.7687967e+01
   7.5368390e+01  -5.7689440e+01
   7.5367972e+01  -5.7690910e+01
   7.5367547e+01  -5.7692375e+01
   7.5367116e+01  -5.7693834e+01
   7.5366678e+01  -5.7695286e+01
   7.5366232e+01  -5.7696731e+01
   7.5365778e+01  -5.7698169e+01
   7.5365316e+01  -5.7699601e+01
   7.5364846e+01  -5.7701024e+01
   7.5364367e+01  -5.7702440e+01
   7.5363879e+01  -5.7703847e+01
   7.5363382e+01  -5.7705246e+01
   7.5362879e+01  -5.7706640e+01
   7.5362370e+01  -5.7708028e+01
   7.5361854e+01  -5.7709410e+01
   7.5361332e+01  -5.7710787e+01
   7.5360805e+01  -5.7712159e+01
   7.5360273e+01  -5.7713527e+01
   7.5359737e+01  -5.7714890e+01
   7.5359195e+01  -5.7716249e+01
   7.5358653e+01  -5.7717596e+01
   7.5358111e+01  -5.7718925e+01
   7.5357570e+01  -5.7720245e+01
   7.5357029e+01  -5.7721555e+01
   7.5356489e+01  -5.7722855e+01
   7.5355950e+01  -5.7724144e+01
   7.5355411e+01  -5.7725428e+01
   7.5354872e+01  -5.7726709e+01
   7.5354333e+01  -5.7727987e+01
   7.5353794e+01  -5.7729263e+01
   7.5353256e+01  -5.7730537e+01
   7.5352717e+01  -5.7731809e+01
   7.5352179e+01  -5.7733077e+01
   7.5351641e+01  -5.7734340e+01
   7.5351103e+01  -5.7735599e+01
   7.5350566e+01  -5.7736851e+01
   7.5350028e+01  -5.7738106e+01
   7.5349490e+01  -5.7739369e+01
   7.5348951e+01  -5.7740644e+01
   7.5348411e+01  -5.7741934e+01
   7.5347871e+01  -5.7743242e+01
   7.5347329e+01  -5.7744571e+01
   7.5346786e+01  -5.7745924e+01
   7.5346249e+01  -5.7747285e+01
   7.5345719e+01  -5.7748652e+01
   7.5345197e+01  -5.7750025e+01
   7.5344680e+01  -5.7751404e+01
   7.5344167e+01  -5.7752786e+01
   7.5343658e+01  -5.7754171e+01
   7.5343153e+01  -5.7755559e+01
   7.5342651e+01  -5.7756950e+01
   7.5342152e+01  -5.7758344e+01
   7.5341655e+01  -5.7759740e+01
   7.5341159e+01  -5.7761137e+01
   7.5340665e+01  -5.7762535e+01
   7.5340173e+01  -5.7763934e+01
   7.5339683e+01  -5.7765336e+01
   7.5339196e+01  -5.7766740e+01
   7.5338708e+01  -5.7768143e+01
   7.5338220e+01  -5.7769546e+01
   7.5337732e+01  -5.7770949e+01
   7.5337243e+01  -5.7772351e+01
   7.5336754e+01  -5.7773753e+01
   7.5336262e+01  -5.7775152e+01
   7.5335767e+01  -5.7776549e+01
   7.5335270e+01  -5.7777943e+01
   7.5334771e+01  -5.7779335e+01
   7.5334269e+01  -5.7780726e+01
   7.5333765e+01  -5.7782114e+01
   7.5333258e+01  -5.7783499e+01
   7.5332749e+01  -5.7784881e+01
   7.5332237e+01  -5.7786262e+01
   7.5331723e+01  -5.7787640e+01
   7.5331208e+01  -5.7789019e+01
   7.5330695e+01  -5.7790397e+01
   7.5330182e+01  -5.7791777e+01
   7.5329671e+01  -5.7793158e+01
   7.5329163e+01  -5.7794541e+01
   7.5328658e+01  -5.7795927e+01
   7.5328158e+01  -5.7797318e+01
   7.5327664e+01  -5.7798714e+01
   7.5327176e+01  -5.7800115e+01
   7.5326696e+01  -5.7801523e+01
   7.5326224e+01  -5.7802938e+01
   7.5325760e+01  -5.7804360e+01
   7.5325303e+01  -5.7805789e+01
   7.5324854e+01  -5.7807225e+01
   7.5324412e+01  -5.7808666e+01
   7.5323976e+01  -5.7810114e+01
   7.5323547e+01  -5.7811568e+01
   7.5323125e+01  -5.7813027e+01
   7.5322708e+01  -5.7814491e+01
   7.5322294e+01  -5.7815958e+01
   7.5321881e+01  -5.7817425e+01
   7.5321468e+01  -5.7818893e+01
   7.5321056e+01  -5.7820360e+01
   7.5320643e+01  -5.7821828e+01
   7.5320230e+01  -5.7823295e+01
   7.5319817e+01  -5.7824761e+01
   7.5319402e+01  -5.7826226e+01
   7.5318985e+01  -5.7827690e+01
   7.5318567e+01  -5.7829153e+01
   7.5318147e+01  -5.7830613e+01
   7.5317723e+01  -5.7832069e+01
   7.5317295e+01  -5.7833523e+01
   7.5316864e+01  -5.7834973e+01
   7.5316432e+01  -5.7836422e+01
   7.5315999e+01  -5.7837871e+01
   7.5315564e+01  -5.7839318e+01
   7.5315128e+01  -5.7840763e+01
   7.5314691e+01  -5.7842207e+01
   7.5314252e+01  -5.7843650e+01
   7.5313811e+01  -5.7845090e+01
   7.5313371e+01  -5.7846532e+01
   7.5312932e+01  -5.7847975e+01
   7.5312494e+01  -5.7849418e+01
   7.5312056e+01  -5.7850861e+01
   7.5311617e+01  -5.7852304e+01
   7.5311179e+01  -5.7853746e+01
   7.5310741e+01  -5.7855189e+01
   7.5310304e+01  -5.7856633e+01
   7.5309867e+01  -5.7858077e+01
   7.5309432e+01  -5.7859522e+01
   7.5308997e+01  -5.7860967e+01
   7.5308562e+01  -5.7862413e+01
   7.5308127e+01  -5.7863858e+01
   7.5307693e+01  -5.7865304e+01
   7.5307259e+01  -5.7866750e+01
   7.5306825e+01  -5.7868195e+01
   7.5306391e+01  -5.7869641e+01
   7.5305956e+01  -5.7871086e+01
   7.5305522e+01  -5.7872531e+01
   7.5305086e+01  -5.7873976e+01
   7.5304648e+01  -5.7875417e+01
   7.5304206e+01  -5.7876856e+01
   7.5303762e+01  -5.7878291e+01
   7.5303314e+01  -5.7879724e+01
   7.5302863e+01  -5.7881154e+01
   7.5302408e+01  -5.7882580e+01
   7.5301951e+01  -5.7884004e+01
   7.5301491e+01  -5.7885425e+01
   7.5301027e+01  -5.7886844e+01
   7.5300560e+01  -5.7888259e+01
   7.5300089e+01  -5.7889670e+01
   7.5299613e+01  -5.7891076e+01
   7.5299131e+01  -5.7892478e+01
   7.5298644e+01  -5.7893874e+01
   7.5298151e+01  -5.7895265e+01
   7.5297652e+01  -5.7896651e+01
   7.5297147e+01  -5.7898031e+01
   7.5296637e+01  -5.7899406e+01
   7.5296120e+01  -5.7900776e+01
   7.5295598e+01  -5.7902140e+01
   7.5295068e+01  -5.7903498e+01
   7.5294532e+01  -5.7904849e+01
   7.5293990e+01  -5.7906195e+01
   7.5293447e+01  -5.7907513e+01
   7.5292906e+01  -5.7908804e+01
   7.5292366e+01  -5.7910072e+01
   7.5291827e+01  -5.7911325e+01
   7.5291288e+01  -5.7912566e+01
   7.5290750e+01  -5.7913801e+01
   7.5290213e+01  -5.7915033e+01
   7.5289674e+01  -5.7916273e+01
   7.5289136e+01  -5.7917520e+01
   7.5288596e+01  -5.7918773e+01
   7.5288057e+01  -5.7920027e+01
   7.5287518e+01  -5.7921281e+01
