   7.7535923e+01  -2.5361816e+01
   7.7536056e+01  -2.5359351e+01
   7.7536190e+01  -2.5356886e+01
   7.7536322e+01  -2.5354423e+01
   7.7536454e+01  -2.5351961e+01
   7.7536584e+01  -2.5349500e+01
   7.7536714e+01  -2.5347040e+01
   7.7536844e+01  -2.5344582e+01
   7.7536972e+01  -2.5342125e+01
   7.7537100e+01  -2.5339669e+01
   7.7537226e+01  -2.5337214e+01
   7.7537352e+01  -2.5334761e+01
   7.7537477e+01  -2.5332309e+01
   7.7537601e+01  -2.5329859e+01
   7.7537723e+01  -2.5327411e+01
   7.7537845e+01  -2.5324965e+01
   7.7537965e+01  -2.5322521e+01
   7.7538084e+01  -2.5320079e+01
   7.7538201e+01  -2.5317639e+01
   7.7538318e+01  -2.5315201e+01
   7.7538433e+01  -2.5312765e+01
   7.7538547e+01  -2.5310330e+01
   7.7538659e+01  -2.5307898e+01
   7.7538771e+01  -2.5305468e+01
   7.7538881e+01  -2.5303039e+01
   7.7538990e+01  -2.5300612e+01
   7.7539098e+01  -2.5298187e+01
   7.7539205e+01  -2.5295764e+01
   7.7539311e+01  -2.5293343e+01
   7.7539416e+01  -2.5290923e+01
   7.7539520e+01  -2.5288505e+01
   7.7539623e+01  -2.5286088e+01
   7.7539725e+01  -2.5283672e+01
   7.7539827e+01  -2.5281258e+01
   7.7539927e+01  -2.5278844e+01
   7.7540028e+01  -2.5276431e+01
   7.7540127e+01  -2.5274020e+01
   7.7540226e+01  -2.5271609e+01
   7.7540325e+01  -2.5269199e+01
   7.7540422e+01  -2.5266790e+01
   7.7540519e+01  -2.5264383e+01
   7.7540616e+01  -2.5261976e+01
   7.7540711e+01  -2.5259571e+01
   7.7540806e+01  -2.5257166e+01
   7.7540900e+01  -2.5254763e+01
   7.7540993e+01  -2.5252362e+01
   7.7541086e+01  -2.5249961e+01
   7.7541178e+01  -2.5247562e+01
   7.7541268e+01  -2.5245163e+01
   7.7541359e+01  -2.5242767e+01
   7.7541448e+01  -2.5240371e+01
   7.7541537e+01  -2.5237976e+01
   7.7541624e+01  -2.5235583e+01
   7.7541711e+01  -2.5233192e+01
   7.7541797e+01  -2.5230801e+01
   7.7541882e+01  -2.5228412e+01
   7.7541967e+01  -2.5226025e+01
   7.7542050e+01  -2.5223638e+01
   7.7542132e+01  -2.5221254e+01
   7.7542214e+01  -2.5218870e+01
   7.7542294e+01  -2.5216489e+01
   7.7542374e+01  -2.5214108e+01
   7.7542453e+01  -2.5211730e+01
   7.7542531e+01  -2.5209352e+01
   7.7542608e+01  -2.5206976e+01
   7.7542684e+01  -2.5204602e+01
   7.7542759e+01  -2.5202228e+01
   7.7542833e+01  -2.5199857e+01
   7.7542907e+01  -2.5197486e+01
   7.7542980e+01  -2.5195117e+01
   7.7543051e+01  -2.5192749e+01
   7.7543122e+01  -2.5190383e+01
   7.7543193e+01  -2.5188017e+01
   7.7543263e+01  -2.5185653e+01
   7.7543332e+01  -2.5183289e+01
   7.7543400e+01  -2.5180926e+01
   7.7543469e+01  -2.5178564e+01
   7.7543536e+01  -2.5176203e+01
   7.7543603e+01  -2.5173843e+01
   7.7543669e+01  -2.5171484e+01
   7.7543735e+01  -2.5169125e+01
   7.7543801e+01  -2.5166768e+01
   7.7543866e+01  -2.5164411e+01
   7.7543930e+01  -2.5162055e+01
   7.7543993e+01  -2.5159701e+01
   7.7544056e+01  -2.5157347e+01
   7.7544118e+01  -2.5154995e+01
   7.7544179e+01  -2.5152643e+01
   7.7544240e+01  -2.5150293e+01
   7.7544300e+01  -2.5147944e+01
   7.7544359e+01  -2.5145596e+01
   7.7544418e+01  -2.5143249e+01
   7.7544475e+01  -2.5140904e+01
   7.7544531e+01  -2.5138562e+01
   7.7544586e+01  -2.5136221e+01
   7.7544639e+01  -2.5133883e+01
   7.7544690e+01  -2.5131548e+01
   7.7544740e+01  -2.5129216e+01
   7.7544788e+01  -2.5126886e+01
   7.7544835e+01  -2.5124559e+01
   7.7544879e+01  -2.5122234e+01
   7.7544922e+01  -2.5119913e+01
   7.7544964e+01  -2.5117594e+01
   7.7545004e+01  -2.5115277e+01
   7.7545043e+01  -2.5112962e+01
   7.7545081e+01  -2.5110649e+01
   7.7545119e+01  -2.5108337e+01
   7.7545155e+01  -2.5106027e+01
   7.7545190e+01  -2.5103718e+01
   7.7545225e+01  -2.5101409e+01
   7.7545260e+01  -2.5099102e+01
   7.7545294e+01  -2.5096795e+01
   7.7545328e+01  -2.5094487e+01
   7.7545363e+01  -2.5092179e+01
   7.7545399e+01  -2.5089870e+01
   7.7545435e+01  -2.5087560e+01
   7.7545471e+01  -2.5085249e+01
   7.7545507e+01  -2.5082938e+01
   7.7545544e+01  -2.5080626e+01
   7.7545581e+01  -2.5078314e+01
   7.7545618e+01  -2.5076002e+01
   7.7545656e+01  -2.5073689e+01
   7.7545693e+01  -2.5071375e+01
   7.7545731e+01  -2.5069062e+01
   7.7545769e+01  -2.5066748e+01
   7.7545807e+01  -2.5064434e+01
   7.7545845e+01  -2.5062119e+01
   7.7545884e+01  -2.5059804e+01
   7.7545922e+01  -2.5057489e+01
   7.7545961e+01  -2.5055173e+01
   7.7546001e+01  -2.5052856e+01
   7.7546040e+01  -2.5050539e+01
   7.7546079e+01  -2.5048222e+01
   7.7546118e+01  -2.5045907e+01
   7.7546156e+01  -2.5043593e+01
   7.7546193e+01  -2.5041280e+01
   7.7546229e+01  -2.5038968e+01
   7.7546265e+01  -2.5036657e+01
   7.7546300e+01  -2.5034348e+01
   7.7546334e+01  -2.5032040e+01
   7.7546367e+01  -2.5029733e+01
   7.7546399e+01  -2.5027428e+01
   7.7546430e+01  -2.5025126e+01
   7.7546458e+01  -2.5022826e+01
   7.7546485e+01  -2.5020530e+01
   7.7546511e+01  -2.5018236e+01
   7.7546535e+01  -2.5015945e+01
   7.7546557e+01  -2.5013656e+01
   7.7546577e+01  -2.5011371e+01
   7.7546596e+01  -2.5009088e+01
   7.7546613e+01  -2.5006807e+01
   7.7546629e+01  -2.5004529e+01
   7.7546645e+01  -2.5002252e+01
   7.7546660e+01  -2.4999974e+01
   7.7546676e+01  -2.4997696e+01
   7.7546692e+01  -2.4995417e+01
   7.7546709e+01  -2.4993137e+01
   7.7546727e+01  -2.4990856e+01
   7.7546745e+01  -2.4988574e+01
   7.7546765e+01  -2.4986290e+01
   7.7546785e+01  -2.4984004e+01
   7.7546805e+01  -2.4981718e+01
   7.7546827e+01  -2.4979429e+01
   7.7546851e+01  -2.4977137e+01
   7.7546876e+01  -2.4974843e+01
   7.7546902e+01  -2.4972548e+01
   7.7546929e+01  -2.4970250e+01
   7.7546957e+01  -2.4967951e+01
   7.7546986e+01  -2.4965650e+01
   7.7547016e+01  -2.4963348e+01
   7.7547046e+01  -2.4961045e+01
   7.7547077e+01  -2.4958741e+01
   7.7547108e+01  -2.4956437e+01
   7.7547138e+01  -2.4954133e+01
   7.7547169e+01  -2.4951829e+01
   7.7547199e+01  -2.4949525e+01
   7.7547229e+01  -2.4947223e+01
   7.7547258e+01  -2.4944921e+01
   7.7547287e+01  -2.4942620e+01
   7.7547315e+01  -2.4940321e+01
   7.7547342e+01  -2.4938023e+01
   7.7547368e+01  -2.4935726e+01
   7.7547394e+01  -2.4933430e+01
   7.7547419e+01  -2.4931135e+01
   7.7547444e+01  -2.4928840e+01
   7.7547469e+01  -2.4926546e+01
   7.7547493e+01  -2.4924253e+01
   7.7547516e+01  -2.4921960e+01
   7.7547540e+01  -2.4919668e+01
   7.7547563e+01  -2.4917376e+01
   7.7547585e+01  -2.4915085e+01
   7.7547608e+01  -2.4912794e+01
   7.7547631e+01  -2.4910502e+01
   7.7547655e+01  -2.4908208e+01
   7.7547681e+01  -2.4905912e+01
   7.7547707e+01  -2.4903615e+01
   7.7547734e+01  -2.4901316e+01
   7.7547763e+01  -2.4899014e+01
   7.7547793e+01  -2.4896711e+01
   7.7547824e+01  -2.4894405e+01
   7.7547856e+01  -2.4892097e+01
   7.7547890e+01  -2.4889786e+01
   7.7547926e+01  -2.4887473e+01
   7.7547962e+01  -2.4885157e+01
   7.7548000e+01  -2.4882839e+01
   7.7548040e+01  -2.4880519e+01
   7.7548081e+01  -2.4878197e+01
   7.7548123e+01  -2.4875872e+01
   7.7548166e+01  -2.4873545e+01
   7.7548211e+01  -2.4871215e+01
   7.7548257e+01  -2.4868884e+01
   7.7548304e+01  -2.4866550e+01
   7.7548352e+01  -2.4864215e+01
   7.7548402e+01  -2.4861877e+01
   7.7548452e+01  -2.4859537e+01
   7.7548504e+01  -2.4857195e+01
   7.7548557e+01  -2.4854852e+01
   7.7548610e+01  -2.4852507e+01
   7.7548665e+01  -2.4850161e+01
   7.7548720e+01  -2.4847813e+01
   7.7548776e+01  -2.4845464e+01
   7.7548832e+01  -2.4843114e+01
   7.7548890e+01  -2.4840762e+01
   7.7548948e+01  -2.4838408e+01
   7.7549007e+01  -2.4836053e+01
   7.7549067e+01  -2.4833697e+01
   7.7549128e+01  -2.4831340e+01
   7.7549189e+01  -2.4828981e+01
   7.7549251e+01  -2.4826622e+01
   7.7549313e+01  -2.4824261e+01
   7.7549376e+01  -2.4821900e+01
   7.7549439e+01  -2.4819538e+01
   7.7549504e+01  -2.4817174e+01
   7.7549570e+01  -2.4814806e+01
   7.7549637e+01  -2.4812437e+01
   7.7549707e+01  -2.4810064e+01
   7.7549777e+01  -2.4807689e+01
   7.7549850e+01  -2.4805310e+01
   7.7549924e+01  -2.4802929e+01
   7.7550000e+01  -2.4800544e+01
   7.7550079e+01  -2.4798156e+01
   7.7550159e+01  -2.4795764e+01
   7.7550241e+01  -2.4793368e+01
   7.7550327e+01  -2.4790968e+01
   7.7550415e+01  -2.4788562e+01
   7.7550506e+01  -2.4786152e+01
   7.7550599e+01  -2.4783738e+01
   7.7550695e+01  -2.4781318e+01
   7.7550794e+01  -2.4778894e+01
   7.7550896e+01  -2.4776464e+01
   7.7551001e+01  -2.4774029e+01
   7.7551109e+01  -2.4771589e+01
   7.7551221e+01  -2.4769143e+01
   7.7551337e+01  -2.4766689e+01
   7.7551458e+01  -2.4764228e+01
   7.7551582e+01  -2.4761759e+01
   7.7551712e+01  -2.4759282e+01
   7.7551846e+01  -2.4756796e+01
   7.7551986e+01  -2.4754302e+01
   7.7552131e+01  -2.4751797e+01
   7.7552282e+01  -2.4749283e+01
   7.7552439e+01  -2.4746758e+01
   7.7552601e+01  -2.4744225e+01
   7.7552769e+01  -2.4741681e+01
   7.7552942e+01  -2.4739129e+01
   7.7553121e+01  -2.4736567e+01
   7.7553305e+01  -2.4733995e+01
   7.7553495e+01  -2.4731414e+01
   7.7553691e+01  -2.4728822e+01
   7.7553893e+01  -2.4726219e+01
   7.7554101e+01  -2.4723606e+01
   7.7554314e+01  -2.4720983e+01
   7.7554529e+01  -2.4718358e+01
   7.7554746e+01  -2.4715730e+01
   7.7554965e+01  -2.4713098e+01
   7.7555186e+01  -2.4710461e+01
   7.7555410e+01  -2.4707819e+01
   7.7555638e+01  -2.4705172e+01
   7.7555869e+01  -2.4702518e+01
   7.7556104e+01  -2.4699858e+01
   7.7556343e+01  -2.4697189e+01
   7.7556588e+01  -2.4694512e+01
   7.7556834e+01  -2.4691831e+01
   7.7557082e+01  -2.4689148e+01
   7.7557332e+01  -2.4686461e+01
   7.7557583e+01  -2.4683772e+01
   7.7557835e+01  -2.4681081e+01
   7.7558089e+01  -2.4678387e+01
   7.7558344e+01  -2.4675690e+01
   7.7558600e+01  -2.4672992e+01
   7.7558858e+01  -2.4670291e+01
   7.7559116e+01  -2.4667588e+01
   7.7559376e+01  -2.4664883e+01
   7.7559638e+01  -2.4662174e+01
   7.7559902e+01  -2.4659461e+01
   7.7560168e+01  -2.4656744e+01
   7.7560437e+01  -2.4654023e+01
   7.7560707e+01  -2.4651309e+01
   7.7560977e+01  -2.4648606e+01
   7.7561249e+01  -2.4645914e+01
   7.7561521e+01  -2.4643232e+01
   7.7561795e+01  -2.4640563e+01
   7.7562068e+01  -2.4637897e+01
   7.7562342e+01  -2.4635234e+01
   7.7562616e+01  -2.4632574e+01
   7.7562890e+01  -2.4629918e+01
   7.7563165e+01  -2.4627268e+01
   7.7563441e+01  -2.4624625e+01
   7.7563717e+01  -2.4621991e+01
   7.7563993e+01  -2.4619366e+01
   7.7564271e+01  -2.4616752e+01
   7.7564550e+01  -2.4614149e+01
   7.7564829e+01  -2.4611552e+01
   7.7565107e+01  -2.4608952e+01
   7.7565386e+01  -2.4606350e+01
   7.7565664e+01  -2.4603745e+01
   7.7565942e+01  -2.4601140e+01
   7.7566220e+01  -2.4598533e+01
   7.7566498e+01  -2.4595925e+01
   7.7566776e+01  -2.4593317e+01
   7.7567054e+01  -2.4590709e+01
   7.7567332e+01  -2.4588101e+01
   7.7567610e+01  -2.4585494e+01
   7.7567885e+01  -2.4582850e+01
   7.7568157e+01  -2.4580167e+01
   7.7568426e+01  -2.4577445e+01
   7.7568687e+01  -2.4574732e+01
   7.7568940e+01  -2.4572033e+01
   7.7569187e+01  -2.4569345e+01
   7.7569427e+01  -2.4566668e+01
   7.7569661e+01  -2.4564001e+01
   7.7569889e+01  -2.4561343e+01
   7.7570113e+01  -2.4558694e+01
   7.7570328e+01  -2.4556060e+01
   7.7570535e+01  -2.4553439e+01
   7.7570734e+01  -2.4550833e+01
   7.7570925e+01  -2.4548239e+01
   7.7571110e+01  -2.4545657e+01
   7.7571288e+01  -2.4543085e+01
   7.7571461e+01  -2.4540523e+01
   7.7571629e+01  -2.4537970e+01
   7.7571792e+01  -2.4535425e+01
   7.7571951e+01  -2.4532887e+01
   7.7572104e+01  -2.4530358e+01
   7.7572252e+01  -2.4527840e+01
   7.7572392e+01  -2.4525333e+01
   7.7572525e+01  -2.4522840e+01
   7.7572650e+01  -2.4520361e+01
   7.7572766e+01  -2.4517895e+01
   7.7572875e+01  -2.4515443e+01
   7.7572976e+01  -2.4513004e+01
   7.7573071e+01  -2.4510577e+01
   7.7573158e+01  -2.4508163e+01
   7.7573242e+01  -2.4505754e+01
   7.7573322e+01  -2.4503350e+01
   7.7573400e+01  -2.4500952e+01
   7.7573475e+01  -2.4498558e+01
   7.7573547e+01  -2.4496171e+01
   7.7573615e+01  -2.4493788e+01
   7.7573680e+01  -2.4491412e+01
   7.7573741e+01  -2.4489041e+01
   7.7573799e+01  -2.4486677e+01
   7.7573853e+01  -2.4484319e+01
   7.7573906e+01  -2.4481963e+01
   7.7573959e+01  -2.4479608e+01
   7.7574010e+01  -2.4477254e+01
   7.7574061e+01  -2.4474902e+01
   7.7574112e+01  -2.4472550e+01
   7.7574161e+01  -2.4470200e+01
   7.7574211e+01  -2.4467850e+01
   7.7574259e+01  -2.4465501e+01
   7.7574308e+01  -2.4463153e+01
   7.7574355e+01  -2.4460805e+01
   7.7574405e+01  -2.4458455e+01
   7.7574457e+01  -2.4456099e+01
   7.7574512e+01  -2.4453740e+01
   7.7574569e+01  -2.4451376e+01
   7.7574628e+01  -2.4449009e+01
   7.7574689e+01  -2.4446639e+01
   7.7574751e+01  -2.4444266e+01
   7.7574814e+01  -2.4441891e+01
   7.7574879e+01  -2.4439513e+01
   7.7574945e+01  -2.4437135e+01
   7.7575011e+01  -2.4434755e+01
   7.7575077e+01  -2.4432374e+01
   7.7575144e+01  -2.4429993e+01
   7.7575211e+01  -2.4427612e+01
   7.7575277e+01  -2.4425231e+01
   7.7575343e+01  -2.4422851e+01
   7.7575408e+01  -2.4420472e+01
   7.7575472e+01  -2.4418095e+01
   7.7575536e+01  -2.4415720e+01
   7.7575598e+01  -2.4413346e+01
   7.7575659e+01  -2.4410974e+01
   7.7575719e+01  -2.4408603e+01
   7.7575779e+01  -2.4406234e+01
   7.7575837e+01  -2.4403867e+01
   7.7575894e+01  -2.4401502e+01
   7.7575949e+01  -2.4399141e+01
   7.7576002e+01  -2.4396783e+01
   7.7576053e+01  -2.4394429e+01
   7.7576101e+01  -2.4392078e+01
   7.7576148e+01  -2.4389731e+01
   7.7576199e+01  -2.4387377e+01
   7.7576253e+01  -2.4385017e+01
   7.7576311e+01  -2.4382650e+01
   7.7576373e+01  -2.4380276e+01
   7.7576438e+01  -2.4377895e+01
   7.7576507e+01  -2.4375509e+01
   7.7576580e+01  -2.4373116e+01
   7.7576656e+01  -2.4370717e+01
   7.7576735e+01  -2.4368312e+01
   7.7576817e+01  -2.4365902e+01
   7.7576901e+01  -2.4363490e+01
   7.7576985e+01  -2.4361076e+01
   7.7577071e+01  -2.4358659e+01
   7.7577158e+01  -2.4356241e+01
   7.7577247e+01  -2.4353820e+01
   7.7577337e+01  -2.4351396e+01
   7.7577428e+01  -2.4348969e+01
   7.7577521e+01  -2.4346540e+01
   7.7577616e+01  -2.4344108e+01
   7.7577712e+01  -2.4341672e+01
   7.7577808e+01  -2.4339237e+01
   7.7577903e+01  -2.4336803e+01
   7.7577998e+01  -2.4334370e+01
   7.7578093e+01  -2.4331938e+01
   7.7578187e+01  -2.4329506e+01
   7.7578281e+01  -2.4327074e+01
   7.7578375e+01  -2.4324643e+01
   7.7578468e+01  -2.4322211e+01
   7.7578563e+01  -2.4319779e+01
   7.7578657e+01  -2.4317346e+01
   7.7578751e+01  -2.4314914e+01
   7.7578845e+01  -2.4312481e+01
   7.7578939e+01  -2.4310049e+01
   7.7579033e+01  -2.4307617e+01
   7.7579128e+01  -2.4305184e+01
   7.7579222e+01  -2.4302751e+01
   7.7579317e+01  -2.4300317e+01
   7.7579412e+01  -2.4297883e+01
   7.7579507e+01  -2.4295447e+01
   7.7579603e+01  -2.4293011e+01
   7.7579699e+01  -2.4290575e+01
   7.7579794e+01  -2.4288140e+01
   7.7579888e+01  -2.4285706e+01
   7.7579982e+01  -2.4283274e+01
   7.7580075e+01  -2.4280842e+01
   7.7580168e+01  -2.4278411e+01
   7.7580260e+01  -2.4275980e+01
   7.7580352e+01  -2.4273551e+01
   7.7580444e+01  -2.4271122e+01
   7.7580534e+01  -2.4268694e+01
   7.7580625e+01  -2.4266266e+01
   7.7580717e+01  -2.4263837e+01
   7.7580808e+01  -2.4261407e+01
   7.7580900e+01  -2.4258977e+01
   7.7580993e+01  -2.4256546e+01
   7.7581086e+01  -2.4254113e+01
   7.7581179e+01  -2.4251680e+01
   7.7581274e+01  -2.4249245e+01
   7.7581369e+01  -2.4246809e+01
   7.7581465e+01  -2.4244371e+01
   7.7581561e+01  -2.4241932e+01
   7.7581658e+01  -2.4239493e+01
   7.7581755e+01  -2.4237053e+01
   7.7581852e+01  -2.4234612e+01
   7.7581949e+01  -2.4232172e+01
   7.7582046e+01  -2.4229733e+01
   7.7582143e+01  -2.4227294e+01
   7.7582238e+01  -2.4224855e+01
   7.7582333e+01  -2.4222419e+01
   7.7582426e+01  -2.4219986e+01
   7.7582519e+01  -2.4217553e+01
   7.7582610e+01  -2.4215123e+01
   7.7582700e+01  -2.4212695e+01
   7.7582789e+01  -2.4210268e+01
   7.7582876e+01  -2.4207844e+01
   7.7582962e+01  -2.4205423e+01
   7.7583047e+01  -2.4203004e+01
   7.7583129e+01  -2.4200588e+01
   7.7583210e+01  -2.4198176e+01
   7.7583290e+01  -2.4195766e+01
   7.7583364e+01  -2.4193364e+01
   7.7583434e+01  -2.4190970e+01
   7.7583500e+01  -2.4188585e+01
   7.7583561e+01  -2.4186206e+01
   7.7583618e+01  -2.4183835e+01
   7.7583671e+01  -2.4181472e+01
   7.7583720e+01  -2.4179115e+01
   7.7583765e+01  -2.4176766e+01
   7.7583805e+01  -2.4174424e+01
   7.7583842e+01  -2.4172089e+01
   7.7583867e+01  -2.4169774e+01
   7.7583881e+01  -2.4167479e+01
   7.7583884e+01  -2.4165204e+01
   7.7583876e+01  -2.4162947e+01
   7.7583859e+01  -2.4160706e+01
   7.7583834e+01  -2.4158482e+01
   7.7583799e+01  -2.4156271e+01
   7.7583758e+01  -2.4154075e+01
   7.7583709e+01  -2.4151891e+01
   7.7583653e+01  -2.4149720e+01
   7.7583594e+01  -2.4147554e+01
   7.7583533e+01  -2.4145391e+01
   7.7583470e+01  -2.4143232e+01
   7.7583405e+01  -2.4141076e+01
   7.7583338e+01  -2.4138924e+01
   7.7583269e+01  -2.4136775e+01
   7.7583198e+01  -2.4134630e+01
   7.7583126e+01  -2.4132487e+01
   7.7583051e+01  -2.4130349e+01
   7.7582975e+01  -2.4128213e+01
   7.7582897e+01  -2.4126080e+01
   7.7582819e+01  -2.4123949e+01
   7.7582739e+01  -2.4121820e+01
   7.7582658e+01  -2.4119693e+01
   7.7582575e+01  -2.4117568e+01
   7.7582492e+01  -2.4115445e+01
   7.7582407e+01  -2.4113324e+01
   7.7582321e+01  -2.4111206e+01
   7.7582234e+01  -2.4109090e+01
   7.7582145e+01  -2.4106977e+01
   7.7582056e+01  -2.4104864e+01
   7.7581967e+01  -2.4102751e+01
   7.7581878e+01  -2.4100638e+01
   7.7581789e+01  -2.4098524e+01
   7.7581700e+01  -2.4096411e+01
   7.7581611e+01  -2.4094298e+01
   7.7581522e+01  -2.4092186e+01
   7.7581433e+01  -2.4090073e+01
   7.7581343e+01  -2.4087961e+01
   7.7581253e+01  -2.4085850e+01
   7.7581161e+01  -2.4083743e+01
   7.7581064e+01  -2.4081643e+01
   7.7580964e+01  -2.4079550e+01
   7.7580860e+01  -2.4077464e+01
   7.7580752e+01  -2.4075384e+01
   7.7580640e+01  -2.4073312e+01
   7.7580524e+01  -2.4071247e+01
   7.7580404e+01  -2.4069189e+01
   7.7580280e+01  -2.4067139e+01
   7.7580151e+01  -2.4065097e+01
   7.7580019e+01  -2.4063060e+01
   7.7579884e+01  -2.4061028e+01
   7.7579747e+01  -2.4059002e+01
   7.7579607e+01  -2.4056980e+01
   7.7579463e+01  -2.4054964e+01
   7.7579317e+01  -2.4052953e+01
   7.7579168e+01  -2.4050947e+01
   7.7579016e+01  -2.4048946e+01
   7.7578861e+01  -2.4046951e+01
   7.7578703e+01  -2.4044961e+01
   7.7578542e+01  -2.4042975e+01
   7.7578380e+01  -2.4040994e+01
   7.7578215e+01  -2.4039015e+01
   7.7578048e+01  -2.4037041e+01
   7.7577879e+01  -2.4035070e+01
   7.7577708e+01  -2.4033104e+01
   7.7577535e+01  -2.4031141e+01
   7.7577360e+01  -2.4029182e+01
   7.7577182e+01  -2.4027227e+01
   7.7577003e+01  -2.4025275e+01
   7.7576822e+01  -2.4023327e+01
   7.7576639e+01  -2.4021381e+01
   7.7576455e+01  -2.4019437e+01
   7.7576270e+01  -2.4017496e+01
   7.7576083e+01  -2.4015558e+01
   7.7575895e+01  -2.4013622e+01
   7.7575705e+01  -2.4011689e+01
   7.7575514e+01  -2.4009758e+01
   7.7575322e+01  -2.4007829e+01
   7.7575128e+01  -2.4005904e+01
   7.7574933e+01  -2.4003981e+01
   7.7574736e+01  -2.4002060e+01
   7.7574538e+01  -2.4000143e+01
   7.7574338e+01  -2.3998228e+01
   7.7574137e+01  -2.3996316e+01
   7.7573934e+01  -2.3994407e+01
   7.7573729e+01  -2.3992501e+01
   7.7573523e+01  -2.3990598e+01
   7.7573315e+01  -2.3988697e+01
   7.7573106e+01  -2.3986800e+01
   7.7572894e+01  -2.3984907e+01
   7.7572679e+01  -2.3983019e+01
   7.7572461e+01  -2.3981137e+01
   7.7572241e+01  -2.3979259e+01
   7.7572017e+01  -2.3977388e+01
   7.7571790e+01  -2.3975521e+01
   7.7571561e+01  -2.3973660e+01
   7.7571328e+01  -2.3971804e+01
   7.7571092e+01  -2.3969954e+01
   7.7570854e+01  -2.3968110e+01
   7.7570613e+01  -2.3966269e+01
   7.7570369e+01  -2.3964433e+01
   7.7570124e+01  -2.3962600e+01
   7.7569877e+01  -2.3960771e+01
   7.7569628e+01  -2.3958945e+01
   7.7569377e+01  -2.3957122e+01
   7.7569125e+01  -2.3955302e+01
   7.7568871e+01  -2.3953485e+01
   7.7568615e+01  -2.3951671e+01
   7.7568357e+01  -2.3949861e+01
   7.7568100e+01  -2.3948050e+01
   7.7567843e+01  -2.3946239e+01
   7.7567586e+01  -2.3944427e+01
   7.7567330e+01  -2.3942614e+01
   7.7567074e+01  -2.3940801e+01
   7.7566818e+01  -2.3938987e+01
   7.7566563e+01  -2.3937173e+01
   7.7566308e+01  -2.3935358e+01
   7.7566053e+01  -2.3933543e+01
   7.7565799e+01  -2.3931728e+01
   7.7565543e+01  -2.3929915e+01
   7.7565286e+01  -2.3928104e+01
   7.7565027e+01  -2.3926297e+01
   7.7564767e+01  -2.3924491e+01
   7.7564506e+01  -2.3922689e+01
   7.7564243e+01  -2.3920888e+01
   7.7563979e+01  -2.3919090e+01
   7.7563714e+01  -2.3917294e+01
   7.7563447e+01  -2.3915500e+01
   7.7563180e+01  -2.3913708e+01
   7.7562911e+01  -2.3911920e+01
   7.7562640e+01  -2.3910135e+01
   7.7562367e+01  -2.3908353e+01
   7.7562092e+01  -2.3906575e+01
   7.7561815e+01  -2.3904800e+01
   7.7561537e+01  -2.3903028e+01
   7.7561257e+01  -2.3901260e+01
   7.7560974e+01  -2.3899495e+01
   7.7560690e+01  -2.3897733e+01
   7.7560405e+01  -2.3895975e+01
   7.7560117e+01  -2.3894220e+01
   7.7559828e+01  -2.3892468e+01
   7.7559536e+01  -2.3890721e+01
   7.7559242e+01  -2.3888977e+01
   7.7558946e+01  -2.3887238e+01
   7.7558647e+01  -2.3885503e+01
   7.7558345e+01  -2.3883774e+01
   7.7558042e+01  -2.3882048e+01
   7.7557735e+01  -2.3880327e+01
   7.7557426e+01  -2.3878611e+01
   7.7557117e+01  -2.3876895e+01
   7.7556808e+01  -2.3875179e+01
   7.7556499e+01  -2.3873463e+01
   7.7556190e+01  -2.3871748e+01
   7.7555881e+01  -2.3870032e+01
   7.7555572e+01  -2.3868316e+01
   7.7555263e+01  -2.3866600e+01
   7.7554954e+01  -2.3864884e+01
   7.7554645e+01  -2.3863169e+01
   7.7554337e+01  -2.3861453e+01
   7.7554028e+01  -2.3859738e+01
   7.7553718e+01  -2.3858023e+01
   7.7553408e+01  -2.3856309e+01
   7.7553098e+01  -2.3854596e+01
   7.7552787e+01  -2.3852884e+01
   7.7552476e+01  -2.3851174e+01
   7.7552164e+01  -2.3849464e+01
   7.7551851e+01  -2.3847757e+01
   7.7551537e+01  -2.3846050e+01
   7.7551222e+01  -2.3844346e+01
   7.7550907e+01  -2.3842643e+01
   7.7550592e+01  -2.3840939e+01
   7.7550276e+01  -2.3839237e+01
   7.7549960e+01  -2.3837534e+01
   7.7549645e+01  -2.3835832e+01
   7.7549329e+01  -2.3834129e+01
   7.7549014e+01  -2.3832426e+01
   7.7548699e+01  -2.3830723e+01
   7.7548384e+01  -2.3829020e+01
   7.7548069e+01  -2.3827316e+01
   7.7547754e+01  -2.3825613e+01
   7.7547439e+01  -2.3823910e+01
   7.7547124e+01  -2.3822207e+01
   7.7546808e+01  -2.3820505e+01
   7.7546493e+01  -2.3818802e+01
   7.7546177e+01  -2.3817101e+01
   7.7545861e+01  -2.3815399e+01
   7.7545546e+01  -2.3813698e+01
   7.7545230e+01  -2.3811997e+01
   7.7544914e+01  -2.3810296e+01
   7.7544597e+01  -2.3808596e+01
   7.7544280e+01  -2.3806898e+01
   7.7543962e+01  -2.3805201e+01
   7.7543643e+01  -2.3803504e+01
   7.7543325e+01  -2.3801809e+01
   7.7543005e+01  -2.3800114e+01
   7.7542686e+01  -2.3798421e+01
   7.7542365e+01  -2.3796728e+01
   7.7542045e+01  -2.3795035e+01
   7.7541724e+01  -2.3793344e+01
   7.7541404e+01  -2.3791651e+01
   7.7541084e+01  -2.3789959e+01
   7.7540764e+01  -2.3788266e+01
   7.7540445e+01  -2.3786572e+01
   7.7540125e+01  -2.3784878e+01
   7.7539806e+01  -2.3783184e+01
   7.7539488e+01  -2.3781489e+01
   7.7539169e+01  -2.3779794e+01
   7.7538851e+01  -2.3778098e+01
   7.7538533e+01  -2.3776402e+01
   7.7538214e+01  -2.3774708e+01
   7.7537895e+01  -2.3773015e+01
   7.7537574e+01  -2.3771325e+01
   7.7537251e+01  -2.3769636e+01
   7.7536928e+01  -2.3767950e+01
   7.7536604e+01  -2.3766267e+01
   7.7536278e+01  -2.3764585e+01
   7.7535951e+01  -2.3762906e+01
   7.7535623e+01  -2.3761229e+01
   7.7535293e+01  -2.3759555e+01
   7.7534961e+01  -2.3757885e+01
   7.7534625e+01  -2.3756222e+01
   7.7534287e+01  -2.3754564e+01
   7.7533945e+01  -2.3752912e+01
   7.7533600e+01  -2.3751266e+01
   7.7533251e+01  -2.3749626e+01
   7.7532899e+01  -2.3747993e+01
   7.7532544e+01  -2.3746366e+01
   7.7532184e+01  -2.3744746e+01
   7.7531822e+01  -2.3743131e+01
   7.7531459e+01  -2.3741518e+01
   7.7531095e+01  -2.3739906e+01
   7.7530731e+01  -2.3738295e+01
   7.7530366e+01  -2.3736685e+01
   7.7530001e+01  -2.3735077e+01
   7.7529634e+01  -2.3733470e+01
   7.7529267e+01  -2.3731864e+01
   7.7528899e+01  -2.3730261e+01
   7.7528530e+01  -2.3728659e+01
   7.7528160e+01  -2.3727059e+01
   7.7527788e+01  -2.3725462e+01
   7.7527415e+01  -2.3723867e+01
   7.7527041e+01  -2.3722275e+01
   7.7526665e+01  -2.3720686e+01
   7.7526288e+01  -2.3719100e+01
   7.7525909e+01  -2.3717516e+01
   7.7525529e+01  -2.3715934e+01
   7.7525148e+01  -2.3714355e+01
   7.7524765e+01  -2.3712779e+01
   7.7524381e+01  -2.3711205e+01
   7.7523996e+01  -2.3709633e+01
   7.7523611e+01  -2.3708061e+01
   7.7523225e+01  -2.3706491e+01
   7.7522838e+01  -2.3704922e+01
   7.7522451e+01  -2.3703354e+01
   7.7522063e+01  -2.3701788e+01
   7.7521674e+01  -2.3700223e+01
   7.7521284e+01  -2.3698660e+01
   7.7520894e+01  -2.3697099e+01
   7.7520503e+01  -2.3695539e+01
   7.7520110e+01  -2.3693981e+01
   7.7519716e+01  -2.3692426e+01
   7.7519320e+01  -2.3690874e+01
   7.7518923e+01  -2.3689326e+01
   7.7518524e+01  -2.3687780e+01
   7.7518123e+01  -2.3686238e+01
   7.7517720e+01  -2.3684700e+01
   7.7517315e+01  -2.3683165e+01
   7.7516907e+01  -2.3681635e+01
   7.7516498e+01  -2.3680108e+01
   7.7516088e+01  -2.3678583e+01
   7.7515678e+01  -2.3677058e+01
   7.7515267e+01  -2.3675534e+01
   7.7514856e+01  -2.3674010e+01
   7.7514445e+01  -2.3672487e+01
   7.7514033e+01  -2.3670966e+01
   7.7513621e+01  -2.3669444e+01
   7.7513209e+01  -2.3667924e+01
   7.7512796e+01  -2.3666404e+01
   7.7512383e+01  -2.3664885e+01
   7.7511970e+01  -2.3663367e+01
   7.7511556e+01  -2.3661850e+01
   7.7511141e+01  -2.3660334e+01
   7.7510725e+01  -2.3658820e+01
   7.7510308e+01  -2.3657308e+01
   7.7509891e+01  -2.3655798e+01
   7.7509472e+01  -2.3654290e+01
   7.7509052e+01  -2.3652785e+01
   7.7508631e+01  -2.3651281e+01
   7.7508209e+01  -2.3649779e+01
   7.7507786e+01  -2.3648279e+01
   7.7507362e+01  -2.3646779e+01
   7.7506938e+01  -2.3645281e+01
   7.7506513e+01  -2.3643785e+01
   7.7506088e+01  -2.3642290e+01
   7.7505661e+01  -2.3640797e+01
   7.7505234e+01  -2.3639305e+01
   7.7504805e+01  -2.3637815e+01
   7.7504376e+01  -2.3636327e+01
   7.7503945e+01  -2.3634842e+01
   7.7503514e+01  -2.3633358e+01
   7.7503082e+01  -2.3631875e+01
   7.7502648e+01  -2.3630395e+01
   7.7502214e+01  -2.3628916e+01
   7.7501778e+01  -2.3627440e+01
   7.7501342e+01  -2.3625965e+01
   7.7500905e+01  -2.3624493e+01
   7.7500466e+01  -2.3623022e+01
   7.7500027e+01  -2.3621553e+01
   7.7499587e+01  -2.3620085e+01
   7.7499146e+01  -2.3618619e+01
   7.7498704e+01  -2.3617155e+01
   7.7498262e+01  -2.3615692e+01
   7.7497818e+01  -2.3614231e+01
   7.7497374e+01  -2.3612771e+01
   7.7496930e+01  -2.3611312e+01
   7.7496484e+01  -2.3609855e+01
   7.7496038e+01  -2.3608399e+01
   7.7495591e+01  -2.3606945e+01
   7.7495142e+01  -2.3605494e+01
   7.7494692e+01  -2.3604044e+01
   7.7494242e+01  -2.3602597e+01
   7.7493790e+01  -2.3601152e+01
   7.7493337e+01  -2.3599708e+01
   7.7492884e+01  -2.3598267e+01
   7.7492429e+01  -2.3596827e+01
   7.7491973e+01  -2.3595390e+01
   7.7491516e+01  -2.3593954e+01
   7.7491059e+01  -2.3592520e+01
   7.7490600e+01  -2.3591087e+01
   7.7490140e+01  -2.3589657e+01
   7.7489679e+01  -2.3588230e+01
   7.7489217e+01  -2.3586805e+01
   7.7488753e+01  -2.3585383e+01
   7.7488287e+01  -2.3583964e+01
   7.7487820e+01  -2.3582547e+01
   7.7487352e+01  -2.3581134e+01
   7.7486882e+01  -2.3579723e+01
   7.7486410e+01  -2.3578314e+01
   7.7485937e+01  -2.3576909e+01
   7.7485463e+01  -2.3575507e+01
   7.7484986e+01  -2.3574108e+01
   7.7484507e+01  -2.3572713e+01
   7.7484027e+01  -2.3571322e+01
   7.7483545e+01  -2.3569934e+01
   7.7483061e+01  -2.3568549e+01
   7.7482575e+01  -2.3567168e+01
   7.7482086e+01  -2.3565791e+01
   7.7481596e+01  -2.3564418e+01
   7.7481104e+01  -2.3563048e+01
   7.7480611e+01  -2.3561681e+01
   7.7480115e+01  -2.3560317e+01
   7.7479619e+01  -2.3558956e+01
   7.7479121e+01  -2.3557598e+01
   7.7478621e+01  -2.3556242e+01
   7.7478120e+01  -2.3554889e+01
   7.7477618e+01  -2.3553538e+01
   7.7477115e+01  -2.3552189e+01
   7.7476610e+01  -2.3550843e+01
   7.7476105e+01  -2.3549498e+01
   7.7475598e+01  -2.3548156e+01
   7.7475090e+01  -2.3546816e+01
   7.7474582e+01  -2.3545477e+01
   7.7474073e+01  -2.3544140e+01
   7.7473563e+01  -2.3542804e+01
   7.7473052e+01  -2.3541470e+01
   7.7472540e+01  -2.3540137e+01
   7.7472028e+01  -2.3538805e+01
   7.7471515e+01  -2.3537475e+01
   7.7471001e+01  -2.3536146e+01
   7.7470487e+01  -2.3534819e+01
   7.7469972e+01  -2.3533493e+01
   7.7469455e+01  -2.3532170e+01
   7.7468938e+01  -2.3530849e+01
   7.7468419e+01  -2.3529530e+01
   7.7467899e+01  -2.3528213e+01
   7.7467378e+01  -2.3526898e+01
   7.7466857e+01  -2.3525584e+01
   7.7466334e+01  -2.3524272e+01
   7.7465811e+01  -2.3522961e+01
   7.7465288e+01  -2.3521652e+01
   7.7464763e+01  -2.3520343e+01
   7.7464238e+01  -2.3519037e+01
   7.7463712e+01  -2.3517731e+01
   7.7463186e+01  -2.3516428e+01
   7.7462659e+01  -2.3515125e+01
   7.7462131e+01  -2.3513824e+01
   7.7461602e+01  -2.3512524e+01
   7.7461073e+01  -2.3511225e+01
   7.7460543e+01  -2.3509927e+01
   7.7460014e+01  -2.3508630e+01
   7.7459484e+01  -2.3507333e+01
   7.7458953e+01  -2.3506037e+01
   7.7458423e+01  -2.3504741e+01
   7.7457892e+01  -2.3503445e+01
   7.7457361e+01  -2.3502150e+01
   7.7456830e+01  -2.3500857e+01
   7.7456298e+01  -2.3499564e+01
   7.7455765e+01  -2.3498272e+01
   7.7455233e+01  -2.3496981e+01
   7.7454699e+01  -2.3495691e+01
   7.7454166e+01  -2.3494402e+01
   7.7453632e+01  -2.3493113e+01
   7.7453098e+01  -2.3491824e+01
   7.7452564e+01  -2.3490535e+01
   7.7452030e+01  -2.3489247e+01
   7.7451497e+01  -2.3487958e+01
   7.7450963e+01  -2.3486670e+01
   7.7450429e+01  -2.3485382e+01
   7.7449894e+01  -2.3484095e+01
   7.7449360e+01  -2.3482808e+01
   7.7448825e+01  -2.3481523e+01
   7.7448289e+01  -2.3480238e+01
   7.7447752e+01  -2.3478955e+01
   7.7447215e+01  -2.3477674e+01
   7.7446677e+01  -2.3476394e+01
   7.7446138e+01  -2.3475115e+01
   7.7445599e+01  -2.3473838e+01
   7.7445058e+01  -2.3472563e+01
   7.7444517e+01  -2.3471289e+01
   7.7443976e+01  -2.3470016e+01
   7.7443435e+01  -2.3468742e+01
   7.7442894e+01  -2.3467468e+01
   7.7442353e+01  -2.3466194e+01
   7.7441812e+01  -2.3464919e+01
   7.7441272e+01  -2.3463645e+01
   7.7440731e+01  -2.3462370e+01
   7.7440191e+01  -2.3461096e+01
   7.7439651e+01  -2.3459821e+01
   7.7439111e+01  -2.3458546e+01
   7.7438571e+01  -2.3457271e+01
   7.7438031e+01  -2.3455996e+01
   7.7437492e+01  -2.3454720e+01
   7.7436952e+01  -2.3453445e+01
   7.7436413e+01  -2.3452169e+01
   7.7435874e+01  -2.3450893e+01
   7.7435335e+01  -2.3449616e+01
   7.7434797e+01  -2.3448339e+01
   7.7434259e+01  -2.3447062e+01
   7.7433721e+01  -2.3445783e+01
   7.7433184e+01  -2.3444504e+01
   7.7432647e+01  -2.3443224e+01
   7.7432112e+01  -2.3441942e+01
   7.7431577e+01  -2.3440660e+01
   7.7431042e+01  -2.3439376e+01
   7.7430508e+01  -2.3438092e+01
   7.7429975e+01  -2.3436806e+01
   7.7429442e+01  -2.3435520e+01
   7.7428910e+01  -2.3434233e+01
   7.7428378e+01  -2.3432946e+01
   7.7427846e+01  -2.3431658e+01
   7.7427314e+01  -2.3430370e+01
   7.7426784e+01  -2.3429081e+01
   7.7426253e+01  -2.3427790e+01
   7.7425724e+01  -2.3426499e+01
   7.7425195e+01  -2.3425206e+01
   7.7424667e+01  -2.3423913e+01
   7.7424139e+01  -2.3422618e+01
   7.7423611e+01  -2.3421323e+01
   7.7423085e+01  -2.3420027e+01
   7.7422559e+01  -2.3418729e+01
   7.7422035e+01  -2.3417428e+01
   7.7421513e+01  -2.3416125e+01
   7.7420992e+01  -2.3414818e+01
   7.7420473e+01  -2.3413509e+01
   7.7419955e+01  -2.3412198e+01
   7.7419438e+01  -2.3410884e+01
   7.7418922e+01  -2.3409569e+01
   7.7418408e+01  -2.3408252e+01
   7.7417894e+01  -2.3406933e+01
   7.7417381e+01  -2.3405612e+01
   7.7416871e+01  -2.3404288e+01
   7.7416362e+01  -2.3402961e+01
   7.7415855e+01  -2.3401630e+01
   7.7415349e+01  -2.3400297e+01
   7.7414846e+01  -2.3398960e+01
   7.7414344e+01  -2.3397620e+01
   7.7413845e+01  -2.3396276e+01
   7.7413347e+01  -2.3394929e+01
   7.7412851e+01  -2.3393579e+01
   7.7412357e+01  -2.3392225e+01
   7.7411867e+01  -2.3390866e+01
   7.7411378e+01  -2.3389503e+01
   7.7410892e+01  -2.3388135e+01
   7.7410409e+01  -2.3386763e+01
   7.7409928e+01  -2.3385386e+01
   7.7409449e+01  -2.3384006e+01
   7.7408972e+01  -2.3382622e+01
   7.7408497e+01  -2.3381233e+01
   7.7408025e+01  -2.3379841e+01
   7.7407555e+01  -2.3378446e+01
   7.7407086e+01  -2.3377048e+01
   7.7406619e+01  -2.3375646e+01
   7.7406154e+01  -2.3374241e+01
   7.7405691e+01  -2.3372833e+01
   7.7405229e+01  -2.3371422e+01
   7.7404769e+01  -2.3370008e+01
   7.7404311e+01  -2.3368591e+01
   7.7403855e+01  -2.3367171e+01
   7.7403399e+01  -2.3365749e+01
   7.7402945e+01  -2.3364324e+01
   7.7402492e+01  -2.3362899e+01
   7.7402040e+01  -2.3361471e+01
   7.7401589e+01  -2.3360042e+01
   7.7401138e+01  -2.3358612e+01
   7.7400689e+01  -2.3357180e+01
   7.7400239e+01  -2.3355747e+01
   7.7399791e+01  -2.3354314e+01
   7.7399343e+01  -2.3352879e+01
   7.7398895e+01  -2.3351444e+01
   7.7398448e+01  -2.3350009e+01
   7.7398000e+01  -2.3348574e+01
   7.7397552e+01  -2.3347139e+01
   7.7397105e+01  -2.3345705e+01
   7.7396657e+01  -2.3344270e+01
   7.7396210e+01  -2.3342835e+01
   7.7395763e+01  -2.3341399e+01
   7.7395316e+01  -2.3339963e+01
   7.7394869e+01  -2.3338527e+01
   7.7394423e+01  -2.3337090e+01
   7.7393978e+01  -2.3335652e+01
   7.7393533e+01  -2.3334212e+01
   7.7393090e+01  -2.3332770e+01
   7.7392648e+01  -2.3331327e+01
   7.7392206e+01  -2.3329882e+01
   7.7391765e+01  -2.3328437e+01
   7.7391325e+01  -2.3326990e+01
   7.7390885e+01  -2.3325542e+01
   7.7390446e+01  -2.3324093e+01
   7.7390007e+01  -2.3322643e+01
   7.7389569e+01  -2.3321192e+01
   7.7389132e+01  -2.3319740e+01
   7.7388696e+01  -2.3318286e+01
   7.7388260e+01  -2.3316832e+01
   7.7387825e+01  -2.3315376e+01
   7.7387390e+01  -2.3313920e+01
   7.7386957e+01  -2.3312461e+01
   7.7386524e+01  -2.3311002e+01
   7.7386092e+01  -2.3309541e+01
   7.7385661e+01  -2.3308078e+01
   7.7385231e+01  -2.3306613e+01
   7.7384802e+01  -2.3305146e+01
   7.7384375e+01  -2.3303676e+01
   7.7383950e+01  -2.3302204e+01
   7.7383526e+01  -2.3300729e+01
   7.7383103e+01  -2.3299251e+01
   7.7382682e+01  -2.3297772e+01
   7.7382262e+01  -2.3296289e+01
   7.7381844e+01  -2.3294804e+01
   7.7381427e+01  -2.3293317e+01
   7.7381010e+01  -2.3291828e+01
   7.7380595e+01  -2.3290339e+01
   7.7380179e+01  -2.3288849e+01
   7.7379764e+01  -2.3287358e+01
   7.7379349e+01  -2.3285868e+01
   7.7378934e+01  -2.3284377e+01
   7.7378519e+01  -2.3282886e+01
   7.7378105e+01  -2.3281395e+01
   7.7377691e+01  -2.3279904e+01
   7.7377276e+01  -2.3278412e+01
   7.7376862e+01  -2.3276921e+01
   7.7376447e+01  -2.3275431e+01
   7.7376032e+01  -2.3273941e+01
   7.7375616e+01  -2.3272453e+01
   7.7375200e+01  -2.3270965e+01
   7.7374783e+01  -2.3269479e+01
   7.7374365e+01  -2.3267994e+01
   7.7373947e+01  -2.3266511e+01
   7.7373528e+01  -2.3265028e+01
   7.7373109e+01  -2.3263547e+01
   7.7372688e+01  -2.3262067e+01
   7.7372267e+01  -2.3260589e+01
   7.7371846e+01  -2.3259112e+01
   7.7371423e+01  -2.3257636e+01
   7.7371001e+01  -2.3256162e+01
   7.7370577e+01  -2.3254688e+01
   7.7370153e+01  -2.3253216e+01
   7.7369729e+01  -2.3251744e+01
   7.7369304e+01  -2.3250273e+01
   7.7368879e+01  -2.3248803e+01
   7.7368454e+01  -2.3247332e+01
   7.7368030e+01  -2.3245861e+01
   7.7367606e+01  -2.3244390e+01
   7.7367182e+01  -2.3242918e+01
   7.7366758e+01  -2.3241446e+01
   7.7366334e+01  -2.3239974e+01
   7.7365911e+01  -2.3238501e+01
   7.7365488e+01  -2.3237028e+01
   7.7365065e+01  -2.3235554e+01
   7.7364643e+01  -2.3234080e+01
   7.7364221e+01  -2.3232605e+01
   7.7363800e+01  -2.3231128e+01
   7.7363380e+01  -2.3229650e+01
   7.7362960e+01  -2.3228171e+01
   7.7362542e+01  -2.3226691e+01
   7.7362123e+01  -2.3225210e+01
   7.7361706e+01  -2.3223727e+01
   7.7361289e+01  -2.3222244e+01
   7.7360872e+01  -2.3220759e+01
   7.7360457e+01  -2.3219274e+01
   7.7360041e+01  -2.3217788e+01
   7.7359627e+01  -2.3216300e+01
   7.7359213e+01  -2.3214811e+01
   7.7358800e+01  -2.3213321e+01
   7.7358389e+01  -2.3211828e+01
   7.7357978e+01  -2.3210334e+01
   7.7357569e+01  -2.3208837e+01
   7.7357161e+01  -2.3207338e+01
   7.7356754e+01  -2.3205837e+01
   7.7356349e+01  -2.3204334e+01
   7.7355944e+01  -2.3202828e+01
   7.7355542e+01  -2.3201320e+01
   7.7355140e+01  -2.3199809e+01
   7.7354740e+01  -2.3198296e+01
   7.7354341e+01  -2.3196781e+01
   7.7353944e+01  -2.3195264e+01
   7.7353548e+01  -2.3193744e+01
   7.7353153e+01  -2.3192221e+01
   7.7352760e+01  -2.3190697e+01
   7.7352367e+01  -2.3189170e+01
   7.7351977e+01  -2.3187641e+01
   7.7351587e+01  -2.3186109e+01
   7.7351199e+01  -2.3184575e+01
   7.7350813e+01  -2.3183038e+01
   7.7350427e+01  -2.3181499e+01
   7.7350043e+01  -2.3179959e+01
   7.7349660e+01  -2.3178416e+01
   7.7349278e+01  -2.3176871e+01
   7.7348897e+01  -2.3175323e+01
   7.7348518e+01  -2.3173774e+01
   7.7348140e+01  -2.3172222e+01
   7.7347763e+01  -2.3170668e+01
   7.7347388e+01  -2.3169111e+01
   7.7347014e+01  -2.3167552e+01
   7.7346642e+01  -2.3165989e+01
   7.7346271e+01  -2.3164424e+01
   7.7345902e+01  -2.3162857e+01
   7.7345535e+01  -2.3161286e+01
   7.7345169e+01  -2.3159713e+01
   7.7344805e+01  -2.3158136e+01
   7.7344442e+01  -2.3156556e+01
   7.7344082e+01  -2.3154973e+01
   7.7343723e+01  -2.3153386e+01
   7.7343367e+01  -2.3151795e+01
   7.7343013e+01  -2.3150201e+01
   7.7342661e+01  -2.3148603e+01
   7.7342311e+01  -2.3147002e+01
   7.7341962e+01  -2.3145397e+01
   7.7341616e+01  -2.3143789e+01
   7.7341271e+01  -2.3142177e+01
   7.7340928e+01  -2.3140563e+01
   7.7340586e+01  -2.3138947e+01
   7.7340246e+01  -2.3137327e+01
   7.7339907e+01  -2.3135706e+01
   7.7339569e+01  -2.3134081e+01
   7.7339233e+01  -2.3132454e+01
   7.7338899e+01  -2.3130825e+01
   7.7338565e+01  -2.3129193e+01
   7.7338233e+01  -2.3127559e+01
   7.7337903e+01  -2.3125923e+01
   7.7337574e+01  -2.3124283e+01
   7.7337247e+01  -2.3122640e+01
   7.7336921e+01  -2.3120994e+01
   7.7336598e+01  -2.3119346e+01
   7.7336276e+01  -2.3117694e+01
   7.7335955e+01  -2.3116039e+01
   7.7335636e+01  -2.3114381e+01
   7.7335319e+01  -2.3112720e+01
   7.7335004e+01  -2.3111057e+01
   7.7334690e+01  -2.3109390e+01
   7.7334379e+01  -2.3107719e+01
   7.7334071e+01  -2.3106042e+01
   7.7333765e+01  -2.3104360e+01
   7.7333463e+01  -2.3102672e+01
   7.7333164e+01  -2.3100979e+01
   7.7332868e+01  -2.3099281e+01
   7.7332575e+01  -2.3097576e+01
   7.7332285e+01  -2.3095867e+01
   7.7331998e+01  -2.3094152e+01
   7.7331714e+01  -2.3092431e+01
   7.7331433e+01  -2.3090705e+01
   7.7331155e+01  -2.3088972e+01
   7.7330881e+01  -2.3087233e+01
   7.7330611e+01  -2.3085489e+01
   7.7330343e+01  -2.3083738e+01
   7.7330079e+01  -2.3081982e+01
   7.7329817e+01  -2.3080220e+01
   7.7329560e+01  -2.3078452e+01
   7.7329305e+01  -2.3076678e+01
   7.7329053e+01  -2.3074899e+01
   7.7328803e+01  -2.3073116e+01
   7.7328554e+01  -2.3071332e+01
   7.7328306e+01  -2.3069545e+01
   7.7328060e+01  -2.3067757e+01
   7.7327815e+01  -2.3065966e+01
   7.7327571e+01  -2.3064173e+01
   7.7327328e+01  -2.3062378e+01
   7.7327086e+01  -2.3060580e+01
   7.7326846e+01  -2.3058780e+01
   7.7326607e+01  -2.3056978e+01
   7.7326368e+01  -2.3055176e+01
   7.7326129e+01  -2.3053374e+01
   7.7325890e+01  -2.3051572e+01
   7.7325651e+01  -2.3049770e+01
   7.7325412e+01  -2.3047968e+01
   7.7325173e+01  -2.3046166e+01
   7.7324933e+01  -2.3044365e+01
   7.7324694e+01  -2.3042564e+01
   7.7324454e+01  -2.3040763e+01
   7.7324215e+01  -2.3038963e+01
   7.7323975e+01  -2.3037163e+01
   7.7323736e+01  -2.3035362e+01
   7.7323496e+01  -2.3033561e+01
   7.7323257e+01  -2.3031759e+01
   7.7323019e+01  -2.3029957e+01
   7.7322780e+01  -2.3028154e+01
   7.7322542e+01  -2.3026351e+01
   7.7322304e+01  -2.3024548e+01
   7.7322067e+01  -2.3022744e+01
   7.7321829e+01  -2.3020940e+01
   7.7321593e+01  -2.3019135e+01
   7.7321357e+01  -2.3017328e+01
   7.7321121e+01  -2.3015520e+01
   7.7320887e+01  -2.3013711e+01
   7.7320653e+01  -2.3011901e+01
   7.7320419e+01  -2.3010089e+01
   7.7320187e+01  -2.3008276e+01
   7.7319955e+01  -2.3006462e+01
   7.7319724e+01  -2.3004647e+01
   7.7319494e+01  -2.3002830e+01
   7.7319264e+01  -2.3001012e+01
   7.7319034e+01  -2.2999194e+01
   7.7318806e+01  -2.2997374e+01
   7.7318578e+01  -2.2995554e+01
   7.7318350e+01  -2.2993732e+01
   7.7318123e+01  -2.2991910e+01
   7.7317896e+01  -2.2990086e+01
   7.7317670e+01  -2.2988262e+01
   7.7317445e+01  -2.2986436e+01
   7.7317220e+01  -2.2984610e+01
   7.7316996e+01  -2.2982782e+01
   7.7316772e+01  -2.2980955e+01
   7.7316548e+01  -2.2979127e+01
   7.7316324e+01  -2.2977298e+01
   7.7316101e+01  -2.2975470e+01
   7.7315878e+01  -2.2973640e+01
   7.7315655e+01  -2.2971811e+01
   7.7315432e+01  -2.2969980e+01
   7.7315210e+01  -2.2968150e+01
   7.7314988e+01  -2.2966318e+01
   7.7314766e+01  -2.2964487e+01
   7.7314544e+01  -2.2962656e+01
   7.7314322e+01  -2.2960825e+01
   7.7314099e+01  -2.2958995e+01
   7.7313877e+01  -2.2957164e+01
   7.7313654e+01  -2.2955335e+01
   7.7313432e+01  -2.2953505e+01
   7.7313209e+01  -2.2951676e+01
   7.7312986e+01  -2.2949847e+01
   7.7312762e+01  -2.2948019e+01
   7.7312538e+01  -2.2946192e+01
   7.7312314e+01  -2.2944366e+01
   7.7312089e+01  -2.2942541e+01
   7.7311863e+01  -2.2940717e+01
   7.7311637e+01  -2.2938894e+01
   7.7311410e+01  -2.2937072e+01
   7.7311182e+01  -2.2935252e+01
   7.7310954e+01  -2.2933433e+01
   7.7310726e+01  -2.2931614e+01
   7.7310497e+01  -2.2929797e+01
   7.7310267e+01  -2.2927980e+01
   7.7310038e+01  -2.2926163e+01
   7.7309809e+01  -2.2924345e+01
   7.7309581e+01  -2.2922527e+01
   7.7309352e+01  -2.2920710e+01
   7.7309123e+01  -2.2918892e+01
   7.7308895e+01  -2.2917073e+01
   7.7308666e+01  -2.2915255e+01
   7.7308438e+01  -2.2913437e+01
   7.7308210e+01  -2.2911618e+01
   7.7307981e+01  -2.2909801e+01
   7.7307751e+01  -2.2907986e+01
   7.7307520e+01  -2.2906173e+01
   7.7307287e+01  -2.2904362e+01
   7.7307054e+01  -2.2902554e+01
   7.7306819e+01  -2.2900748e+01
   7.7306582e+01  -2.2898945e+01
   7.7306345e+01  -2.2897144e+01
   7.7306106e+01  -2.2895345e+01
   7.7305866e+01  -2.2893549e+01
   7.7305625e+01  -2.2891755e+01
   7.7305382e+01  -2.2889964e+01
   7.7305138e+01  -2.2888176e+01
   7.7304891e+01  -2.2886392e+01
   7.7304644e+01  -2.2884610e+01
   7.7304394e+01  -2.2882831e+01
   7.7304144e+01  -2.2881055e+01
   7.7303891e+01  -2.2879282e+01
   7.7303637e+01  -2.2877512e+01
   7.7303382e+01  -2.2875745e+01
   7.7303125e+01  -2.2873980e+01
   7.7302867e+01  -2.2872218e+01
   7.7302607e+01  -2.2870459e+01
   7.7302346e+01  -2.2868702e+01
   7.7302083e+01  -2.2866949e+01
   7.7301819e+01  -2.2865198e+01
   7.7301554e+01  -2.2863449e+01
   7.7301287e+01  -2.2861703e+01
   7.7301019e+01  -2.2859960e+01
   7.7300749e+01  -2.2858220e+01
   7.7300477e+01  -2.2856483e+01
   7.7300204e+01  -2.2854750e+01
   7.7299928e+01  -2.2853021e+01
   7.7299649e+01  -2.2851297e+01
   7.7299369e+01  -2.2849577e+01
   7.7299085e+01  -2.2847862e+01
   7.7298800e+01  -2.2846152e+01
   7.7298511e+01  -2.2844447e+01
   7.7298220e+01  -2.2842747e+01
   7.7297926e+01  -2.2841052e+01
   7.7297629e+01  -2.2839362e+01
   7.7297330e+01  -2.2837676e+01
   7.7297029e+01  -2.2835996e+01
   7.7296725e+01  -2.2834319e+01
   7.7296419e+01  -2.2832648e+01
   7.7296110e+01  -2.2830981e+01
   7.7295798e+01  -2.2829319e+01
   7.7295484e+01  -2.2827662e+01
   7.7295168e+01  -2.2826008e+01
   7.7294850e+01  -2.2824358e+01
   7.7294531e+01  -2.2822711e+01
   7.7294210e+01  -2.2821066e+01
   7.7293888e+01  -2.2819425e+01
   7.7293564e+01  -2.2817787e+01
   7.7293238e+01  -2.2816152e+01
   7.7292910e+01  -2.2814521e+01
   7.7292580e+01  -2.2812894e+01
   7.7292248e+01  -2.2811271e+01
   7.7291913e+01  -2.2809652e+01
   7.7291576e+01  -2.2808038e+01
   7.7291237e+01  -2.2806428e+01
   7.7290896e+01  -2.2804822e+01
   7.7290553e+01  -2.2803219e+01
   7.7290208e+01  -2.2801620e+01
   7.7289861e+01  -2.2800025e+01
   7.7289512e+01  -2.2798434e+01
   7.7289162e+01  -2.2796845e+01
   7.7288809e+01  -2.2795261e+01
   7.7288455e+01  -2.2793680e+01
   7.7288099e+01  -2.2792102e+01
   7.7287741e+01  -2.2790528e+01
   7.7287381e+01  -2.2788957e+01
   7.7287019e+01  -2.2787390e+01
   7.7286655e+01  -2.2785827e+01
   7.7286289e+01  -2.2784267e+01
   7.7285922e+01  -2.2782711e+01
   7.7285553e+01  -2.2781158e+01
   7.7285182e+01  -2.2779608e+01
   7.7284810e+01  -2.2778061e+01
   7.7284436e+01  -2.2776517e+01
   7.7284060e+01  -2.2774976e+01
   7.7283683e+01  -2.2773438e+01
   7.7283304e+01  -2.2771904e+01
   7.7282923e+01  -2.2770373e+01
   7.7282541e+01  -2.2768845e+01
   7.7282156e+01  -2.2767321e+01
   7.7281769e+01  -2.2765802e+01
   7.7281381e+01  -2.2764286e+01
   7.7280989e+01  -2.2762775e+01
   7.7280596e+01  -2.2761268e+01
   7.7280200e+01  -2.2759766e+01
   7.7279802e+01  -2.2758266e+01
   7.7279403e+01  -2.2756770e+01
   7.7279002e+01  -2.2755277e+01
   7.7278600e+01  -2.2753786e+01
   7.7278197e+01  -2.2752298e+01
   7.7277794e+01  -2.2750810e+01
   7.7277389e+01  -2.2749325e+01
   7.7276983e+01  -2.2747842e+01
   7.7276576e+01  -2.2746360e+01
   7.7276169e+01  -2.2744880e+01
   7.7275761e+01  -2.2743401e+01
   7.7275351e+01  -2.2741925e+01
   7.7274941e+01  -2.2740450e+01
   7.7274530e+01  -2.2738977e+01
   7.7274117e+01  -2.2737507e+01
   7.7273704e+01  -2.2736039e+01
   7.7273288e+01  -2.2734574e+01
   7.7272872e+01  -2.2733111e+01
   7.7272454e+01  -2.2731652e+01
   7.7272034e+01  -2.2730194e+01
   7.7271614e+01  -2.2728740e+01
   7.7271192e+01  -2.2727287e+01
   7.7270770e+01  -2.2725836e+01
   7.7270346e+01  -2.2724387e+01
   7.7269921e+01  -2.2722941e+01
   7.7269494e+01  -2.2721497e+01
   7.7269067e+01  -2.2720057e+01
   7.7268637e+01  -2.2718618e+01
   7.7268207e+01  -2.2717183e+01
   7.7267774e+01  -2.2715751e+01
   7.7267341e+01  -2.2714321e+01
   7.7266905e+01  -2.2712894e+01
   7.7266469e+01  -2.2711471e+01
   7.7266030e+01  -2.2710050e+01
   7.7265591e+01  -2.2708632e+01
   7.7265149e+01  -2.2707216e+01
   7.7264707e+01  -2.2705804e+01
   7.7264263e+01  -2.2704394e+01
   7.7263817e+01  -2.2702988e+01
   7.7263370e+01  -2.2701583e+01
   7.7262923e+01  -2.2700180e+01
   7.7262474e+01  -2.2698778e+01
   7.7262025e+01  -2.2697379e+01
   7.7261575e+01  -2.2695981e+01
   7.7261123e+01  -2.2694585e+01
   7.7260671e+01  -2.2693192e+01
   7.7260218e+01  -2.2691800e+01
   7.7259763e+01  -2.2690410e+01
   7.7259308e+01  -2.2689023e+01
   7.7258851e+01  -2.2687639e+01
   7.7258392e+01  -2.2686257e+01
   7.7257932e+01  -2.2684878e+01
   7.7257470e+01  -2.2683502e+01
   7.7257007e+01  -2.2682129e+01
   7.7256543e+01  -2.2680759e+01
   7.7256077e+01  -2.2679392e+01
   7.7255609e+01  -2.2678028e+01
   7.7255140e+01  -2.2676666e+01
   7.7254669e+01  -2.2675309e+01
   7.7254196e+01  -2.2673953e+01
   7.7253723e+01  -2.2672601e+01
   7.7253248e+01  -2.2671250e+01
   7.7252772e+01  -2.2669903e+01
   7.7252294e+01  -2.2668557e+01
   7.7251815e+01  -2.2667214e+01
   7.7251335e+01  -2.2665874e+01
   7.7250854e+01  -2.2664536e+01
   7.7250372e+01  -2.2663200e+01
   7.7249888e+01  -2.2661867e+01
   7.7249403e+01  -2.2660536e+01
   7.7248917e+01  -2.2659207e+01
   7.7248431e+01  -2.2657879e+01
   7.7247943e+01  -2.2656553e+01
   7.7247455e+01  -2.2655228e+01
   7.7246967e+01  -2.2653904e+01
   7.7246478e+01  -2.2652582e+01
   7.7245988e+01  -2.2651261e+01
   7.7245497e+01  -2.2649941e+01
   7.7245007e+01  -2.2648621e+01
   7.7244515e+01  -2.2647304e+01
   7.7244022e+01  -2.2645989e+01
   7.7243528e+01  -2.2644676e+01
   7.7243032e+01  -2.2643366e+01
   7.7242536e+01  -2.2642057e+01
   7.7242039e+01  -2.2640750e+01
   7.7241541e+01  -2.2639445e+01
   7.7241042e+01  -2.2638142e+01
   7.7240543e+01  -2.2636840e+01
   7.7240042e+01  -2.2635540e+01
   7.7239541e+01  -2.2634241e+01
   7.7239038e+01  -2.2632945e+01
   7.7238535e+01  -2.2631650e+01
   7.7238031e+01  -2.2630357e+01
   7.7237525e+01  -2.2629067e+01
   7.7237017e+01  -2.2627781e+01
   7.7236508e+01  -2.2626497e+01
   7.7235998e+01  -2.2625217e+01
   7.7235486e+01  -2.2623939e+01
   7.7234972e+01  -2.2622664e+01
   7.7234457e+01  -2.2621391e+01
   7.7233941e+01  -2.2620122e+01
   7.7233423e+01  -2.2618855e+01
   7.7232903e+01  -2.2617592e+01
   7.7232382e+01  -2.2616331e+01
   7.7231860e+01  -2.2615073e+01
   7.7231337e+01  -2.2613817e+01
   7.7230812e+01  -2.2612564e+01
   7.7230286e+01  -2.2611313e+01
   7.7229758e+01  -2.2610065e+01
   7.7229229e+01  -2.2608821e+01
   7.7228697e+01  -2.2607580e+01
   7.7228163e+01  -2.2606344e+01
   7.7227627e+01  -2.2605113e+01
   7.7227088e+01  -2.2603886e+01
   7.7226547e+01  -2.2602665e+01
   7.7226003e+01  -2.2601449e+01
   7.7225455e+01  -2.2600238e+01
   7.7224906e+01  -2.2599031e+01
   7.7224356e+01  -2.2597827e+01
   7.7223804e+01  -2.2596624e+01
   7.7223253e+01  -2.2595422e+01
   7.7222701e+01  -2.2594220e+01
   7.7222150e+01  -2.2593019e+01
   7.7221597e+01  -2.2591818e+01
   7.7221045e+01  -2.2590618e+01
   7.7220492e+01  -2.2589418e+01
   7.7219940e+01  -2.2588219e+01
   7.7219387e+01  -2.2587020e+01
   7.7218832e+01  -2.2585824e+01
   7.7218275e+01  -2.2584634e+01
   7.7217715e+01  -2.2583449e+01
   7.7217152e+01  -2.2582268e+01
   7.7216587e+01  -2.2581093e+01
   7.7216019e+01  -2.2579922e+01
   7.7215449e+01  -2.2578755e+01
   7.7214877e+01  -2.2577593e+01
   7.7214303e+01  -2.2576435e+01
   7.7213726e+01  -2.2575281e+01
   7.7213148e+01  -2.2574131e+01
   7.7212569e+01  -2.2572982e+01
   7.7211990e+01  -2.2571833e+01
   7.7211411e+01  -2.2570684e+01
   7.7210832e+01  -2.2569535e+01
   7.7210252e+01  -2.2568387e+01
   7.7209672e+01  -2.2567240e+01
   7.7209092e+01  -2.2566093e+01
   7.7208512e+01  -2.2564948e+01
   7.7207930e+01  -2.2563804e+01
   7.7207348e+01  -2.2562661e+01
   7.7206764e+01  -2.2561523e+01
   7.7206176e+01  -2.2560392e+01
   7.7205583e+01  -2.2559269e+01
   7.7204988e+01  -2.2558158e+01
   7.7204395e+01  -2.2557067e+01
   7.7203803e+01  -2.2555997e+01
   7.7203214e+01  -2.2554947e+01
   7.7202626e+01  -2.2553918e+01
   7.7202040e+01  -2.2552909e+01
   7.7201457e+01  -2.2551921e+01
   7.7200874e+01  -2.2550946e+01
   7.7200291e+01  -2.2549972e+01
   7.7199709e+01  -2.2549000e+01
   7.7199126e+01  -2.2548028e+01
   7.7198544e+01  -2.2547056e+01
   7.7197961e+01  -2.2546084e+01
   7.7197378e+01  -2.2545109e+01
   7.7196796e+01  -2.2544132e+01
   7.7196212e+01  -2.2543152e+01
   7.7195629e+01  -2.2542168e+01
   7.7195045e+01  -2.2541181e+01
   7.7194461e+01  -2.2540202e+01
   7.7193879e+01  -2.2539231e+01
   7.7193297e+01  -2.2538269e+01
   7.7192717e+01  -2.2537317e+01
   7.7192137e+01  -2.2536375e+01
   7.7191558e+01  -2.2535443e+01
   7.7190980e+01  -2.2534521e+01
   7.7190403e+01  -2.2533610e+01
   7.7189827e+01  -2.2532710e+01
   7.7189251e+01  -2.2531820e+01
   7.7188677e+01  -2.2530940e+01
   7.7188103e+01  -2.2530066e+01
   7.7187530e+01  -2.2529198e+01
   7.7186958e+01  -2.2528336e+01
   7.7186385e+01  -2.2527478e+01
   7.7185814e+01  -2.2526625e+01
   7.7185242e+01  -2.2525775e+01
   7.7184671e+01  -2.2524928e+01
   7.7184100e+01  -2.2524084e+01
   7.7183529e+01  -2.2523244e+01
   7.7182960e+01  -2.2522416e+01
   7.7182391e+01  -2.2521599e+01
   7.7181824e+01  -2.2520794e+01
   7.7181257e+01  -2.2520001e+01
   7.7180692e+01  -2.2519221e+01
   7.7180128e+01  -2.2518452e+01
   7.7179565e+01  -2.2517694e+01
   7.7179002e+01  -2.2516947e+01
   7.7178441e+01  -2.2516208e+01
   7.7177881e+01  -2.2515479e+01
   7.7177321e+01  -2.2514760e+01
   7.7176762e+01  -2.2514049e+01
   7.7176204e+01  -2.2513349e+01
   7.7175647e+01  -2.2512658e+01
   7.7175091e+01  -2.2511977e+01
   7.7174536e+01  -2.2511307e+01
   7.7173982e+01  -2.2510651e+01
   7.7173429e+01  -2.2510008e+01
   7.7172878e+01  -2.2509377e+01
   7.7172327e+01  -2.2508758e+01
   7.7171777e+01  -2.2508146e+01
   7.7171228e+01  -2.2507544e+01
   7.7170680e+01  -2.2506950e+01
   7.7170133e+01  -2.2506365e+01
   7.7169586e+01  -2.2505788e+01
   7.7169040e+01  -2.2505221e+01
   7.7168495e+01  -2.2504663e+01
   7.7167951e+01  -2.2504114e+01
   7.7167408e+01  -2.2503573e+01
   7.7166865e+01  -2.2503035e+01
   7.7166322e+01  -2.2502502e+01
   7.7165780e+01  -2.2501972e+01
   7.7165238e+01  -2.2501446e+01
   7.7164696e+01  -2.2500926e+01
   7.7164155e+01  -2.2500412e+01
   7.7163615e+01  -2.2499905e+01
   7.7163075e+01  -2.2499404e+01
   7.7162536e+01  -2.2498911e+01
   7.7161998e+01  -2.2498426e+01
   7.7161461e+01  -2.2497951e+01
   7.7160925e+01  -2.2497488e+01
   7.7160389e+01  -2.2497036e+01
   7.7159855e+01  -2.2496596e+01
   7.7159322e+01  -2.2496167e+01
   7.7158790e+01  -2.2495747e+01
   7.7158258e+01  -2.2495335e+01
   7.7157727e+01  -2.2494931e+01
   7.7157197e+01  -2.2494534e+01
   7.7156668e+01  -2.2494143e+01
   7.7156139e+01  -2.2493758e+01
   7.7155609e+01  -2.2493372e+01
   7.7155080e+01  -2.2492987e+01
   7.7154551e+01  -2.2492602e+01
   7.7154022e+01  -2.2492219e+01
   7.7153493e+01  -2.2491836e+01
   7.7152965e+01  -2.2491454e+01
   7.7152436e+01  -2.2491074e+01
   7.7151907e+01  -2.2490695e+01
   7.7151379e+01  -2.2490317e+01
   7.7150850e+01  -2.2489939e+01
   7.7150322e+01  -2.2489560e+01
   7.7149793e+01  -2.2489177e+01
   7.7149264e+01  -2.2488792e+01
   7.7148734e+01  -2.2488404e+01
   7.7148205e+01  -2.2488013e+01
   7.7147675e+01  -2.2487618e+01
   7.7147144e+01  -2.2487219e+01
   7.7146614e+01  -2.2486817e+01
   7.7146082e+01  -2.2486409e+01
   7.7145551e+01  -2.2486002e+01
   7.7145021e+01  -2.2485604e+01
   7.7144491e+01  -2.2485217e+01
   7.7143963e+01  -2.2484843e+01
   7.7143436e+01  -2.2484482e+01
   7.7142911e+01  -2.2484134e+01
   7.7142386e+01  -2.2483803e+01
   7.7141864e+01  -2.2483487e+01
   7.7141342e+01  -2.2483185e+01
   7.7140822e+01  -2.2482898e+01
   7.7140303e+01  -2.2482621e+01
   7.7139784e+01  -2.2482347e+01
   7.7139265e+01  -2.2482078e+01
   7.7138747e+01  -2.2481813e+01
   7.7138230e+01  -2.2481552e+01
   7.7137712e+01  -2.2481296e+01
   7.7137195e+01  -2.2481045e+01
   7.7136679e+01  -2.2480799e+01
   7.7136163e+01  -2.2480559e+01
   7.7135648e+01  -2.2480323e+01
   7.7135133e+01  -2.2480092e+01
   7.7134618e+01  -2.2479859e+01
   7.7134103e+01  -2.2479626e+01
   7.7133587e+01  -2.2479392e+01
   7.7133072e+01  -2.2479155e+01
   7.7132556e+01  -2.2478913e+01
   7.7132039e+01  -2.2478667e+01
   7.7131523e+01  -2.2478415e+01
   7.7131005e+01  -2.2478159e+01
   7.7130488e+01  -2.2477899e+01
   7.7129970e+01  -2.2477636e+01
   7.7129452e+01  -2.2477375e+01
   7.7128934e+01  -2.2477116e+01
   7.7128417e+01  -2.2476858e+01
   7.7127900e+01  -2.2476604e+01
   7.7127383e+01  -2.2476353e+01
   7.7126866e+01  -2.2476105e+01
   7.7126350e+01  -2.2475861e+01
   7.7125834e+01  -2.2475623e+01
   7.7125319e+01  -2.2475389e+01
   7.7124804e+01  -2.2475160e+01
   7.7124289e+01  -2.2474931e+01
   7.7123775e+01  -2.2474703e+01
   7.7123260e+01  -2.2474477e+01
   7.7122746e+01  -2.2474252e+01
   7.7122232e+01  -2.2474030e+01
   7.7121717e+01  -2.2473809e+01
   7.7121204e+01  -2.2473591e+01
   7.7120690e+01  -2.2473376e+01
   7.7120177e+01  -2.2473163e+01
   7.7119664e+01  -2.2472952e+01
   7.7119150e+01  -2.2472740e+01
   7.7118637e+01  -2.2472525e+01
   7.7118123e+01  -2.2472305e+01
   7.7117608e+01  -2.2472079e+01
   7.7117093e+01  -2.2471845e+01
   7.7116577e+01  -2.2471601e+01
   7.7116059e+01  -2.2471345e+01
   7.7115541e+01  -2.2471075e+01
   7.7115021e+01  -2.2470788e+01
   7.7114499e+01  -2.2470490e+01
   7.7113979e+01  -2.2470201e+01
   7.7113460e+01  -2.2469929e+01
   7.7112943e+01  -2.2469672e+01
   7.7112427e+01  -2.2469432e+01
   7.7111912e+01  -2.2469208e+01
   7.7111399e+01  -2.2469000e+01
   7.7110888e+01  -2.2468810e+01
   7.7110378e+01  -2.2468636e+01
   7.7109870e+01  -2.2468480e+01
   7.7109364e+01  -2.2468338e+01
   7.7108858e+01  -2.2468208e+01
   7.7108353e+01  -2.2468089e+01
   7.7107849e+01  -2.2467981e+01
   7.7107347e+01  -2.2467884e+01
   7.7106845e+01  -2.2467798e+01
   7.7106345e+01  -2.2467724e+01
   7.7105845e+01  -2.2467661e+01
   7.7105347e+01  -2.2467610e+01
   7.7104850e+01  -2.2467571e+01
   7.7104353e+01  -2.2467541e+01
   7.7103857e+01  -2.2467514e+01
   7.7103361e+01  -2.2467485e+01
   7.7102864e+01  -2.2467454e+01
   7.7102367e+01  -2.2467418e+01
   7.7101870e+01  -2.2467377e+01
   7.7101372e+01  -2.2467330e+01
   7.7100873e+01  -2.2467274e+01
   7.7100373e+01  -2.2467207e+01
   7.7099872e+01  -2.2467129e+01
   7.7099370e+01  -2.2467037e+01
   7.7098866e+01  -2.2466928e+01
   7.7098361e+01  -2.2466804e+01
   7.7097854e+01  -2.2466665e+01
   7.7097347e+01  -2.2466513e+01
   7.7096838e+01  -2.2466348e+01
   7.7096328e+01  -2.2466172e+01
   7.7095817e+01  -2.2465985e+01
   7.7095305e+01  -2.2465790e+01
   7.7094793e+01  -2.2465589e+01
   7.7094280e+01  -2.2465383e+01
   7.7093767e+01  -2.2465172e+01
   7.7093253e+01  -2.2464955e+01
   7.7092740e+01  -2.2464745e+01
   7.7092227e+01  -2.2464540e+01
   7.7091715e+01  -2.2464341e+01
   7.7091204e+01  -2.2464148e+01
   7.7090692e+01  -2.2463959e+01
   7.7090182e+01  -2.2463776e+01
   7.7089672e+01  -2.2463598e+01
   7.7089162e+01  -2.2463427e+01
   7.7088654e+01  -2.2463270e+01
   7.7088147e+01  -2.2463124e+01
   7.7087640e+01  -2.2462989e+01
   7.7087135e+01  -2.2462864e+01
   7.7086631e+01  -2.2462746e+01
   7.7086127e+01  -2.2462636e+01
   7.7085623e+01  -2.2462530e+01
   7.7085120e+01  -2.2462427e+01
   7.7084617e+01  -2.2462327e+01
   7.7084114e+01  -2.2462223e+01
   7.7083609e+01  -2.2462103e+01
   7.7083103e+01  -2.2461970e+01
   7.7082596e+01  -2.2461831e+01
   7.7082089e+01  -2.2461685e+01
   7.7081581e+01  -2.2461533e+01
   7.7081073e+01  -2.2461374e+01
   7.7080564e+01  -2.2461207e+01
   7.7080054e+01  -2.2461031e+01
   7.7079543e+01  -2.2460847e+01
   7.7079031e+01  -2.2460651e+01
   7.7078518e+01  -2.2460438e+01
   7.7078003e+01  -2.2460205e+01
   7.7077485e+01  -2.2459950e+01
   7.7076965e+01  -2.2459669e+01
   7.7076443e+01  -2.2459361e+01
   7.7075918e+01  -2.2459022e+01
   7.7075390e+01  -2.2458650e+01
   7.7074858e+01  -2.2458241e+01
   7.7074323e+01  -2.2457793e+01
   7.7073785e+01  -2.2457321e+01
   7.7073250e+01  -2.2456870e+01
   7.7072717e+01  -2.2456450e+01
   7.7072187e+01  -2.2456060e+01
   7.7071660e+01  -2.2455703e+01
   7.7071137e+01  -2.2455379e+01
   7.7070616e+01  -2.2455088e+01
   7.7070099e+01  -2.2454832e+01
   7.7069584e+01  -2.2454610e+01
   7.7069073e+01  -2.2454421e+01
   7.7068563e+01  -2.2454247e+01
   7.7068051e+01  -2.2454052e+01
   7.7067538e+01  -2.2453838e+01
   7.7067023e+01  -2.2453608e+01
   7.7066507e+01  -2.2453367e+01
   7.7065990e+01  -2.2453119e+01
   7.7065473e+01  -2.2452869e+01
   7.7064957e+01  -2.2452624e+01
   7.7064441e+01  -2.2452386e+01
   7.7063927e+01  -2.2452166e+01
   7.7063414e+01  -2.2451965e+01
   7.7062904e+01  -2.2451788e+01
   7.7062396e+01  -2.2451636e+01
   7.7061891e+01  -2.2451512e+01
   7.7061389e+01  -2.2451416e+01
   7.7060889e+01  -2.2451352e+01
   7.7060392e+01  -2.2451321e+01
   7.7059899e+01  -2.2451328e+01
   7.7059410e+01  -2.2451375e+01
   7.7058925e+01  -2.2451465e+01
   7.7058445e+01  -2.2451616e+01
   7.7057973e+01  -2.2451851e+01
   7.7057509e+01  -2.2452170e+01
   7.7057053e+01  -2.2452570e+01
   7.7056604e+01  -2.2453050e+01
   7.7056162e+01  -2.2453611e+01
   7.7055728e+01  -2.2454254e+01
   7.7055302e+01  -2.2454981e+01
   7.7054885e+01  -2.2455796e+01
   7.7054476e+01  -2.2456706e+01
   7.7054070e+01  -2.2457650e+01
   7.7053655e+01  -2.2458493e+01
   7.7053231e+01  -2.2459245e+01
   7.7052799e+01  -2.2459912e+01
   7.7052360e+01  -2.2460501e+01
   7.7051915e+01  -2.2461017e+01
   7.7051463e+01  -2.2461463e+01
   7.7051004e+01  -2.2461842e+01
   7.7050540e+01  -2.2462153e+01
   7.7050068e+01  -2.2462395e+01
   7.7049594e+01  -2.2462604e+01
   7.7049125e+01  -2.2462862e+01
   7.7048660e+01  -2.2463170e+01
   7.7048199e+01  -2.2463525e+01
   7.7047743e+01  -2.2463924e+01
   7.7047290e+01  -2.2464364e+01
   7.7046841e+01  -2.2464840e+01
   7.7046394e+01  -2.2465348e+01
   7.7045951e+01  -2.2465886e+01
   7.7045510e+01  -2.2466450e+01
   7.7045070e+01  -2.2467028e+01
   7.7044629e+01  -2.2467599e+01
   7.7044188e+01  -2.2468160e+01
   7.7043745e+01  -2.2468711e+01
   7.7043302e+01  -2.2469249e+01
   7.7042857e+01  -2.2469775e+01
   7.7042411e+01  -2.2470287e+01
   7.7041964e+01  -2.2470783e+01
   7.7041515e+01  -2.2471263e+01
   7.7041064e+01  -2.2471724e+01
   7.7040610e+01  -2.2472142e+01
   7.7040147e+01  -2.2472473e+01
   7.7039677e+01  -2.2472724e+01
   7.7039200e+01  -2.2472902e+01
   7.7038716e+01  -2.2473012e+01
   7.7038227e+01  -2.2473057e+01
   7.7037732e+01  -2.2473038e+01
   7.7037230e+01  -2.2472958e+01
   7.7036724e+01  -2.2472815e+01
   7.7036211e+01  -2.2472609e+01
   7.7035695e+01  -2.2472365e+01
   7.7035180e+01  -2.2472137e+01
   7.7034666e+01  -2.2471922e+01
   7.7034154e+01  -2.2471719e+01
   7.7033642e+01  -2.2471523e+01
   7.7033131e+01  -2.2471333e+01
   7.7032620e+01  -2.2471146e+01
   7.7032109e+01  -2.2470959e+01
   7.7031597e+01  -2.2470769e+01
   7.7031086e+01  -2.2470575e+01
   7.7030575e+01  -2.2470395e+01
   7.7030070e+01  -2.2470265e+01
   7.7029568e+01  -2.2470179e+01
   7.7029070e+01  -2.2470135e+01
   7.7028576e+01  -2.2470131e+01
   7.7028086e+01  -2.2470164e+01
   7.7027599e+01  -2.2470233e+01
   7.7027115e+01  -2.2470337e+01
   7.7026634e+01  -2.2470473e+01
   7.7026156e+01  -2.2470643e+01
   7.7025681e+01  -2.2470841e+01
   7.7025208e+01  -2.2471061e+01
   7.7024737e+01  -2.2471302e+01
   7.7024267e+01  -2.2471559e+01
   7.7023799e+01  -2.2471833e+01
   7.7023333e+01  -2.2472121e+01
   7.7022867e+01  -2.2472421e+01
   7.7022402e+01  -2.2472730e+01
   7.7021938e+01  -2.2473048e+01
   7.7021475e+01  -2.2473370e+01
   7.7021012e+01  -2.2473701e+01
   7.7020551e+01  -2.2474054e+01
   7.7020093e+01  -2.2474433e+01
   7.7019638e+01  -2.2474843e+01
   7.7019186e+01  -2.2475287e+01
   7.7018737e+01  -2.2475767e+01
   7.7018292e+01  -2.2476286e+01
   7.7017850e+01  -2.2476845e+01
   7.7017412e+01  -2.2477445e+01
   7.7016979e+01  -2.2478085e+01
   7.7016545e+01  -2.2478731e+01
   7.7016105e+01  -2.2479305e+01
   7.7015658e+01  -2.2479807e+01
   7.7015205e+01  -2.2480233e+01
   7.7014744e+01  -2.2480581e+01
   7.7014275e+01  -2.2480847e+01
   7.7013798e+01  -2.2481026e+01
   7.7013312e+01  -2.2481111e+01
   7.7012816e+01  -2.2481076e+01
   7.7012306e+01  -2.2480903e+01
   7.7011786e+01  -2.2480617e+01
   7.7011264e+01  -2.2480318e+01
   7.7010742e+01  -2.2480013e+01
   7.7010220e+01  -2.2479707e+01
   7.7009699e+01  -2.2479407e+01
   7.7009179e+01  -2.2479122e+01
   7.7008661e+01  -2.2478858e+01
   7.7008145e+01  -2.2478623e+01
   7.7007633e+01  -2.2478421e+01
   7.7007124e+01  -2.2478258e+01
   7.7006619e+01  -2.2478135e+01
   7.7006118e+01  -2.2478052e+01
   7.7005620e+01  -2.2478007e+01
   7.7005125e+01  -2.2477996e+01
   7.7004634e+01  -2.2478016e+01
   7.7004145e+01  -2.2478065e+01
   7.7003658e+01  -2.2478138e+01
   7.7003174e+01  -2.2478235e+01
   7.7002691e+01  -2.2478351e+01
   7.7002210e+01  -2.2478484e+01
   7.7001731e+01  -2.2478639e+01
   7.7001255e+01  -2.2478824e+01
   7.7000781e+01  -2.2479043e+01
   7.7000311e+01  -2.2479296e+01
   7.6999845e+01  -2.2479586e+01
   7.6999382e+01  -2.2479914e+01
   7.6998923e+01  -2.2480282e+01
   7.6998468e+01  -2.2480692e+01
   7.6998016e+01  -2.2481144e+01
   7.6997569e+01  -2.2481640e+01
   7.6997124e+01  -2.2482156e+01
   7.6996675e+01  -2.2482637e+01
   7.6996223e+01  -2.2483079e+01
   7.6995767e+01  -2.2483480e+01
   7.6995307e+01  -2.2483839e+01
   7.6994842e+01  -2.2484150e+01
   7.6994373e+01  -2.2484409e+01
   7.6993899e+01  -2.2484613e+01
   7.6993418e+01  -2.2484754e+01
   7.6992931e+01  -2.2484824e+01
   7.6992438e+01  -2.2484827e+01
   7.6991941e+01  -2.2484784e+01
   7.6991438e+01  -2.2484682e+01
   7.6990928e+01  -2.2484505e+01
   7.6990408e+01  -2.2484227e+01
   7.6989875e+01  -2.2483807e+01
   7.6989322e+01  -2.2483168e+01
   7.6988733e+01  -2.2482144e+01
   7.6988192e+01  -2.2480950e+01
   7.6987648e+01  -2.2479759e+01
   7.6987089e+01  -2.2478598e+01
   7.6986539e+01  -2.2477993e+01
   7.6986033e+01  -2.2477866e+01
   7.6985561e+01  -2.2478097e+01
   7.6985116e+01  -2.2478615e+01
   7.6984693e+01  -2.2479370e+01
   7.6984288e+01  -2.2480320e+01
   7.6983898e+01  -2.2481424e+01
   7.6983518e+01  -2.2482642e+01
   7.6983146e+01  -2.2483941e+01
   7.6982779e+01  -2.2485290e+01
   7.6982403e+01  -2.2486556e+01
   7.6982023e+01  -2.2487770e+01
   7.6981640e+01  -2.2488952e+01
   7.6981256e+01  -2.2490117e+01
   7.6980870e+01  -2.2491273e+01
   7.6980484e+01  -2.2492426e+01
   7.6980099e+01  -2.2493580e+01
   7.6979714e+01  -2.2494740e+01
   7.6979329e+01  -2.2495908e+01
   7.6978946e+01  -2.2497086e+01
   7.6978565e+01  -2.2498297e+01
   7.6978189e+01  -2.2499552e+01
   7.6977818e+01  -2.2500865e+01
   7.6977455e+01  -2.2502261e+01
   7.6977104e+01  -2.2503789e+01
   7.6976778e+01  -2.2505577e+01
