   7.0518807e+01  -4.9995955e+01
   7.0518509e+01  -4.9997227e+01
   7.0518201e+01  -4.9998497e+01
   7.0517885e+01  -4.9999764e+01
   7.0517560e+01  -5.0001029e+01
   7.0517226e+01  -5.0002291e+01
   7.0516884e+01  -5.0003551e+01
   7.0516533e+01  -5.0004809e+01
   7.0516174e+01  -5.0006065e+01
   7.0515806e+01  -5.0007318e+01
   7.0515431e+01  -5.0008569e+01
   7.0515048e+01  -5.0009819e+01
   7.0514658e+01  -5.0011066e+01
   7.0514263e+01  -5.0012312e+01
   7.0513861e+01  -5.0013556e+01
   7.0513454e+01  -5.0014799e+01
   7.0513041e+01  -5.0016040e+01
   7.0512622e+01  -5.0017279e+01
   7.0512198e+01  -5.0018518e+01
   7.0511769e+01  -5.0019754e+01
   7.0511335e+01  -5.0020990e+01
   7.0510898e+01  -5.0022224e+01
   7.0510458e+01  -5.0023458e+01
   7.0510016e+01  -5.0024691e+01
   7.0509572e+01  -5.0025924e+01
   7.0509126e+01  -5.0027156e+01
   7.0508678e+01  -5.0028387e+01
   7.0508229e+01  -5.0029618e+01
   7.0507778e+01  -5.0030848e+01
   7.0507324e+01  -5.0032078e+01
   7.0506869e+01  -5.0033307e+01
   7.0506413e+01  -5.0034536e+01
   7.0505957e+01  -5.0035765e+01
   7.0505501e+01  -5.0036994e+01
   7.0505046e+01  -5.0038223e+01
   7.0504591e+01  -5.0039452e+01
   7.0504136e+01  -5.0040681e+01
   7.0503681e+01  -5.0041910e+01
   7.0503229e+01  -5.0043140e+01
   7.0502779e+01  -5.0044370e+01
   7.0502333e+01  -5.0045601e+01
   7.0501891e+01  -5.0046833e+01
   7.0501452e+01  -5.0048066e+01
   7.0501018e+01  -5.0049300e+01
   7.0500588e+01  -5.0050535e+01
   7.0500161e+01  -5.0051771e+01
   7.0499739e+01  -5.0053008e+01
   7.0499320e+01  -5.0054246e+01
   7.0498904e+01  -5.0055485e+01
   7.0498493e+01  -5.0056725e+01
   7.0498087e+01  -5.0057966e+01
   7.0497687e+01  -5.0059209e+01
   7.0497293e+01  -5.0060453e+01
   7.0496906e+01  -5.0061699e+01
   7.0496524e+01  -5.0062946e+01
   7.0496147e+01  -5.0064195e+01
   7.0495774e+01  -5.0065445e+01
   7.0495406e+01  -5.0066695e+01
   7.0495041e+01  -5.0067947e+01
   7.0494680e+01  -5.0069200e+01
   7.0494321e+01  -5.0070453e+01
   7.0493964e+01  -5.0071707e+01
   7.0493614e+01  -5.0072962e+01
   7.0493272e+01  -5.0074220e+01
   7.0492937e+01  -5.0075479e+01
   7.0492609e+01  -5.0076740e+01
   7.0492286e+01  -5.0078003e+01
   7.0491970e+01  -5.0079267e+01
   7.0491658e+01  -5.0080532e+01
   7.0491351e+01  -5.0081799e+01
   7.0491047e+01  -5.0083066e+01
   7.0490747e+01  -5.0084335e+01
   7.0490448e+01  -5.0085603e+01
   7.0490151e+01  -5.0086872e+01
   7.0489855e+01  -5.0088142e+01
   7.0489559e+01  -5.0089411e+01
   7.0489263e+01  -5.0090680e+01
   7.0488968e+01  -5.0091950e+01
   7.0488672e+01  -5.0093219e+01
   7.0488377e+01  -5.0094489e+01
   7.0488084e+01  -5.0095759e+01
   7.0487793e+01  -5.0097029e+01
   7.0487504e+01  -5.0098300e+01
   7.0487215e+01  -5.0099571e+01
   7.0486928e+01  -5.0100842e+01
   7.0486641e+01  -5.0102113e+01
   7.0486354e+01  -5.0103385e+01
   7.0486066e+01  -5.0104656e+01
   7.0485778e+01  -5.0105927e+01
   7.0485488e+01  -5.0107197e+01
   7.0485196e+01  -5.0108467e+01
   7.0484902e+01  -5.0109736e+01
   7.0484605e+01  -5.0111005e+01
   7.0484305e+01  -5.0112272e+01
   7.0484003e+01  -5.0113539e+01
   7.0483697e+01  -5.0114805e+01
   7.0483388e+01  -5.0116070e+01
   7.0483078e+01  -5.0117335e+01
   7.0482766e+01  -5.0118599e+01
   7.0482454e+01  -5.0119863e+01
   7.0482141e+01  -5.0121127e+01
   7.0481826e+01  -5.0122391e+01
   7.0481511e+01  -5.0123654e+01
   7.0481196e+01  -5.0124917e+01
   7.0480880e+01  -5.0126180e+01
   7.0480561e+01  -5.0127442e+01
   7.0480241e+01  -5.0128704e+01
   7.0479918e+01  -5.0129964e+01
   7.0479591e+01  -5.0131224e+01
   7.0479261e+01  -5.0132483e+01
   7.0478926e+01  -5.0133741e+01
   7.0478586e+01  -5.0134997e+01
   7.0478246e+01  -5.0136253e+01
   7.0477905e+01  -5.0137509e+01
   7.0477564e+01  -5.0138765e+01
   7.0477223e+01  -5.0140020e+01
   7.0476881e+01  -5.0141276e+01
   7.0476537e+01  -5.0142531e+01
   7.0476193e+01  -5.0143785e+01
   7.0475847e+01  -5.0145039e+01
   7.0475499e+01  -5.0146293e+01
   7.0475149e+01  -5.0147546e+01
   7.0474799e+01  -5.0148799e+01
   7.0474448e+01  -5.0150052e+01
   7.0474097e+01  -5.0151305e+01
   7.0473746e+01  -5.0152557e+01
   7.0473394e+01  -5.0153809e+01
   7.0473041e+01  -5.0155061e+01
   7.0472687e+01  -5.0156313e+01
   7.0472332e+01  -5.0157564e+01
   7.0471976e+01  -5.0158815e+01
   7.0471619e+01  -5.0160066e+01
   7.0471263e+01  -5.0161317e+01
   7.0470909e+01  -5.0162568e+01
   7.0470555e+01  -5.0163820e+01
   7.0470203e+01  -5.0165072e+01
   7.0469851e+01  -5.0166324e+01
   7.0469501e+01  -5.0167576e+01
   7.0469152e+01  -5.0168828e+01
   7.0468804e+01  -5.0170081e+01
   7.0468457e+01  -5.0171334e+01
   7.0468110e+01  -5.0172587e+01
   7.0467767e+01  -5.0173841e+01
   7.0467426e+01  -5.0175096e+01
   7.0467089e+01  -5.0176351e+01
   7.0466754e+01  -5.0177607e+01
   7.0466424e+01  -5.0178865e+01
   7.0466096e+01  -5.0180123e+01
   7.0465772e+01  -5.0181381e+01
   7.0465451e+01  -5.0182641e+01
   7.0465134e+01  -5.0183902e+01
   7.0464821e+01  -5.0185164e+01
   7.0464523e+01  -5.0186430e+01
   7.0464240e+01  -5.0187699e+01
   7.0463972e+01  -5.0188973e+01
   7.0463717e+01  -5.0190251e+01
   7.0463476e+01  -5.0191532e+01
   7.0463248e+01  -5.0192816e+01
   7.0463032e+01  -5.0194104e+01
   7.0462827e+01  -5.0195395e+01
   7.0462632e+01  -5.0196689e+01
   7.0462448e+01  -5.0197985e+01
   7.0462269e+01  -5.0199283e+01
   7.0462095e+01  -5.0200582e+01
   7.0461926e+01  -5.0201883e+01
   7.0461762e+01  -5.0203184e+01
   7.0461602e+01  -5.0204487e+01
   7.0461447e+01  -5.0205792e+01
   7.0461297e+01  -5.0207097e+01
   7.0461151e+01  -5.0208404e+01
   7.0461010e+01  -5.0209712e+01
   7.0460874e+01  -5.0211021e+01
   7.0460741e+01  -5.0212331e+01
   7.0460611e+01  -5.0213642e+01
   7.0460484e+01  -5.0214954e+01
   7.0460361e+01  -5.0216267e+01
   7.0460241e+01  -5.0217581e+01
   7.0460124e+01  -5.0218895e+01
   7.0460010e+01  -5.0220210e+01
   7.0459899e+01  -5.0221527e+01
   7.0459792e+01  -5.0222844e+01
   7.0459688e+01  -5.0224162e+01
   7.0459586e+01  -5.0225480e+01
   7.0459486e+01  -5.0226799e+01
   7.0459388e+01  -5.0228119e+01
   7.0459292e+01  -5.0229439e+01
   7.0459198e+01  -5.0230760e+01
   7.0459107e+01  -5.0232081e+01
   7.0459018e+01  -5.0233403e+01
   7.0458931e+01  -5.0234725e+01
   7.0458846e+01  -5.0236048e+01
   7.0458763e+01  -5.0237372e+01
   7.0458682e+01  -5.0238696e+01
   7.0458601e+01  -5.0240020e+01
   7.0458523e+01  -5.0241345e+01
   7.0458445e+01  -5.0242670e+01
   7.0458369e+01  -5.0243996e+01
   7.0458294e+01  -5.0245321e+01
   7.0458220e+01  -5.0246647e+01
   7.0458148e+01  -5.0247974e+01
   7.0458077e+01  -5.0249301e+01
   7.0458007e+01  -5.0250628e+01
   7.0457938e+01  -5.0251955e+01
   7.0457869e+01  -5.0253282e+01
   7.0457800e+01  -5.0254610e+01
   7.0457731e+01  -5.0255937e+01
   7.0457662e+01  -5.0257265e+01
   7.0457594e+01  -5.0258592e+01
   7.0457526e+01  -5.0259920e+01
   7.0457459e+01  -5.0261247e+01
   7.0457391e+01  -5.0262575e+01
   7.0457324e+01  -5.0263903e+01
   7.0457256e+01  -5.0265230e+01
   7.0457186e+01  -5.0266558e+01
   7.0457116e+01  -5.0267885e+01
   7.0457045e+01  -5.0269211e+01
   7.0456973e+01  -5.0270538e+01
   7.0456899e+01  -5.0271864e+01
   7.0456825e+01  -5.0273189e+01
   7.0456750e+01  -5.0274515e+01
   7.0456674e+01  -5.0275840e+01
   7.0456596e+01  -5.0277165e+01
   7.0456517e+01  -5.0278490e+01
   7.0456435e+01  -5.0279813e+01
   7.0456351e+01  -5.0281136e+01
   7.0456265e+01  -5.0282459e+01
   7.0456177e+01  -5.0283781e+01
   7.0456087e+01  -5.0285102e+01
   7.0455994e+01  -5.0286423e+01
   7.0455899e+01  -5.0287743e+01
   7.0455802e+01  -5.0289062e+01
   7.0455703e+01  -5.0290381e+01
   7.0455600e+01  -5.0291699e+01
   7.0455494e+01  -5.0293015e+01
   7.0455383e+01  -5.0294331e+01
   7.0455270e+01  -5.0295646e+01
   7.0455153e+01  -5.0296960e+01
   7.0455032e+01  -5.0298272e+01
   7.0454907e+01  -5.0299584e+01
   7.0454779e+01  -5.0300895e+01
   7.0454648e+01  -5.0302204e+01
   7.0454513e+01  -5.0303513e+01
   7.0454374e+01  -5.0304821e+01
   7.0454232e+01  -5.0306128e+01
   7.0454086e+01  -5.0307433e+01
   7.0453936e+01  -5.0308738e+01
   7.0453783e+01  -5.0310041e+01
   7.0453626e+01  -5.0311344e+01
   7.0453465e+01  -5.0312645e+01
   7.0453301e+01  -5.0313946e+01
   7.0453133e+01  -5.0315245e+01
   7.0452962e+01  -5.0316544e+01
   7.0452786e+01  -5.0317841e+01
   7.0452607e+01  -5.0319137e+01
   7.0452424e+01  -5.0320433e+01
   7.0452237e+01  -5.0321727e+01
   7.0452045e+01  -5.0323019e+01
   7.0451850e+01  -5.0324311e+01
   7.0451651e+01  -5.0325602e+01
   7.0451448e+01  -5.0326891e+01
   7.0451241e+01  -5.0328179e+01
   7.0451030e+01  -5.0329467e+01
   7.0450814e+01  -5.0330752e+01
   7.0450593e+01  -5.0332037e+01
   7.0450367e+01  -5.0333320e+01
   7.0450137e+01  -5.0334602e+01
   7.0449902e+01  -5.0335882e+01
   7.0449662e+01  -5.0337161e+01
   7.0449416e+01  -5.0338438e+01
   7.0449166e+01  -5.0339714e+01
   7.0448911e+01  -5.0340989e+01
   7.0448651e+01  -5.0342262e+01
   7.0448385e+01  -5.0343534e+01
   7.0448113e+01  -5.0344804e+01
   7.0447835e+01  -5.0346072e+01
   7.0447551e+01  -5.0347338e+01
   7.0447261e+01  -5.0348603e+01
   7.0446965e+01  -5.0349866e+01
   7.0446662e+01  -5.0351127e+01
   7.0446353e+01  -5.0352386e+01
   7.0446036e+01  -5.0353643e+01
   7.0445713e+01  -5.0354899e+01
   7.0445381e+01  -5.0356151e+01
   7.0445041e+01  -5.0357402e+01
   7.0444691e+01  -5.0358649e+01
   7.0444332e+01  -5.0359894e+01
   7.0443963e+01  -5.0361137e+01
   7.0443582e+01  -5.0362376e+01
   7.0443191e+01  -5.0363611e+01
   7.0442789e+01  -5.0364844e+01
   7.0442375e+01  -5.0366073e+01
   7.0441948e+01  -5.0367299e+01
   7.0441509e+01  -5.0368522e+01
   7.0441058e+01  -5.0369741e+01
   7.0440594e+01  -5.0370956e+01
   7.0440116e+01  -5.0372167e+01
   7.0439627e+01  -5.0373366e+01
   7.0439140e+01  -5.0374526e+01
   7.0438654e+01  -5.0375650e+01
   7.0438169e+01  -5.0376741e+01
   7.0437685e+01  -5.0377800e+01
   7.0437201e+01  -5.0378830e+01
   7.0436719e+01  -5.0379840e+01
   7.0436237e+01  -5.0380834e+01
   7.0435755e+01  -5.0381812e+01
   7.0435274e+01  -5.0382775e+01
   7.0434793e+01  -5.0383724e+01
   7.0434313e+01  -5.0384661e+01
   7.0433833e+01  -5.0385586e+01
   7.0433353e+01  -5.0386501e+01
   7.0432874e+01  -5.0387407e+01
   7.0432395e+01  -5.0388303e+01
   7.0431916e+01  -5.0389190e+01
   7.0431437e+01  -5.0390068e+01
   7.0430959e+01  -5.0390940e+01
   7.0430481e+01  -5.0391810e+01
   7.0430003e+01  -5.0392678e+01
   7.0429524e+01  -5.0393547e+01
   7.0429046e+01  -5.0394418e+01
   7.0428568e+01  -5.0395293e+01
   7.0428089e+01  -5.0396173e+01
   7.0427610e+01  -5.0397056e+01
   7.0427131e+01  -5.0397945e+01
   7.0426652e+01  -5.0398838e+01
   7.0426173e+01  -5.0399737e+01
   7.0425694e+01  -5.0400642e+01
   7.0425214e+01  -5.0401553e+01
   7.0424734e+01  -5.0402474e+01
   7.0424253e+01  -5.0403424e+01
   7.0423771e+01  -5.0404406e+01
   7.0423288e+01  -5.0405423e+01
   7.0422804e+01  -5.0406477e+01
   7.0422319e+01  -5.0407571e+01
   7.0421832e+01  -5.0408709e+01
   7.0421344e+01  -5.0409892e+01
   7.0420864e+01  -5.0411101e+01
   7.0420400e+01  -5.0412314e+01
   7.0419953e+01  -5.0413532e+01
   7.0419521e+01  -5.0414754e+01
   7.0419104e+01  -5.0415980e+01
   7.0418702e+01  -5.0417210e+01
   7.0418312e+01  -5.0418443e+01
   7.0417934e+01  -5.0419680e+01
   7.0417567e+01  -5.0420920e+01
   7.0417210e+01  -5.0422163e+01
   7.0416863e+01  -5.0423409e+01
   7.0416525e+01  -5.0424657e+01
   7.0416195e+01  -5.0425907e+01
   7.0415873e+01  -5.0427160e+01
   7.0415559e+01  -5.0428415e+01
   7.0415253e+01  -5.0429672e+01
   7.0414954e+01  -5.0430931e+01
   7.0414662e+01  -5.0432192e+01
   7.0414377e+01  -5.0433454e+01
   7.0414099e+01  -5.0434719e+01
   7.0413828e+01  -5.0435986e+01
   7.0413563e+01  -5.0437254e+01
   7.0413304e+01  -5.0438525e+01
   7.0413052e+01  -5.0439796e+01
   7.0412808e+01  -5.0441071e+01
   7.0412572e+01  -5.0442347e+01
   7.0412345e+01  -5.0443626e+01
   7.0412125e+01  -5.0444907e+01
   7.0411912e+01  -5.0446190e+01
   7.0411707e+01  -5.0447476e+01
   7.0411508e+01  -5.0448763e+01
   7.0411316e+01  -5.0450051e+01
   7.0411130e+01  -5.0451342e+01
   7.0410950e+01  -5.0452634e+01
   7.0410776e+01  -5.0453928e+01
   7.0410607e+01  -5.0455223e+01
   7.0410442e+01  -5.0456520e+01
   7.0410283e+01  -5.0457818e+01
   7.0410128e+01  -5.0459117e+01
   7.0409977e+01  -5.0460418e+01
   7.0409830e+01  -5.0461719e+01
   7.0409687e+01  -5.0463022e+01
   7.0409548e+01  -5.0464326e+01
   7.0409412e+01  -5.0465630e+01
   7.0409278e+01  -5.0466936e+01
   7.0409146e+01  -5.0468241e+01
   7.0409016e+01  -5.0469547e+01
   7.0408888e+01  -5.0470854e+01
   7.0408761e+01  -5.0472161e+01
   7.0408636e+01  -5.0473469e+01
   7.0408512e+01  -5.0474777e+01
   7.0408390e+01  -5.0476085e+01
   7.0408269e+01  -5.0477394e+01
   7.0408150e+01  -5.0478703e+01
   7.0408032e+01  -5.0480013e+01
   7.0407915e+01  -5.0481323e+01
   7.0407798e+01  -5.0482633e+01
   7.0407683e+01  -5.0483943e+01
   7.0407568e+01  -5.0485253e+01
   7.0407454e+01  -5.0486564e+01
   7.0407340e+01  -5.0487875e+01
   7.0407228e+01  -5.0489186e+01
   7.0407116e+01  -5.0490497e+01
   7.0407005e+01  -5.0491809e+01
   7.0406894e+01  -5.0493120e+01
   7.0406782e+01  -5.0494431e+01
   7.0406670e+01  -5.0495742e+01
   7.0406557e+01  -5.0497053e+01
   7.0406444e+01  -5.0498364e+01
   7.0406331e+01  -5.0499675e+01
   7.0406217e+01  -5.0500985e+01
   7.0406103e+01  -5.0502296e+01
   7.0405988e+01  -5.0503606e+01
   7.0405873e+01  -5.0504916e+01
   7.0405757e+01  -5.0506226e+01
   7.0405639e+01  -5.0507535e+01
   7.0405519e+01  -5.0508844e+01
   7.0405397e+01  -5.0510152e+01
   7.0405274e+01  -5.0511460e+01
   7.0405149e+01  -5.0512767e+01
   7.0405023e+01  -5.0514074e+01
   7.0404895e+01  -5.0515381e+01
   7.0404766e+01  -5.0516687e+01
   7.0404636e+01  -5.0517992e+01
   7.0404502e+01  -5.0519297e+01
   7.0404365e+01  -5.0520601e+01
   7.0404225e+01  -5.0521903e+01
   7.0404081e+01  -5.0523205e+01
   7.0403935e+01  -5.0524506e+01
   7.0403785e+01  -5.0525806e+01
   7.0403632e+01  -5.0527105e+01
   7.0403477e+01  -5.0528404e+01
   7.0403319e+01  -5.0529701e+01
   7.0403158e+01  -5.0530998e+01
   7.0402989e+01  -5.0532292e+01
   7.0402810e+01  -5.0533583e+01
   7.0402622e+01  -5.0534872e+01
   7.0402424e+01  -5.0536158e+01
   7.0402217e+01  -5.0537441e+01
   7.0402000e+01  -5.0538722e+01
   7.0401774e+01  -5.0539999e+01
   7.0401539e+01  -5.0541274e+01
   7.0401294e+01  -5.0542547e+01
   7.0401041e+01  -5.0543816e+01
   7.0400776e+01  -5.0545083e+01
   7.0400501e+01  -5.0546346e+01
   7.0400215e+01  -5.0547606e+01
   7.0399917e+01  -5.0548863e+01
   7.0399608e+01  -5.0550116e+01
   7.0399286e+01  -5.0551366e+01
   7.0398952e+01  -5.0552612e+01
   7.0398606e+01  -5.0553855e+01
   7.0398246e+01  -5.0555093e+01
   7.0397873e+01  -5.0556328e+01
   7.0397493e+01  -5.0557561e+01
   7.0397106e+01  -5.0558791e+01
   7.0396712e+01  -5.0560020e+01
   7.0396310e+01  -5.0561246e+01
   7.0395901e+01  -5.0562470e+01
   7.0395483e+01  -5.0563691e+01
   7.0395058e+01  -5.0564911e+01
   7.0394625e+01  -5.0566127e+01
   7.0394183e+01  -5.0567342e+01
   7.0393733e+01  -5.0568554e+01
   7.0393283e+01  -5.0569766e+01
   7.0392834e+01  -5.0570978e+01
   7.0392386e+01  -5.0572190e+01
   7.0391941e+01  -5.0573403e+01
   7.0391498e+01  -5.0574617e+01
   7.0391058e+01  -5.0575831e+01
   7.0390620e+01  -5.0577046e+01
   7.0390186e+01  -5.0578262e+01
   7.0389755e+01  -5.0579479e+01
   7.0389328e+01  -5.0580697e+01
   7.0388904e+01  -5.0581916e+01
   7.0388484e+01  -5.0583136e+01
   7.0388068e+01  -5.0584357e+01
   7.0387655e+01  -5.0585579e+01
   7.0387246e+01  -5.0586802e+01
   7.0386840e+01  -5.0588026e+01
   7.0386436e+01  -5.0589250e+01
   7.0386035e+01  -5.0590475e+01
   7.0385636e+01  -5.0591701e+01
   7.0385240e+01  -5.0592928e+01
   7.0384843e+01  -5.0594154e+01
   7.0384446e+01  -5.0595380e+01
   7.0384047e+01  -5.0596606e+01
