   6.2850920e+01  -4.3478976e+01
   6.2850478e+01  -4.3478597e+01
   6.2850036e+01  -4.3478230e+01
   6.2849595e+01  -4.3477874e+01
   6.2849153e+01  -4.3477530e+01
   6.2848712e+01  -4.3477198e+01
   6.2848271e+01  -4.3476877e+01
   6.2847830e+01  -4.3476568e+01
   6.2847389e+01  -4.3476271e+01
   6.2846948e+01  -4.3475986e+01
   6.2846508e+01  -4.3475713e+01
   6.2846067e+01  -4.3475451e+01
   6.2845627e+01  -4.3475203e+01
   6.2845187e+01  -4.3474967e+01
   6.2844747e+01  -4.3474744e+01
   6.2844307e+01  -4.3474533e+01
   6.2843868e+01  -4.3474334e+01
   6.2843428e+01  -4.3474146e+01
   6.2842989e+01  -4.3473971e+01
   6.2842550e+01  -4.3473807e+01
   6.2842111e+01  -4.3473654e+01
   6.2841672e+01  -4.3473512e+01
   6.2841233e+01  -4.3473374e+01
   6.2840794e+01  -4.3473240e+01
   6.2840355e+01  -4.3473110e+01
   6.2839916e+01  -4.3472983e+01
   6.2839478e+01  -4.3472861e+01
   6.2839039e+01  -4.3472742e+01
   6.2838600e+01  -4.3472626e+01
   6.2838162e+01  -4.3472514e+01
   6.2837723e+01  -4.3472406e+01
   6.2837285e+01  -4.3472300e+01
   6.2836846e+01  -4.3472191e+01
   6.2836408e+01  -4.3472076e+01
   6.2835969e+01  -4.3471956e+01
   6.2835530e+01  -4.3471832e+01
   6.2835091e+01  -4.3471702e+01
   6.2834653e+01  -4.3471566e+01
   6.2834214e+01  -4.3471425e+01
   6.2833775e+01  -4.3471277e+01
   6.2833336e+01  -4.3471124e+01
   6.2832896e+01  -4.3470964e+01
   6.2832457e+01  -4.3470796e+01
   6.2832018e+01  -4.3470621e+01
   6.2831578e+01  -4.3470438e+01
   6.2831139e+01  -4.3470248e+01
   6.2830699e+01  -4.3470050e+01
   6.2830260e+01  -4.3469844e+01
   6.2829820e+01  -4.3469632e+01
   6.2829380e+01  -4.3469411e+01
   6.2828940e+01  -4.3469183e+01
   6.2828500e+01  -4.3468948e+01
   6.2828060e+01  -4.3468709e+01
   6.2827620e+01  -4.3468466e+01
   6.2827179e+01  -4.3468219e+01
   6.2826739e+01  -4.3467968e+01
   6.2826299e+01  -4.3467712e+01
   6.2825858e+01  -4.3467451e+01
   6.2825418e+01  -4.3467185e+01
   6.2824978e+01  -4.3466914e+01
   6.2824537e+01  -4.3466637e+01
   6.2824096e+01  -4.3466354e+01
   6.2823656e+01  -4.3466065e+01
   6.2823215e+01  -4.3465769e+01
   6.2822774e+01  -4.3465468e+01
   6.2822333e+01  -4.3465160e+01
   6.2821892e+01  -4.3464845e+01
   6.2821451e+01  -4.3464525e+01
   6.2821010e+01  -4.3464199e+01
   6.2820568e+01  -4.3463867e+01
   6.2820127e+01  -4.3463530e+01
   6.2819686e+01  -4.3463187e+01
   6.2819244e+01  -4.3462845e+01
   6.2818803e+01  -4.3462503e+01
   6.2818362e+01  -4.3462163e+01
   6.2817920e+01  -4.3461824e+01
   6.2817479e+01  -4.3461486e+01
   6.2817038e+01  -4.3461150e+01
   6.2816596e+01  -4.3460815e+01
   6.2816155e+01  -4.3460480e+01
   6.2815714e+01  -4.3460146e+01
   6.2815273e+01  -4.3459813e+01
   6.2814831e+01  -4.3459481e+01
   6.2814390e+01  -4.3459149e+01
   6.2813949e+01  -4.3458818e+01
   6.2813508e+01  -4.3458488e+01
   6.2813066e+01  -4.3458158e+01
   6.2812625e+01  -4.3457830e+01
   6.2812184e+01  -4.3457503e+01
   6.2811743e+01  -4.3457178e+01
   6.2811302e+01  -4.3456853e+01
   6.2810860e+01  -4.3456531e+01
   6.2810419e+01  -4.3456210e+01
   6.2809978e+01  -4.3455892e+01
   6.2809537e+01  -4.3455577e+01
   6.2809096e+01  -4.3455265e+01
   6.2808655e+01  -4.3454955e+01
   6.2808214e+01  -4.3454647e+01
   6.2807773e+01  -4.3454342e+01
   6.2807332e+01  -4.3454040e+01
   6.2806892e+01  -4.3453740e+01
   6.2806451e+01  -4.3453444e+01
   6.2806010e+01  -4.3453149e+01
   6.2805569e+01  -4.3452857e+01
   6.2805128e+01  -4.3452567e+01
   6.2804688e+01  -4.3452279e+01
   6.2804247e+01  -4.3451993e+01
   6.2803806e+01  -4.3451709e+01
   6.2803366e+01  -4.3451426e+01
   6.2802925e+01  -4.3451146e+01
   6.2802485e+01  -4.3450868e+01
   6.2802044e+01  -4.3450592e+01
   6.2801603e+01  -4.3450319e+01
   6.2801163e+01  -4.3450049e+01
   6.2800723e+01  -4.3449782e+01
   6.2800282e+01  -4.3449519e+01
   6.2799842e+01  -4.3449260e+01
   6.2799401e+01  -4.3449004e+01
   6.2798961e+01  -4.3448753e+01
   6.2798521e+01  -4.3448505e+01
   6.2798081e+01  -4.3448262e+01
   6.2797641e+01  -4.3448024e+01
   6.2797201e+01  -4.3447795e+01
   6.2796761e+01  -4.3447576e+01
   6.2796321e+01  -4.3447365e+01
   6.2795882e+01  -4.3447164e+01
   6.2795442e+01  -4.3446972e+01
   6.2795003e+01  -4.3446788e+01
   6.2794563e+01  -4.3446613e+01
   6.2794124e+01  -4.3446446e+01
   6.2793685e+01  -4.3446287e+01
   6.2793246e+01  -4.3446136e+01
   6.2792807e+01  -4.3445998e+01
   6.2792368e+01  -4.3445874e+01
   6.2791930e+01  -4.3445764e+01
   6.2791492e+01  -4.3445667e+01
   6.2791053e+01  -4.3445584e+01
   6.2790615e+01  -4.3445515e+01
   6.2790178e+01  -4.3445460e+01
   6.2789740e+01  -4.3445419e+01
   6.2789303e+01  -4.3445392e+01
   6.2788865e+01  -4.3445380e+01
   6.2788428e+01  -4.3445374e+01
   6.2787991e+01  -4.3445374e+01
   6.2787554e+01  -4.3445380e+01
   6.2787117e+01  -4.3445392e+01
   6.2786680e+01  -4.3445410e+01
   6.2786243e+01  -4.3445435e+01
   6.2785807e+01  -4.3445465e+01
   6.2785370e+01  -4.3445502e+01
   6.2784933e+01  -4.3445545e+01
   6.2784497e+01  -4.3445593e+01
   6.2784060e+01  -4.3445640e+01
   6.2783624e+01  -4.3445684e+01
   6.2783187e+01  -4.3445726e+01
   6.2782750e+01  -4.3445766e+01
   6.2782314e+01  -4.3445804e+01
   6.2781877e+01  -4.3445839e+01
   6.2781440e+01  -4.3445872e+01
   6.2781004e+01  -4.3445903e+01
   6.2780567e+01  -4.3445932e+01
   6.2780130e+01  -4.3445958e+01
   6.2779693e+01  -4.3445972e+01
   6.2779256e+01  -4.3445973e+01
   6.2778819e+01  -4.3445960e+01
   6.2778381e+01  -4.3445935e+01
   6.2777944e+01  -4.3445897e+01
   6.2777506e+01  -4.3445845e+01
   6.2777068e+01  -4.3445780e+01
   6.2776630e+01  -4.3445702e+01
   6.2776192e+01  -4.3445610e+01
   6.2775753e+01  -4.3445504e+01
   6.2775315e+01  -4.3445385e+01
   6.2774876e+01  -4.3445254e+01
   6.2774437e+01  -4.3445109e+01
   6.2773998e+01  -4.3444952e+01
   6.2773559e+01  -4.3444783e+01
   6.2773120e+01  -4.3444600e+01
   6.2772680e+01  -4.3444403e+01
   6.2772240e+01  -4.3444192e+01
   6.2771800e+01  -4.3443967e+01
   6.2771360e+01  -4.3443726e+01
   6.2770920e+01  -4.3443469e+01
   6.2770480e+01  -4.3443198e+01
   6.2770039e+01  -4.3442910e+01
   6.2769598e+01  -4.3442607e+01
   6.2769157e+01  -4.3442287e+01
   6.2768716e+01  -4.3441951e+01
   6.2768274e+01  -4.3441598e+01
   6.2767833e+01  -4.3441229e+01
   6.2767391e+01  -4.3440843e+01
   6.2766949e+01  -4.3440439e+01
   6.2766506e+01  -4.3440020e+01
   6.2766064e+01  -4.3439586e+01
   6.2765621e+01  -4.3439136e+01
   6.2765178e+01  -4.3438671e+01
   6.2764735e+01  -4.3438190e+01
   6.2764292e+01  -4.3437693e+01
   6.2763848e+01  -4.3437181e+01
   6.2763405e+01  -4.3436653e+01
   6.2762961e+01  -4.3436109e+01
   6.2762517e+01  -4.3435549e+01
   6.2762072e+01  -4.3434980e+01
   6.2761628e+01  -4.3434400e+01
   6.2761184e+01  -4.3433808e+01
   6.2760739e+01  -4.3433204e+01
   6.2760294e+01  -4.3432584e+01
   6.2759849e+01  -4.3431950e+01
   6.2759404e+01  -4.3431298e+01
   6.2758958e+01  -4.3430627e+01
   6.2758513e+01  -4.3429936e+01
   6.2758067e+01  -4.3429224e+01
   6.2757620e+01  -4.3428486e+01
   6.2757173e+01  -4.3427721e+01
   6.2756726e+01  -4.3426926e+01
   6.2756279e+01  -4.3426084e+01
   6.2755832e+01  -4.3425158e+01
   6.2755432e+01  -4.3424228e+01
   6.2755076e+01  -4.3423296e+01
   6.2754759e+01  -4.3422362e+01
   6.2754476e+01  -4.3421426e+01
   6.2754224e+01  -4.3420487e+01
   6.2753998e+01  -4.3419548e+01
   6.2753794e+01  -4.3418607e+01
   6.2753609e+01  -4.3417664e+01
   6.2753440e+01  -4.3416721e+01
   6.2753285e+01  -4.3415777e+01
   6.2753142e+01  -4.3414833e+01
   6.2753010e+01  -4.3413887e+01
   6.2752888e+01  -4.3412941e+01
   6.2752776e+01  -4.3411995e+01
   6.2752672e+01  -4.3411048e+01
   6.2752576e+01  -4.3410100e+01
   6.2752487e+01  -4.3409152e+01
   6.2752406e+01  -4.3408204e+01
   6.2752330e+01  -4.3407255e+01
   6.2752257e+01  -4.3406306e+01
   6.2752188e+01  -4.3405357e+01
   6.2752121e+01  -4.3404408e+01
   6.2752056e+01  -4.3403459e+01
   6.2751995e+01  -4.3402509e+01
   6.2751936e+01  -4.3401560e+01
   6.2751880e+01  -4.3400610e+01
   6.2751826e+01  -4.3399660e+01
   6.2751775e+01  -4.3398710e+01
   6.2751727e+01  -4.3397759e+01
   6.2751682e+01  -4.3396809e+01
   6.2751640e+01  -4.3395858e+01
   6.2751602e+01  -4.3394907e+01
   6.2751566e+01  -4.3393956e+01
   6.2751534e+01  -4.3393005e+01
   6.2751505e+01  -4.3392053e+01
   6.2751480e+01  -4.3391102e+01
   6.2751457e+01  -4.3390150e+01
   6.2751437e+01  -4.3389198e+01
   6.2751420e+01  -4.3388245e+01
   6.2751405e+01  -4.3387293e+01
   6.2751393e+01  -4.3386341e+01
   6.2751382e+01  -4.3385388e+01
   6.2751374e+01  -4.3384435e+01
   6.2751368e+01  -4.3383482e+01
   6.2751364e+01  -4.3382529e+01
   6.2751362e+01  -4.3381576e+01
   6.2751361e+01  -4.3380623e+01
   6.2751363e+01  -4.3379670e+01
   6.2751367e+01  -4.3378716e+01
   6.2751369e+01  -4.3377763e+01
   6.2751371e+01  -4.3376809e+01
   6.2751373e+01  -4.3375856e+01
   6.2751374e+01  -4.3374903e+01
   6.2751374e+01  -4.3373949e+01
   6.2751374e+01  -4.3372996e+01
   6.2751373e+01  -4.3372043e+01
   6.2751372e+01  -4.3371090e+01
   6.2751370e+01  -4.3370136e+01
   6.2751367e+01  -4.3369183e+01
   6.2751362e+01  -4.3368230e+01
   6.2751355e+01  -4.3367278e+01
   6.2751345e+01  -4.3366325e+01
   6.2751334e+01  -4.3365372e+01
   6.2751320e+01  -4.3364420e+01
   6.2751304e+01  -4.3363468e+01
   6.2751286e+01  -4.3362516e+01
   6.2751266e+01  -4.3361564e+01
   6.2751244e+01  -4.3360612e+01
   6.2751220e+01  -4.3359660e+01
   6.2751192e+01  -4.3358708e+01
   6.2751161e+01  -4.3357757e+01
   6.2751126e+01  -4.3356806e+01
   6.2751089e+01  -4.3355855e+01
   6.2751048e+01  -4.3354904e+01
   6.2751003e+01  -4.3353954e+01
   6.2750956e+01  -4.3353004e+01
   6.2750905e+01  -4.3352053e+01
   6.2750851e+01  -4.3351104e+01
   6.2750793e+01  -4.3350154e+01
   6.2750734e+01  -4.3349204e+01
   6.2750671e+01  -4.3348255e+01
   6.2750606e+01  -4.3347306e+01
   6.2750539e+01  -4.3346357e+01
   6.2750469e+01  -4.3345408e+01
   6.2750397e+01  -4.3344459e+01
   6.2750322e+01  -4.3343511e+01
   6.2750245e+01  -4.3342562e+01
   6.2750166e+01  -4.3341614e+01
   6.2750085e+01  -4.3340666e+01
   6.2750003e+01  -4.3339718e+01
   6.2749922e+01  -4.3338770e+01
   6.2749840e+01  -4.3337822e+01
   6.2749759e+01  -4.3336874e+01
   6.2749677e+01  -4.3335926e+01
   6.2749595e+01  -4.3334978e+01
   6.2749513e+01  -4.3334030e+01
   6.2749431e+01  -4.3333082e+01
   6.2749349e+01  -4.3332134e+01
   6.2749267e+01  -4.3331186e+01
   6.2749186e+01  -4.3330238e+01
   6.2749105e+01  -4.3329290e+01
   6.2749026e+01  -4.3328341e+01
   6.2748947e+01  -4.3327393e+01
   6.2748869e+01  -4.3326445e+01
   6.2748791e+01  -4.3325497e+01
   6.2748714e+01  -4.3324549e+01
   6.2748638e+01  -4.3323600e+01
   6.2748562e+01  -4.3322652e+01
   6.2748488e+01  -4.3321703e+01
   6.2748420e+01  -4.3320755e+01
   6.2748357e+01  -4.3319805e+01
   6.2748300e+01  -4.3318856e+01
   6.2748249e+01  -4.3317906e+01
   6.2748203e+01  -4.3316956e+01
   6.2748163e+01  -4.3316005e+01
   6.2748128e+01  -4.3315054e+01
   6.2748098e+01  -4.3314103e+01
   6.2748073e+01  -4.3313151e+01
   6.2748053e+01  -4.3312199e+01
   6.2748037e+01  -4.3311247e+01
   6.2748025e+01  -4.3310295e+01
   6.2748018e+01  -4.3309342e+01
   6.2748016e+01  -4.3308389e+01
   6.2748017e+01  -4.3307436e+01
   6.2748023e+01  -4.3306482e+01
   6.2748033e+01  -4.3305529e+01
   6.2748047e+01  -4.3304574e+01
   6.2748065e+01  -4.3303620e+01
   6.2748088e+01  -4.3302665e+01
   6.2748118e+01  -4.3301710e+01
   6.2748155e+01  -4.3300755e+01
   6.2748200e+01  -4.3299799e+01
   6.2748251e+01  -4.3298842e+01
   6.2748310e+01  -4.3297885e+01
   6.2748375e+01  -4.3296928e+01
   6.2748446e+01  -4.3295970e+01
   6.2748525e+01  -4.3295012e+01
   6.2748610e+01  -4.3294053e+01
   6.2748701e+01  -4.3293094e+01
   6.2748801e+01  -4.3292134e+01
   6.2748910e+01  -4.3291174e+01
   6.2749027e+01  -4.3290213e+01
   6.2749153e+01  -4.3289251e+01
   6.2749288e+01  -4.3288289e+01
   6.2749431e+01  -4.3287327e+01
   6.2749583e+01  -4.3286364e+01
   6.2749744e+01  -4.3285400e+01
   6.2749914e+01  -4.3284436e+01
   6.2750092e+01  -4.3283471e+01
   6.2750272e+01  -4.3282506e+01
   6.2750457e+01  -4.3281540e+01
   6.2750644e+01  -4.3280575e+01
   6.2750834e+01  -4.3279609e+01
   6.2751027e+01  -4.3278643e+01
   6.2751222e+01  -4.3277677e+01
   6.2751421e+01  -4.3276711e+01
   6.2751622e+01  -4.3275744e+01
   6.2751826e+01  -4.3274777e+01
   6.2752032e+01  -4.3273811e+01
   6.2752240e+01  -4.3272844e+01
   6.2752449e+01  -4.3271876e+01
   6.2752659e+01  -4.3270909e+01
   6.2752871e+01  -4.3269942e+01
   6.2753084e+01  -4.3268974e+01
   6.2753299e+01  -4.3268007e+01
   6.2753516e+01  -4.3267039e+01
   6.2753735e+01  -4.3266071e+01
   6.2753957e+01  -4.3265103e+01
   6.2754179e+01  -4.3264135e+01
   6.2754401e+01  -4.3263167e+01
   6.2754621e+01  -4.3262199e+01
   6.2754840e+01  -4.3261231e+01
   6.2755058e+01  -4.3260263e+01
   6.2755274e+01  -4.3259296e+01
   6.2755489e+01  -4.3258328e+01
   6.2755702e+01  -4.3257360e+01
   6.2755914e+01  -4.3256393e+01
   6.2756124e+01  -4.3255425e+01
   6.2756333e+01  -4.3254458e+01
   6.2756537e+01  -4.3253491e+01
   6.2756738e+01  -4.3252524e+01
   6.2756934e+01  -4.3251557e+01
   6.2757125e+01  -4.3250591e+01
   6.2757312e+01  -4.3249625e+01
   6.2757494e+01  -4.3248659e+01
   6.2757670e+01  -4.3247694e+01
   6.2757842e+01  -4.3246729e+01
   6.2758009e+01  -4.3245764e+01
   6.2758172e+01  -4.3244800e+01
   6.2758332e+01  -4.3243836e+01
   6.2758490e+01  -4.3242871e+01
   6.2758646e+01  -4.3241907e+01
   6.2758800e+01  -4.3240943e+01
   6.2758953e+01  -4.3239980e+01
   6.2759104e+01  -4.3239016e+01
   6.2759254e+01  -4.3238052e+01
   6.2759403e+01  -4.3237089e+01
   6.2759551e+01  -4.3236125e+01
   6.2759697e+01  -4.3235161e+01
   6.2759841e+01  -4.3234198e+01
   6.2759981e+01  -4.3233235e+01
   6.2760117e+01  -4.3232272e+01
   6.2760249e+01  -4.3231310e+01
   6.2760378e+01  -4.3230347e+01
   6.2760503e+01  -4.3229385e+01
   6.2760626e+01  -4.3228423e+01
   6.2760746e+01  -4.3227462e+01
   6.2760864e+01  -4.3226500e+01
   6.2760979e+01  -4.3225538e+01
   6.2761095e+01  -4.3224577e+01
   6.2761211e+01  -4.3223615e+01
   6.2761327e+01  -4.3222654e+01
   6.2761443e+01  -4.3221692e+01
   6.2761559e+01  -4.3220731e+01
   6.2761675e+01  -4.3219769e+01
   6.2761791e+01  -4.3218808e+01
   6.2761907e+01  -4.3217846e+01
