   7.1923203e+01  -5.1939605e+01
   7.1922847e+01  -5.1940928e+01
   7.1922491e+01  -5.1942250e+01
   7.1922136e+01  -5.1943573e+01
   7.1921781e+01  -5.1944895e+01
   7.1921427e+01  -5.1946218e+01
   7.1921073e+01  -5.1947541e+01
   7.1920720e+01  -5.1948865e+01
   7.1920368e+01  -5.1950189e+01
   7.1920018e+01  -5.1951513e+01
   7.1919668e+01  -5.1952837e+01
   7.1919320e+01  -5.1954162e+01
   7.1918973e+01  -5.1955488e+01
   7.1918627e+01  -5.1956813e+01
   7.1918283e+01  -5.1958140e+01
   7.1917941e+01  -5.1959467e+01
   7.1917600e+01  -5.1960795e+01
   7.1917261e+01  -5.1962123e+01
   7.1916922e+01  -5.1963451e+01
   7.1916584e+01  -5.1964780e+01
   7.1916246e+01  -5.1966109e+01
   7.1915910e+01  -5.1967438e+01
   7.1915574e+01  -5.1968767e+01
   7.1915239e+01  -5.1970097e+01
   7.1914905e+01  -5.1971427e+01
   7.1914572e+01  -5.1972757e+01
   7.1914240e+01  -5.1974087e+01
   7.1913909e+01  -5.1975418e+01
   7.1913578e+01  -5.1976750e+01
   7.1913249e+01  -5.1978081e+01
   7.1912921e+01  -5.1979414e+01
   7.1912595e+01  -5.1980746e+01
   7.1912269e+01  -5.1982079e+01
   7.1911944e+01  -5.1983412e+01
   7.1911619e+01  -5.1984745e+01
   7.1911295e+01  -5.1986078e+01
   7.1910972e+01  -5.1987412e+01
   7.1910649e+01  -5.1988746e+01
   7.1910327e+01  -5.1990080e+01
   7.1910006e+01  -5.1991414e+01
   7.1909686e+01  -5.1992749e+01
   7.1909366e+01  -5.1994084e+01
   7.1909047e+01  -5.1995419e+01
   7.1908728e+01  -5.1996754e+01
   7.1908410e+01  -5.1998089e+01
   7.1908092e+01  -5.1999424e+01
   7.1907774e+01  -5.2000760e+01
   7.1907457e+01  -5.2002096e+01
   7.1907141e+01  -5.2003431e+01
   7.1906825e+01  -5.2004767e+01
   7.1906509e+01  -5.2006103e+01
   7.1906194e+01  -5.2007439e+01
   7.1905877e+01  -5.2008775e+01
   7.1905559e+01  -5.2010110e+01
   7.1905239e+01  -5.2011444e+01
   7.1904918e+01  -5.2012778e+01
   7.1904596e+01  -5.2014111e+01
   7.1904272e+01  -5.2015444e+01
   7.1903947e+01  -5.2016775e+01
   7.1903620e+01  -5.2018107e+01
   7.1903292e+01  -5.2019437e+01
   7.1902962e+01  -5.2020767e+01
   7.1902629e+01  -5.2022096e+01
   7.1902294e+01  -5.2023424e+01
   7.1901957e+01  -5.2024750e+01
   7.1901617e+01  -5.2026076e+01
   7.1901274e+01  -5.2027401e+01
   7.1900929e+01  -5.2028725e+01
   7.1900583e+01  -5.2030047e+01
   7.1900234e+01  -5.2031369e+01
   7.1899882e+01  -5.2032690e+01
   7.1899529e+01  -5.2034010e+01
   7.1899173e+01  -5.2035329e+01
   7.1898814e+01  -5.2036647e+01
   7.1898453e+01  -5.2037964e+01
   7.1898090e+01  -5.2039280e+01
   7.1897724e+01  -5.2040595e+01
   7.1897355e+01  -5.2041909e+01
   7.1896984e+01  -5.2043222e+01
   7.1896611e+01  -5.2044534e+01
   7.1896235e+01  -5.2045844e+01
   7.1895856e+01  -5.2047154e+01
   7.1895473e+01  -5.2048462e+01
   7.1895087e+01  -5.2049768e+01
   7.1894698e+01  -5.2051073e+01
   7.1894304e+01  -5.2052377e+01
   7.1893907e+01  -5.2053679e+01
   7.1893506e+01  -5.2054979e+01
   7.1893102e+01  -5.2056278e+01
   7.1892693e+01  -5.2057575e+01
   7.1892280e+01  -5.2058871e+01
   7.1891864e+01  -5.2060165e+01
   7.1891445e+01  -5.2061458e+01
   7.1891023e+01  -5.2062750e+01
   7.1890599e+01  -5.2064040e+01
   7.1890171e+01  -5.2065329e+01
   7.1889739e+01  -5.2066617e+01
   7.1889305e+01  -5.2067904e+01
   7.1888866e+01  -5.2069188e+01
   7.1888424e+01  -5.2070472e+01
   7.1887978e+01  -5.2071753e+01
   7.1887529e+01  -5.2073034e+01
   7.1887076e+01  -5.2074312e+01
   7.1886620e+01  -5.2075590e+01
   7.1886162e+01  -5.2076867e+01
   7.1885700e+01  -5.2078142e+01
   7.1885238e+01  -5.2079417e+01
   7.1884774e+01  -5.2080691e+01
   7.1884309e+01  -5.2081964e+01
   7.1883843e+01  -5.2083238e+01
   7.1883376e+01  -5.2084510e+01
   7.1882908e+01  -5.2085783e+01
   7.1882441e+01  -5.2087055e+01
   7.1881975e+01  -5.2088328e+01
   7.1881511e+01  -5.2089601e+01
   7.1881048e+01  -5.2090875e+01
   7.1880586e+01  -5.2092150e+01
   7.1880128e+01  -5.2093426e+01
   7.1879673e+01  -5.2094703e+01
   7.1879220e+01  -5.2095980e+01
   7.1878771e+01  -5.2097259e+01
   7.1878324e+01  -5.2098540e+01
   7.1877880e+01  -5.2099821e+01
   7.1877437e+01  -5.2101102e+01
   7.1876997e+01  -5.2102385e+01
   7.1876559e+01  -5.2103668e+01
   7.1876123e+01  -5.2104952e+01
   7.1875690e+01  -5.2106237e+01
   7.1875259e+01  -5.2107523e+01
   7.1874831e+01  -5.2108811e+01
   7.1874406e+01  -5.2110099e+01
   7.1873983e+01  -5.2111388e+01
   7.1873565e+01  -5.2112679e+01
   7.1873149e+01  -5.2113971e+01
   7.1872737e+01  -5.2115264e+01
   7.1872329e+01  -5.2116559e+01
   7.1871924e+01  -5.2117855e+01
   7.1871523e+01  -5.2119152e+01
   7.1871125e+01  -5.2120451e+01
   7.1870731e+01  -5.2121751e+01
   7.1870340e+01  -5.2123052e+01
   7.1869954e+01  -5.2124355e+01
   7.1869572e+01  -5.2125660e+01
   7.1869195e+01  -5.2126967e+01
   7.1868824e+01  -5.2128277e+01
   7.1868459e+01  -5.2129588e+01
   7.1868100e+01  -5.2130902e+01
   7.1867746e+01  -5.2132218e+01
   7.1867399e+01  -5.2133536e+01
   7.1867059e+01  -5.2134857e+01
   7.1866724e+01  -5.2136181e+01
   7.1866397e+01  -5.2137508e+01
   7.1866076e+01  -5.2138837e+01
   7.1865762e+01  -5.2140168e+01
   7.1865454e+01  -5.2141502e+01
   7.1865153e+01  -5.2142839e+01
   7.1864858e+01  -5.2144178e+01
   7.1864569e+01  -5.2145520e+01
   7.1864285e+01  -5.2146863e+01
   7.1864007e+01  -5.2148209e+01
   7.1863735e+01  -5.2149557e+01
   7.1863467e+01  -5.2150907e+01
   7.1863203e+01  -5.2152259e+01
   7.1862942e+01  -5.2153611e+01
   7.1862685e+01  -5.2154965e+01
   7.1862430e+01  -5.2156320e+01
   7.1862179e+01  -5.2157677e+01
   7.1861931e+01  -5.2159035e+01
   7.1861686e+01  -5.2160393e+01
   7.1861444e+01  -5.2161754e+01
   7.1861206e+01  -5.2163115e+01
   7.1860970e+01  -5.2164477e+01
   7.1860736e+01  -5.2165841e+01
   7.1860505e+01  -5.2167205e+01
   7.1860277e+01  -5.2168570e+01
   7.1860050e+01  -5.2169936e+01
   7.1859826e+01  -5.2171303e+01
   7.1859604e+01  -5.2172671e+01
   7.1859384e+01  -5.2174040e+01
   7.1859166e+01  -5.2175409e+01
   7.1858950e+01  -5.2176779e+01
   7.1858735e+01  -5.2178150e+01
   7.1858523e+01  -5.2179522e+01
   7.1858313e+01  -5.2180894e+01
   7.1858105e+01  -5.2182268e+01
   7.1857899e+01  -5.2183642e+01
   7.1857695e+01  -5.2185017e+01
   7.1857493e+01  -5.2186392e+01
   7.1857293e+01  -5.2187769e+01
   7.1857095e+01  -5.2189146e+01
   7.1856899e+01  -5.2190524e+01
   7.1856705e+01  -5.2191903e+01
   7.1856513e+01  -5.2193282e+01
   7.1856321e+01  -5.2194662e+01
   7.1856132e+01  -5.2196043e+01
   7.1855943e+01  -5.2197424e+01
   7.1855755e+01  -5.2198805e+01
   7.1855569e+01  -5.2200187e+01
   7.1855384e+01  -5.2201569e+01
   7.1855201e+01  -5.2202952e+01
   7.1855018e+01  -5.2204335e+01
   7.1854836e+01  -5.2205719e+01
   7.1854656e+01  -5.2207103e+01
   7.1854476e+01  -5.2208487e+01
   7.1854297e+01  -5.2209871e+01
   7.1854119e+01  -5.2211256e+01
   7.1853942e+01  -5.2212642e+01
   7.1853766e+01  -5.2214027e+01
   7.1853590e+01  -5.2215413e+01
   7.1853415e+01  -5.2216799e+01
   7.1853241e+01  -5.2218186e+01
   7.1853068e+01  -5.2219573e+01
   7.1852896e+01  -5.2220960e+01
   7.1852725e+01  -5.2222347e+01
   7.1852554e+01  -5.2223735e+01
   7.1852385e+01  -5.2225123e+01
   7.1852216e+01  -5.2226511e+01
   7.1852047e+01  -5.2227900e+01
   7.1851879e+01  -5.2229289e+01
   7.1851712e+01  -5.2230677e+01
   7.1851545e+01  -5.2232067e+01
   7.1851378e+01  -5.2233456e+01
   7.1851213e+01  -5.2234845e+01
   7.1851047e+01  -5.2236235e+01
   7.1850882e+01  -5.2237625e+01
   7.1850718e+01  -5.2239015e+01
   7.1850554e+01  -5.2240405e+01
   7.1850391e+01  -5.2241796e+01
   7.1850229e+01  -5.2243186e+01
   7.1850066e+01  -5.2244577e+01
   7.1849905e+01  -5.2245968e+01
   7.1849744e+01  -5.2247360e+01
   7.1849583e+01  -5.2248751e+01
   7.1849422e+01  -5.2250142e+01
   7.1849262e+01  -5.2251534e+01
   7.1849101e+01  -5.2252925e+01
   7.1848941e+01  -5.2254317e+01
   7.1848781e+01  -5.2255708e+01
   7.1848620e+01  -5.2257100e+01
   7.1848460e+01  -5.2258491e+01
   7.1848300e+01  -5.2259883e+01
   7.1848141e+01  -5.2261274e+01
   7.1847979e+01  -5.2262665e+01
   7.1847816e+01  -5.2264055e+01
   7.1847652e+01  -5.2265445e+01
   7.1847486e+01  -5.2266834e+01
   7.1847318e+01  -5.2268222e+01
   7.1847148e+01  -5.2269609e+01
   7.1846977e+01  -5.2270996e+01
   7.1846803e+01  -5.2272382e+01
   7.1846628e+01  -5.2273767e+01
   7.1846451e+01  -5.2275151e+01
   7.1846271e+01  -5.2276534e+01
   7.1846086e+01  -5.2277915e+01
   7.1845897e+01  -5.2279294e+01
   7.1845703e+01  -5.2280672e+01
   7.1845506e+01  -5.2282048e+01
   7.1845304e+01  -5.2283422e+01
   7.1845098e+01  -5.2284794e+01
   7.1844887e+01  -5.2286164e+01
   7.1844672e+01  -5.2287533e+01
   7.1844452e+01  -5.2288899e+01
   7.1844225e+01  -5.2290263e+01
   7.1843991e+01  -5.2291623e+01
   7.1843750e+01  -5.2292981e+01
   7.1843501e+01  -5.2294336e+01
   7.1843246e+01  -5.2295687e+01
   7.1842983e+01  -5.2297036e+01
   7.1842713e+01  -5.2298382e+01
   7.1842436e+01  -5.2299725e+01
   7.1842152e+01  -5.2301064e+01
   7.1841861e+01  -5.2302401e+01
   7.1841563e+01  -5.2303735e+01
   7.1841260e+01  -5.2305067e+01
   7.1840951e+01  -5.2306397e+01
   7.1840637e+01  -5.2307724e+01
   7.1840317e+01  -5.2309049e+01
   7.1839992e+01  -5.2310371e+01
   7.1839661e+01  -5.2311692e+01
   7.1839326e+01  -5.2313010e+01
   7.1838985e+01  -5.2314326e+01
   7.1838640e+01  -5.2315640e+01
   7.1838292e+01  -5.2316953e+01
   7.1837940e+01  -5.2318265e+01
   7.1837586e+01  -5.2319575e+01
   7.1837228e+01  -5.2320884e+01
   7.1836867e+01  -5.2322191e+01
   7.1836502e+01  -5.2323497e+01
   7.1836133e+01  -5.2324801e+01
   7.1835760e+01  -5.2326104e+01
   7.1835383e+01  -5.2327404e+01
   7.1835002e+01  -5.2328703e+01
   7.1834612e+01  -5.2329999e+01
   7.1834214e+01  -5.2331290e+01
   7.1833806e+01  -5.2332578e+01
   7.1833388e+01  -5.2333862e+01
   7.1832961e+01  -5.2335141e+01
   7.1832523e+01  -5.2336416e+01
   7.1832074e+01  -5.2337687e+01
   7.1831614e+01  -5.2338953e+01
   7.1831141e+01  -5.2340213e+01
   7.1830657e+01  -5.2341469e+01
   7.1830158e+01  -5.2342719e+01
   7.1829655e+01  -5.2343934e+01
   7.1829154e+01  -5.2345094e+01
   7.1828655e+01  -5.2346200e+01
   7.1828158e+01  -5.2347256e+01
   7.1827663e+01  -5.2348265e+01
   7.1827170e+01  -5.2349227e+01
   7.1826679e+01  -5.2350147e+01
   7.1826190e+01  -5.2351025e+01
   7.1825702e+01  -5.2351863e+01
   7.1825215e+01  -5.2352663e+01
   7.1824730e+01  -5.2353424e+01
   7.1824247e+01  -5.2354140e+01
   7.1823766e+01  -5.2354813e+01
   7.1823286e+01  -5.2355444e+01
   7.1822808e+01  -5.2356037e+01
   7.1822331e+01  -5.2356593e+01
   7.1821856e+01  -5.2357113e+01
   7.1821382e+01  -5.2357600e+01
   7.1820910e+01  -5.2358054e+01
   7.1820439e+01  -5.2358477e+01
   7.1819968e+01  -5.2358871e+01
   7.1819499e+01  -5.2359240e+01
   7.1819031e+01  -5.2359584e+01
   7.1818564e+01  -5.2359904e+01
   7.1818098e+01  -5.2360201e+01
   7.1817633e+01  -5.2360476e+01
   7.1817168e+01  -5.2360729e+01
   7.1816705e+01  -5.2360962e+01
   7.1816242e+01  -5.2361174e+01
   7.1815780e+01  -5.2361367e+01
   7.1815318e+01  -5.2361542e+01
   7.1814858e+01  -5.2361706e+01
   7.1814397e+01  -5.2361858e+01
   7.1813937e+01  -5.2361998e+01
   7.1813478e+01  -5.2362128e+01
   7.1813019e+01  -5.2362247e+01
   7.1812560e+01  -5.2362357e+01
   7.1812102e+01  -5.2362458e+01
   7.1811644e+01  -5.2362551e+01
   7.1811186e+01  -5.2362634e+01
   7.1810729e+01  -5.2362712e+01
   7.1810272e+01  -5.2362787e+01
   7.1809814e+01  -5.2362861e+01
   7.1809357e+01  -5.2362933e+01
   7.1808900e+01  -5.2363004e+01
   7.1808443e+01  -5.2363072e+01
   7.1807986e+01  -5.2363140e+01
   7.1807529e+01  -5.2363205e+01
   7.1807073e+01  -5.2363269e+01
   7.1806616e+01  -5.2363332e+01
   7.1806159e+01  -5.2363395e+01
   7.1805702e+01  -5.2363465e+01
   7.1805245e+01  -5.2363541e+01
   7.1804787e+01  -5.2363623e+01
   7.1804330e+01  -5.2363711e+01
   7.1803871e+01  -5.2363805e+01
   7.1803413e+01  -5.2363904e+01
   7.1802955e+01  -5.2364010e+01
   7.1802496e+01  -5.2364121e+01
   7.1802037e+01  -5.2364237e+01
   7.1801578e+01  -5.2364360e+01
   7.1801118e+01  -5.2364494e+01
   7.1800658e+01  -5.2364639e+01
   7.1800198e+01  -5.2364795e+01
   7.1799737e+01  -5.2364961e+01
   7.1799275e+01  -5.2365138e+01
   7.1798814e+01  -5.2365326e+01
   7.1798351e+01  -5.2365525e+01
   7.1797889e+01  -5.2365736e+01
   7.1797426e+01  -5.2365957e+01
   7.1796962e+01  -5.2366189e+01
   7.1796498e+01  -5.2366429e+01
   7.1796034e+01  -5.2366677e+01
   7.1795569e+01  -5.2366934e+01
   7.1795104e+01  -5.2367199e+01
   7.1794639e+01  -5.2367472e+01
   7.1794173e+01  -5.2367754e+01
   7.1793707e+01  -5.2368044e+01
   7.1793241e+01  -5.2368343e+01
   7.1792775e+01  -5.2368651e+01
   7.1792308e+01  -5.2368967e+01
   7.1791840e+01  -5.2369292e+01
   7.1791373e+01  -5.2369625e+01
   7.1790905e+01  -5.2369967e+01
   7.1790436e+01  -5.2370316e+01
   7.1789968e+01  -5.2370674e+01
   7.1789499e+01  -5.2371039e+01
   7.1789029e+01  -5.2371413e+01
   7.1788560e+01  -5.2371796e+01
   7.1788089e+01  -5.2372186e+01
   7.1787619e+01  -5.2372583e+01
   7.1787149e+01  -5.2372984e+01
   7.1786678e+01  -5.2373388e+01
   7.1786208e+01  -5.2373796e+01
   7.1785737e+01  -5.2374206e+01
   7.1785266e+01  -5.2374619e+01
   7.1784795e+01  -5.2375035e+01
   7.1784324e+01  -5.2375453e+01
   7.1783852e+01  -5.2375875e+01
   7.1783381e+01  -5.2376298e+01
   7.1782910e+01  -5.2376723e+01
   7.1782438e+01  -5.2377148e+01
   7.1781967e+01  -5.2377573e+01
   7.1781495e+01  -5.2377999e+01
   7.1781024e+01  -5.2378425e+01
   7.1780552e+01  -5.2378853e+01
   7.1780081e+01  -5.2379282e+01
   7.1779609e+01  -5.2379712e+01
   7.1779137e+01  -5.2380144e+01
   7.1778666e+01  -5.2380575e+01
   7.1778194e+01  -5.2381005e+01
   7.1777723e+01  -5.2381429e+01
   7.1777251e+01  -5.2381848e+01
   7.1776781e+01  -5.2382260e+01
   7.1776310e+01  -5.2382666e+01
   7.1775839e+01  -5.2383066e+01
   7.1775369e+01  -5.2383458e+01
   7.1774900e+01  -5.2383844e+01
   7.1774430e+01  -5.2384223e+01
   7.1773961e+01  -5.2384594e+01
   7.1773492e+01  -5.2384958e+01
   7.1773023e+01  -5.2385315e+01
   7.1772555e+01  -5.2385665e+01
   7.1772087e+01  -5.2386008e+01
   7.1771619e+01  -5.2386344e+01
   7.1771151e+01  -5.2386674e+01
   7.1770684e+01  -5.2386996e+01
   7.1770217e+01  -5.2387312e+01
   7.1769750e+01  -5.2387621e+01
   7.1769284e+01  -5.2387924e+01
   7.1768817e+01  -5.2388218e+01
   7.1768352e+01  -5.2388504e+01
   7.1767886e+01  -5.2388781e+01
   7.1767421e+01  -5.2389049e+01
   7.1766956e+01  -5.2389308e+01
   7.1766492e+01  -5.2389558e+01
   7.1766028e+01  -5.2389800e+01
   7.1765564e+01  -5.2390032e+01
   7.1765101e+01  -5.2390256e+01
   7.1764638e+01  -5.2390472e+01
   7.1764176e+01  -5.2390679e+01
   7.1763713e+01  -5.2390881e+01
   7.1763251e+01  -5.2391078e+01
   7.1762789e+01  -5.2391270e+01
   7.1762327e+01  -5.2391456e+01
   7.1761866e+01  -5.2391637e+01
   7.1761404e+01  -5.2391813e+01
   7.1760943e+01  -5.2391983e+01
   7.1760482e+01  -5.2392149e+01
   7.1760022e+01  -5.2392310e+01
   7.1759561e+01  -5.2392466e+01
   7.1759101e+01  -5.2392620e+01
   7.1758640e+01  -5.2392770e+01
   7.1758180e+01  -5.2392918e+01
   7.1757720e+01  -5.2393063e+01
   7.1757260e+01  -5.2393205e+01
   7.1756800e+01  -5.2393344e+01
   7.1756340e+01  -5.2393480e+01
   7.1755881e+01  -5.2393613e+01
   7.1755421e+01  -5.2393744e+01
   7.1754962e+01  -5.2393871e+01
   7.1754503e+01  -5.2393994e+01
   7.1754044e+01  -5.2394114e+01
   7.1753585e+01  -5.2394229e+01
   7.1753126e+01  -5.2394340e+01
   7.1752668e+01  -5.2394448e+01
   7.1752209e+01  -5.2394551e+01
   7.1751751e+01  -5.2394650e+01
   7.1751293e+01  -5.2394744e+01
   7.1750835e+01  -5.2394835e+01
   7.1750377e+01  -5.2394923e+01
   7.1749920e+01  -5.2395009e+01
   7.1749462e+01  -5.2395093e+01
   7.1749004e+01  -5.2395176e+01
   7.1748547e+01  -5.2395257e+01
   7.1748090e+01  -5.2395338e+01
   7.1747632e+01  -5.2395417e+01
   7.1747175e+01  -5.2395495e+01
   7.1746717e+01  -5.2395572e+01
   7.1746260e+01  -5.2395648e+01
   7.1745803e+01  -5.2395727e+01
   7.1745345e+01  -5.2395816e+01
   7.1744887e+01  -5.2395914e+01
   7.1744428e+01  -5.2396022e+01
   7.1743969e+01  -5.2396138e+01
   7.1743510e+01  -5.2396263e+01
   7.1743051e+01  -5.2396395e+01
   7.1742591e+01  -5.2396536e+01
   7.1742130e+01  -5.2396684e+01
   7.1741670e+01  -5.2396838e+01
   7.1741209e+01  -5.2397003e+01
   7.1740748e+01  -5.2397183e+01
   7.1740285e+01  -5.2397379e+01
   7.1739823e+01  -5.2397589e+01
   7.1739359e+01  -5.2397812e+01
   7.1738896e+01  -5.2398049e+01
   7.1738431e+01  -5.2398298e+01
   7.1737967e+01  -5.2398559e+01
   7.1737501e+01  -5.2398831e+01
   7.1737036e+01  -5.2399112e+01
   7.1736570e+01  -5.2399405e+01
   7.1736103e+01  -5.2399713e+01
   7.1735636e+01  -5.2400034e+01
   7.1735168e+01  -5.2400367e+01
   7.1734700e+01  -5.2400712e+01
   7.1734231e+01  -5.2401068e+01
   7.1733762e+01  -5.2401434e+01
   7.1733292e+01  -5.2401809e+01
   7.1732822e+01  -5.2402197e+01
   7.1732352e+01  -5.2402598e+01
   7.1731881e+01  -5.2403018e+01
   7.1731408e+01  -5.2403464e+01
   7.1730935e+01  -5.2403934e+01
   7.1730461e+01  -5.2404426e+01
   7.1729986e+01  -5.2404935e+01
   7.1729510e+01  -5.2405458e+01
   7.1729034e+01  -5.2405992e+01
   7.1728558e+01  -5.2406534e+01
   7.1728082e+01  -5.2407081e+01
