   7.2817915e+01  -5.3542855e+01
   7.2817964e+01  -5.3544425e+01
   7.2818014e+01  -5.3545995e+01
   7.2818065e+01  -5.3547566e+01
   7.2818117e+01  -5.3549138e+01
   7.2818170e+01  -5.3550710e+01
   7.2818224e+01  -5.3552283e+01
   7.2818280e+01  -5.3553857e+01
   7.2818337e+01  -5.3555431e+01
   7.2818394e+01  -5.3557006e+01
   7.2818453e+01  -5.3558581e+01
   7.2818513e+01  -5.3560157e+01
   7.2818572e+01  -5.3561732e+01
   7.2818631e+01  -5.3563307e+01
   7.2818689e+01  -5.3564882e+01
   7.2818746e+01  -5.3566457e+01
   7.2818803e+01  -5.3568031e+01
   7.2818859e+01  -5.3569605e+01
   7.2818915e+01  -5.3571179e+01
   7.2818969e+01  -5.3572752e+01
   7.2819023e+01  -5.3574325e+01
   7.2819076e+01  -5.3575897e+01
   7.2819127e+01  -5.3577469e+01
   7.2819176e+01  -5.3579039e+01
   7.2819222e+01  -5.3580609e+01
   7.2819267e+01  -5.3582177e+01
   7.2819310e+01  -5.3583744e+01
   7.2819350e+01  -5.3585310e+01
   7.2819389e+01  -5.3586875e+01
   7.2819425e+01  -5.3588440e+01
   7.2819460e+01  -5.3590003e+01
   7.2819493e+01  -5.3591565e+01
   7.2819521e+01  -5.3593125e+01
   7.2819545e+01  -5.3594683e+01
   7.2819565e+01  -5.3596239e+01
   7.2819581e+01  -5.3597793e+01
   7.2819593e+01  -5.3599344e+01
   7.2819601e+01  -5.3600894e+01
   7.2819605e+01  -5.3602442e+01
   7.2819606e+01  -5.3603988e+01
   7.2819603e+01  -5.3605531e+01
   7.2819596e+01  -5.3607073e+01
   7.2819585e+01  -5.3608613e+01
   7.2819570e+01  -5.3610152e+01
   7.2819552e+01  -5.3611688e+01
   7.2819530e+01  -5.3613222e+01
   7.2819504e+01  -5.3614755e+01
   7.2819475e+01  -5.3616285e+01
   7.2819442e+01  -5.3617814e+01
   7.2819406e+01  -5.3619341e+01
   7.2819366e+01  -5.3620866e+01
   7.2819323e+01  -5.3622390e+01
   7.2819277e+01  -5.3623912e+01
   7.2819230e+01  -5.3625433e+01
   7.2819180e+01  -5.3626954e+01
   7.2819129e+01  -5.3628473e+01
   7.2819075e+01  -5.3629991e+01
   7.2819019e+01  -5.3631508e+01
   7.2818962e+01  -5.3633024e+01
   7.2818902e+01  -5.3634539e+01
   7.2818840e+01  -5.3636053e+01
   7.2818777e+01  -5.3637566e+01
   7.2818713e+01  -5.3639079e+01
   7.2818649e+01  -5.3640592e+01
   7.2818584e+01  -5.3642104e+01
   7.2818519e+01  -5.3643616e+01
   7.2818454e+01  -5.3645128e+01
   7.2818388e+01  -5.3646640e+01
   7.2818322e+01  -5.3648152e+01
   7.2818255e+01  -5.3649663e+01
   7.2818189e+01  -5.3651174e+01
   7.2818121e+01  -5.3652685e+01
   7.2818055e+01  -5.3654197e+01
   7.2817989e+01  -5.3655709e+01
   7.2817925e+01  -5.3657221e+01
   7.2817861e+01  -5.3658734e+01
   7.2817798e+01  -5.3660247e+01
   7.2817736e+01  -5.3661761e+01
   7.2817675e+01  -5.3663275e+01
   7.2817614e+01  -5.3664789e+01
   7.2817554e+01  -5.3666304e+01
   7.2817496e+01  -5.3667820e+01
   7.2817440e+01  -5.3669336e+01
   7.2817387e+01  -5.3670855e+01
   7.2817336e+01  -5.3672375e+01
   7.2817289e+01  -5.3673896e+01
   7.2817244e+01  -5.3675418e+01
   7.2817203e+01  -5.3676942e+01
   7.2817163e+01  -5.3678468e+01
   7.2817127e+01  -5.3679995e+01
   7.2817093e+01  -5.3681523e+01
   7.2817062e+01  -5.3683053e+01
   7.2817036e+01  -5.3684585e+01
   7.2817016e+01  -5.3686120e+01
   7.2817001e+01  -5.3687658e+01
   7.2816991e+01  -5.3689198e+01
   7.2816986e+01  -5.3690742e+01
   7.2816986e+01  -5.3692287e+01
   7.2816990e+01  -5.3693836e+01
   7.2817000e+01  -5.3695386e+01
   7.2817014e+01  -5.3696939e+01
   7.2817032e+01  -5.3698494e+01
   7.2817053e+01  -5.3700051e+01
   7.2817077e+01  -5.3701609e+01
   7.2817104e+01  -5.3703169e+01
   7.2817134e+01  -5.3704730e+01
   7.2817166e+01  -5.3706293e+01
   7.2817201e+01  -5.3707857e+01
   7.2817239e+01  -5.3709422e+01
   7.2817280e+01  -5.3710989e+01
   7.2817323e+01  -5.3712557e+01
   7.2817368e+01  -5.3714127e+01
   7.2817415e+01  -5.3715697e+01
   7.2817462e+01  -5.3717267e+01
   7.2817511e+01  -5.3718838e+01
   7.2817560e+01  -5.3720409e+01
   7.2817611e+01  -5.3721981e+01
   7.2817662e+01  -5.3723554e+01
   7.2817714e+01  -5.3725127e+01
   7.2817768e+01  -5.3726701e+01
   7.2817823e+01  -5.3728275e+01
   7.2817879e+01  -5.3729851e+01
   7.2817935e+01  -5.3731426e+01
   7.2817992e+01  -5.3733001e+01
   7.2818049e+01  -5.3734577e+01
   7.2818106e+01  -5.3736152e+01
   7.2818164e+01  -5.3737729e+01
   7.2818223e+01  -5.3739305e+01
   7.2818282e+01  -5.3740882e+01
   7.2818342e+01  -5.3742459e+01
   7.2818402e+01  -5.3744037e+01
   7.2818463e+01  -5.3745615e+01
   7.2818525e+01  -5.3747193e+01
   7.2818586e+01  -5.3748771e+01
   7.2818647e+01  -5.3750349e+01
   7.2818709e+01  -5.3751927e+01
   7.2818771e+01  -5.3753505e+01
   7.2818832e+01  -5.3755083e+01
   7.2818894e+01  -5.3756662e+01
   7.2818956e+01  -5.3758240e+01
   7.2819019e+01  -5.3759819e+01
   7.2819082e+01  -5.3761398e+01
   7.2819144e+01  -5.3762977e+01
   7.2819207e+01  -5.3764556e+01
   7.2819270e+01  -5.3766135e+01
   7.2819333e+01  -5.3767714e+01
   7.2819397e+01  -5.3769293e+01
   7.2819460e+01  -5.3770873e+01
   7.2819523e+01  -5.3772452e+01
   7.2819587e+01  -5.3774032e+01
   7.2819651e+01  -5.3775611e+01
   7.2819714e+01  -5.3777191e+01
   7.2819779e+01  -5.3778771e+01
   7.2819845e+01  -5.3780352e+01
   7.2819911e+01  -5.3781933e+01
   7.2819979e+01  -5.3783515e+01
   7.2820048e+01  -5.3785097e+01
   7.2820117e+01  -5.3786679e+01
   7.2820188e+01  -5.3788263e+01
   7.2820259e+01  -5.3789847e+01
   7.2820332e+01  -5.3791431e+01
   7.2820405e+01  -5.3793016e+01
   7.2820479e+01  -5.3794601e+01
   7.2820555e+01  -5.3796187e+01
   7.2820631e+01  -5.3797773e+01
   7.2820707e+01  -5.3799360e+01
   7.2820785e+01  -5.3800947e+01
   7.2820863e+01  -5.3802535e+01
   7.2820943e+01  -5.3804123e+01
   7.2821023e+01  -5.3805712e+01
   7.2821104e+01  -5.3807301e+01
   7.2821187e+01  -5.3808891e+01
   7.2821270e+01  -5.3810481e+01
   7.2821354e+01  -5.3812071e+01
   7.2821438e+01  -5.3813662e+01
   7.2821524e+01  -5.3815254e+01
   7.2821611e+01  -5.3816846e+01
   7.2821699e+01  -5.3818439e+01
   7.2821788e+01  -5.3820033e+01
   7.2821879e+01  -5.3821627e+01
   7.2821971e+01  -5.3823222e+01
   7.2822065e+01  -5.3824818e+01
   7.2822160e+01  -5.3826415e+01
   7.2822255e+01  -5.3828011e+01
   7.2822351e+01  -5.3829609e+01
   7.2822447e+01  -5.3831206e+01
   7.2822545e+01  -5.3832804e+01
   7.2822642e+01  -5.3834402e+01
   7.2822741e+01  -5.3836001e+01
   7.2822840e+01  -5.3837600e+01
   7.2822940e+01  -5.3839199e+01
   7.2823039e+01  -5.3840798e+01
   7.2823137e+01  -5.3842397e+01
   7.2823233e+01  -5.3843995e+01
   7.2823328e+01  -5.3845591e+01
   7.2823421e+01  -5.3847187e+01
   7.2823512e+01  -5.3848782e+01
   7.2823602e+01  -5.3850376e+01
   7.2823689e+01  -5.3851970e+01
   7.2823775e+01  -5.3853562e+01
   7.2823859e+01  -5.3855153e+01
   7.2823941e+01  -5.3856743e+01
   7.2824021e+01  -5.3858333e+01
   7.2824099e+01  -5.3859921e+01
   7.2824176e+01  -5.3861508e+01
   7.2824250e+01  -5.3863095e+01
   7.2824323e+01  -5.3864680e+01
   7.2824394e+01  -5.3866265e+01
   7.2824463e+01  -5.3867849e+01
   7.2824532e+01  -5.3869432e+01
   7.2824599e+01  -5.3871014e+01
   7.2824665e+01  -5.3872596e+01
   7.2824730e+01  -5.3874178e+01
   7.2824795e+01  -5.3875759e+01
   7.2824859e+01  -5.3877341e+01
   7.2824923e+01  -5.3878922e+01
   7.2824987e+01  -5.3880503e+01
   7.2825051e+01  -5.3882084e+01
   7.2825115e+01  -5.3883665e+01
   7.2825178e+01  -5.3885246e+01
   7.2825242e+01  -5.3886827e+01
   7.2825306e+01  -5.3888408e+01
   7.2825371e+01  -5.3889989e+01
   7.2825437e+01  -5.3891572e+01
   7.2825503e+01  -5.3893154e+01
   7.2825571e+01  -5.3894738e+01
   7.2825640e+01  -5.3896321e+01
   7.2825710e+01  -5.3897906e+01
   7.2825781e+01  -5.3899491e+01
   7.2825853e+01  -5.3901076e+01
   7.2825926e+01  -5.3902662e+01
   7.2825999e+01  -5.3904249e+01
   7.2826073e+01  -5.3905836e+01
   7.2826147e+01  -5.3907422e+01
   7.2826222e+01  -5.3909009e+01
   7.2826296e+01  -5.3910596e+01
   7.2826371e+01  -5.3912183e+01
   7.2826446e+01  -5.3913771e+01
   7.2826522e+01  -5.3915358e+01
   7.2826597e+01  -5.3916946e+01
   7.2826674e+01  -5.3918534e+01
   7.2826750e+01  -5.3920122e+01
   7.2826827e+01  -5.3921711e+01
   7.2826904e+01  -5.3923299e+01
   7.2826981e+01  -5.3924888e+01
   7.2827058e+01  -5.3926476e+01
   7.2827135e+01  -5.3928065e+01
   7.2827213e+01  -5.3929654e+01
   7.2827290e+01  -5.3931243e+01
   7.2827369e+01  -5.3932832e+01
   7.2827447e+01  -5.3934422e+01
   7.2827526e+01  -5.3936011e+01
   7.2827606e+01  -5.3937601e+01
   7.2827686e+01  -5.3939192e+01
   7.2827767e+01  -5.3940783e+01
   7.2827848e+01  -5.3942374e+01
   7.2827930e+01  -5.3943965e+01
   7.2828013e+01  -5.3945557e+01
   7.2828096e+01  -5.3947149e+01
   7.2828180e+01  -5.3948742e+01
   7.2828265e+01  -5.3950335e+01
   7.2828351e+01  -5.3951929e+01
   7.2828438e+01  -5.3953523e+01
   7.2828527e+01  -5.3955118e+01
   7.2828616e+01  -5.3956714e+01
   7.2828707e+01  -5.3958310e+01
   7.2828800e+01  -5.3959907e+01
   7.2828893e+01  -5.3961505e+01
   7.2828988e+01  -5.3963103e+01
   7.2829083e+01  -5.3964703e+01
   7.2829180e+01  -5.3966302e+01
   7.2829278e+01  -5.3967903e+01
   7.2829378e+01  -5.3969504e+01
   7.2829479e+01  -5.3971106e+01
   7.2829582e+01  -5.3972709e+01
   7.2829686e+01  -5.3974312e+01
   7.2829791e+01  -5.3975917e+01
   7.2829897e+01  -5.3977522e+01
   7.2830005e+01  -5.3979127e+01
   7.2830114e+01  -5.3980734e+01
   7.2830223e+01  -5.3982340e+01
   7.2830333e+01  -5.3983947e+01
   7.2830444e+01  -5.3985555e+01
   7.2830555e+01  -5.3987163e+01
   7.2830667e+01  -5.3988771e+01
   7.2830780e+01  -5.3990380e+01
   7.2830894e+01  -5.3991989e+01
   7.2831008e+01  -5.3993598e+01
   7.2831124e+01  -5.3995209e+01
   7.2831241e+01  -5.3996819e+01
   7.2831358e+01  -5.3998431e+01
   7.2831477e+01  -5.4000043e+01
   7.2831598e+01  -5.4001656e+01
   7.2831721e+01  -5.4003271e+01
   7.2831847e+01  -5.4004886e+01
   7.2831975e+01  -5.4006504e+01
   7.2832106e+01  -5.4008122e+01
   7.2832240e+01  -5.4009743e+01
   7.2832377e+01  -5.4011364e+01
   7.2832516e+01  -5.4012988e+01
   7.2832658e+01  -5.4014613e+01
   7.2832804e+01  -5.4016239e+01
   7.2832953e+01  -5.4017868e+01
   7.2833107e+01  -5.4019499e+01
   7.2833266e+01  -5.4021133e+01
   7.2833430e+01  -5.4022770e+01
   7.2833598e+01  -5.4024409e+01
   7.2833772e+01  -5.4026051e+01
   7.2833950e+01  -5.4027696e+01
   7.2834133e+01  -5.4029343e+01
   7.2834322e+01  -5.4030993e+01
   7.2834515e+01  -5.4032646e+01
   7.2834710e+01  -5.4034300e+01
   7.2834907e+01  -5.4035954e+01
   7.2835105e+01  -5.4037610e+01
   7.2835304e+01  -5.4039266e+01
   7.2835504e+01  -5.4040923e+01
   7.2835704e+01  -5.4042580e+01
   7.2835905e+01  -5.4044237e+01
   7.2836106e+01  -5.4045894e+01
   7.2836306e+01  -5.4047551e+01
   7.2836506e+01  -5.4049208e+01
   7.2836704e+01  -5.4050863e+01
   7.2836897e+01  -5.4052517e+01
   7.2837087e+01  -5.4054168e+01
   7.2837274e+01  -5.4055818e+01
   7.2837456e+01  -5.4057466e+01
   7.2837634e+01  -5.4059111e+01
   7.2837808e+01  -5.4060754e+01
   7.2837978e+01  -5.4062395e+01
   7.2838143e+01  -5.4064034e+01
   7.2838305e+01  -5.4065670e+01
   7.2838460e+01  -5.4067303e+01
   7.2838609e+01  -5.4068933e+01
   7.2838752e+01  -5.4070560e+01
   7.2838889e+01  -5.4072183e+01
   7.2839019e+01  -5.4073803e+01
   7.2839144e+01  -5.4075420e+01
   7.2839262e+01  -5.4077033e+01
   7.2839375e+01  -5.4078643e+01
   7.2839481e+01  -5.4080251e+01
   7.2839583e+01  -5.4081855e+01
   7.2839680e+01  -5.4083457e+01
   7.2839772e+01  -5.4085056e+01
   7.2839859e+01  -5.4086653e+01
   7.2839942e+01  -5.4088247e+01
   7.2840021e+01  -5.4089840e+01
   7.2840096e+01  -5.4091430e+01
   7.2840167e+01  -5.4093018e+01
   7.2840234e+01  -5.4094603e+01
   7.2840297e+01  -5.4096187e+01
   7.2840356e+01  -5.4097769e+01
   7.2840415e+01  -5.4099350e+01
   7.2840472e+01  -5.4100931e+01
   7.2840529e+01  -5.4102511e+01
   7.2840584e+01  -5.4104091e+01
   7.2840639e+01  -5.4105670e+01
   7.2840693e+01  -5.4107249e+01
   7.2840746e+01  -5.4108828e+01
   7.2840799e+01  -5.4110406e+01
   7.2840851e+01  -5.4111984e+01
   7.2840902e+01  -5.4113562e+01
   7.2840954e+01  -5.4115140e+01
   7.2841007e+01  -5.4116718e+01
   7.2841061e+01  -5.4118297e+01
   7.2841117e+01  -5.4119877e+01
   7.2841173e+01  -5.4121457e+01
   7.2841230e+01  -5.4123038e+01
   7.2841288e+01  -5.4124620e+01
   7.2841347e+01  -5.4126202e+01
   7.2841407e+01  -5.4127784e+01
   7.2841469e+01  -5.4129367e+01
   7.2841531e+01  -5.4130951e+01
   7.2841596e+01  -5.4132536e+01
   7.2841662e+01  -5.4134122e+01
   7.2841729e+01  -5.4135708e+01
   7.2841798e+01  -5.4137296e+01
   7.2841869e+01  -5.4138884e+01
   7.2841941e+01  -5.4140474e+01
   7.2842015e+01  -5.4142064e+01
   7.2842090e+01  -5.4143655e+01
   7.2842167e+01  -5.4145246e+01
   7.2842246e+01  -5.4146839e+01
   7.2842327e+01  -5.4148434e+01
   7.2842410e+01  -5.4150029e+01
   7.2842495e+01  -5.4151626e+01
   7.2842582e+01  -5.4153223e+01
   7.2842672e+01  -5.4154822e+01
   7.2842763e+01  -5.4156422e+01
   7.2842855e+01  -5.4158022e+01
   7.2842950e+01  -5.4159624e+01
   7.2843046e+01  -5.4161227e+01
   7.2843144e+01  -5.4162830e+01
   7.2843242e+01  -5.4164434e+01
   7.2843341e+01  -5.4166038e+01
   7.2843441e+01  -5.4167643e+01
   7.2843541e+01  -5.4169248e+01
   7.2843642e+01  -5.4170853e+01
   7.2843743e+01  -5.4172459e+01
   7.2843845e+01  -5.4174065e+01
   7.2843947e+01  -5.4175671e+01
   7.2844049e+01  -5.4177277e+01
   7.2844150e+01  -5.4178883e+01
   7.2844250e+01  -5.4180488e+01
   7.2844349e+01  -5.4182092e+01
   7.2844446e+01  -5.4183695e+01
   7.2844542e+01  -5.4185298e+01
   7.2844637e+01  -5.4186901e+01
   7.2844730e+01  -5.4188502e+01
   7.2844822e+01  -5.4190103e+01
   7.2844912e+01  -5.4191703e+01
   7.2845002e+01  -5.4193302e+01
   7.2845089e+01  -5.4194900e+01
   7.2845174e+01  -5.4196497e+01
   7.2845257e+01  -5.4198093e+01
   7.2845338e+01  -5.4199688e+01
   7.2845417e+01  -5.4201282e+01
   7.2845493e+01  -5.4202875e+01
   7.2845568e+01  -5.4204466e+01
   7.2845640e+01  -5.4206056e+01
   7.2845711e+01  -5.4207646e+01
   7.2845779e+01  -5.4209234e+01
   7.2845845e+01  -5.4210820e+01
   7.2845909e+01  -5.4212406e+01
   7.2845971e+01  -5.4213991e+01
   7.2846031e+01  -5.4215575e+01
   7.2846090e+01  -5.4217157e+01
   7.2846146e+01  -5.4218739e+01
   7.2846200e+01  -5.4220319e+01
   7.2846252e+01  -5.4221899e+01
   7.2846303e+01  -5.4223477e+01
   7.2846352e+01  -5.4225055e+01
   7.2846400e+01  -5.4226632e+01
   7.2846447e+01  -5.4228208e+01
   7.2846493e+01  -5.4229784e+01
   7.2846537e+01  -5.4231360e+01
   7.2846581e+01  -5.4232935e+01
   7.2846624e+01  -5.4234509e+01
   7.2846665e+01  -5.4236082e+01
   7.2846706e+01  -5.4237655e+01
   7.2846745e+01  -5.4239228e+01
   7.2846783e+01  -5.4240800e+01
   7.2846821e+01  -5.4242371e+01
   7.2846858e+01  -5.4243942e+01
   7.2846894e+01  -5.4245513e+01
   7.2846930e+01  -5.4247084e+01
   7.2846964e+01  -5.4248654e+01
   7.2846998e+01  -5.4250223e+01
   7.2847032e+01  -5.4251792e+01
   7.2847064e+01  -5.4253361e+01
   7.2847095e+01  -5.4254929e+01
   7.2847126e+01  -5.4256497e+01
   7.2847156e+01  -5.4258064e+01
   7.2847185e+01  -5.4259632e+01
   7.2847214e+01  -5.4261199e+01
   7.2847243e+01  -5.4262765e+01
   7.2847271e+01  -5.4264332e+01
   7.2847298e+01  -5.4265898e+01
   7.2847326e+01  -5.4267464e+01
   7.2847352e+01  -5.4269030e+01
   7.2847378e+01  -5.4270595e+01
   7.2847404e+01  -5.4272160e+01
   7.2847429e+01  -5.4273725e+01
   7.2847453e+01  -5.4275289e+01
   7.2847477e+01  -5.4276854e+01
   7.2847501e+01  -5.4278418e+01
   7.2847524e+01  -5.4279981e+01
   7.2847546e+01  -5.4281545e+01
   7.2847568e+01  -5.4283108e+01
   7.2847589e+01  -5.4284671e+01
   7.2847610e+01  -5.4286234e+01
   7.2847631e+01  -5.4287796e+01
   7.2847649e+01  -5.4289357e+01
   7.2847666e+01  -5.4290918e+01
   7.2847682e+01  -5.4292478e+01
   7.2847696e+01  -5.4294036e+01
   7.2847708e+01  -5.4295594e+01
   7.2847718e+01  -5.4297151e+01
   7.2847727e+01  -5.4298707e+01
   7.2847735e+01  -5.4300263e+01
   7.2847741e+01  -5.4301817e+01
   7.2847746e+01  -5.4303371e+01
   7.2847748e+01  -5.4304923e+01
   7.2847746e+01  -5.4306474e+01
   7.2847742e+01  -5.4308022e+01
   7.2847735e+01  -5.4309570e+01
   7.2847726e+01  -5.4311115e+01
   7.2847713e+01  -5.4312660e+01
   7.2847698e+01  -5.4314203e+01
   7.2847681e+01  -5.4315744e+01
   7.2847660e+01  -5.4317284e+01
   7.2847638e+01  -5.4318823e+01
   7.2847613e+01  -5.4320360e+01
   7.2847585e+01  -5.4321896e+01
   7.2847556e+01  -5.4323431e+01
   7.2847524e+01  -5.4324964e+01
   7.2847489e+01  -5.4326496e+01
   7.2847453e+01  -5.4328027e+01
   7.2847414e+01  -5.4329557e+01
   7.2847373e+01  -5.4331085e+01
   7.2847329e+01  -5.4332612e+01
   7.2847284e+01  -5.4334138e+01
   7.2847237e+01  -5.4335663e+01
   7.2847189e+01  -5.4337187e+01
   7.2847138e+01  -5.4338711e+01
   7.2847086e+01  -5.4340233e+01
   7.2847033e+01  -5.4341754e+01
   7.2846978e+01  -5.4343275e+01
   7.2846921e+01  -5.4344795e+01
   7.2846863e+01  -5.4346314e+01
   7.2846804e+01  -5.4347832e+01
   7.2846742e+01  -5.4349349e+01
   7.2846681e+01  -5.4350865e+01
   7.2846618e+01  -5.4352382e+01
   7.2846554e+01  -5.4353897e+01
   7.2846490e+01  -5.4355413e+01
   7.2846425e+01  -5.4356928e+01
