   7.3004529e+01  -5.3763783e+01
   7.3004036e+01  -5.3765086e+01
   7.3003551e+01  -5.3766394e+01
   7.3003072e+01  -5.3767705e+01
   7.3002600e+01  -5.3769019e+01
   7.3002135e+01  -5.3770337e+01
   7.3001675e+01  -5.3771657e+01
   7.3001221e+01  -5.3772981e+01
   7.3000772e+01  -5.3774307e+01
   7.3000328e+01  -5.3775636e+01
   7.2999889e+01  -5.3776967e+01
   7.2999454e+01  -5.3778300e+01
   7.2999027e+01  -5.3779638e+01
   7.2998607e+01  -5.3780979e+01
   7.2998196e+01  -5.3782325e+01
   7.2997793e+01  -5.3783674e+01
   7.2997396e+01  -5.3785028e+01
   7.2997006e+01  -5.3786385e+01
   7.2996623e+01  -5.3787745e+01
   7.2996244e+01  -5.3789107e+01
   7.2995871e+01  -5.3790473e+01
   7.2995502e+01  -5.3791840e+01
   7.2995137e+01  -5.3793210e+01
   7.2994776e+01  -5.3794582e+01
   7.2994419e+01  -5.3795955e+01
   7.2994064e+01  -5.3797330e+01
   7.2993711e+01  -5.3798706e+01
   7.2993361e+01  -5.3800083e+01
   7.2993013e+01  -5.3801462e+01
   7.2992667e+01  -5.3802841e+01
   7.2992324e+01  -5.3804222e+01
   7.2991983e+01  -5.3805604e+01
   7.2991644e+01  -5.3806987e+01
   7.2991308e+01  -5.3808371e+01
   7.2990973e+01  -5.3809756e+01
   7.2990640e+01  -5.3811142e+01
   7.2990307e+01  -5.3812528e+01
   7.2989975e+01  -5.3813914e+01
   7.2989643e+01  -5.3815300e+01
   7.2989311e+01  -5.3816687e+01
   7.2988979e+01  -5.3818073e+01
   7.2988645e+01  -5.3819458e+01
   7.2988312e+01  -5.3820843e+01
   7.2987979e+01  -5.3822229e+01
   7.2987646e+01  -5.3823614e+01
   7.2987313e+01  -5.3825000e+01
   7.2986981e+01  -5.3826386e+01
   7.2986650e+01  -5.3827772e+01
   7.2986318e+01  -5.3829158e+01
   7.2985987e+01  -5.3830544e+01
   7.2985656e+01  -5.3831930e+01
   7.2985324e+01  -5.3833316e+01
   7.2984994e+01  -5.3834702e+01
   7.2984664e+01  -5.3836089e+01
   7.2984334e+01  -5.3837476e+01
   7.2984006e+01  -5.3838863e+01
   7.2983677e+01  -5.3840250e+01
   7.2983349e+01  -5.3841638e+01
   7.2983021e+01  -5.3843025e+01
   7.2982693e+01  -5.3844412e+01
   7.2982365e+01  -5.3845800e+01
   7.2982038e+01  -5.3847187e+01
   7.2981715e+01  -5.3848577e+01
   7.2981395e+01  -5.3849969e+01
   7.2981080e+01  -5.3851363e+01
   7.2980768e+01  -5.3852758e+01
   7.2980459e+01  -5.3854156e+01
   7.2980154e+01  -5.3855555e+01
   7.2979853e+01  -5.3856956e+01
   7.2979555e+01  -5.3858359e+01
   7.2979260e+01  -5.3859763e+01
   7.2978968e+01  -5.3861169e+01
   7.2978681e+01  -5.3862578e+01
   7.2978399e+01  -5.3863989e+01
   7.2978122e+01  -5.3865403e+01
   7.2977849e+01  -5.3866818e+01
   7.2977580e+01  -5.3868236e+01
   7.2977315e+01  -5.3869657e+01
   7.2977054e+01  -5.3871079e+01
   7.2976796e+01  -5.3872503e+01
   7.2976543e+01  -5.3873929e+01
   7.2976293e+01  -5.3875357e+01
   7.2976047e+01  -5.3876787e+01
   7.2975805e+01  -5.3878219e+01
   7.2975566e+01  -5.3879653e+01
   7.2975331e+01  -5.3881088e+01
   7.2975099e+01  -5.3882526e+01
   7.2974870e+01  -5.3883965e+01
   7.2974645e+01  -5.3885405e+01
   7.2974422e+01  -5.3886848e+01
   7.2974202e+01  -5.3888291e+01
   7.2973985e+01  -5.3889736e+01
   7.2973768e+01  -5.3891182e+01
   7.2973552e+01  -5.3892627e+01
   7.2973337e+01  -5.3894073e+01
   7.2973121e+01  -5.3895519e+01
   7.2972907e+01  -5.3896966e+01
   7.2972692e+01  -5.3898412e+01
   7.2972478e+01  -5.3899858e+01
   7.2972265e+01  -5.3901305e+01
   7.2972051e+01  -5.3902752e+01
   7.2971838e+01  -5.3904199e+01
   7.2971625e+01  -5.3905646e+01
   7.2971411e+01  -5.3907092e+01
   7.2971196e+01  -5.3908538e+01
   7.2970981e+01  -5.3909984e+01
   7.2970766e+01  -5.3911430e+01
   7.2970550e+01  -5.3912875e+01
   7.2970333e+01  -5.3914320e+01
   7.2970116e+01  -5.3915764e+01
   7.2969899e+01  -5.3917209e+01
   7.2969681e+01  -5.3918652e+01
   7.2969464e+01  -5.3920097e+01
   7.2969248e+01  -5.3921542e+01
   7.2969033e+01  -5.3922988e+01
   7.2968820e+01  -5.3924434e+01
   7.2968608e+01  -5.3925881e+01
   7.2968397e+01  -5.3927329e+01
   7.2968187e+01  -5.3928777e+01
   7.2967977e+01  -5.3930225e+01
   7.2967769e+01  -5.3931674e+01
   7.2967562e+01  -5.3933124e+01
   7.2967358e+01  -5.3934575e+01
   7.2967156e+01  -5.3936027e+01
   7.2966957e+01  -5.3937481e+01
   7.2966760e+01  -5.3938936e+01
   7.2966565e+01  -5.3940392e+01
   7.2966373e+01  -5.3941849e+01
   7.2966183e+01  -5.3943308e+01
   7.2965995e+01  -5.3944767e+01
   7.2965810e+01  -5.3946228e+01
   7.2965626e+01  -5.3947690e+01
   7.2965444e+01  -5.3949153e+01
   7.2965263e+01  -5.3950616e+01
   7.2965083e+01  -5.3952080e+01
   7.2964905e+01  -5.3953544e+01
   7.2964728e+01  -5.3955010e+01
   7.2964552e+01  -5.3956476e+01
   7.2964378e+01  -5.3957942e+01
   7.2964205e+01  -5.3959410e+01
   7.2964033e+01  -5.3960878e+01
   7.2963863e+01  -5.3962346e+01
   7.2963693e+01  -5.3963815e+01
   7.2963524e+01  -5.3965285e+01
   7.2963355e+01  -5.3966755e+01
   7.2963188e+01  -5.3968225e+01
   7.2963021e+01  -5.3969695e+01
   7.2962855e+01  -5.3971166e+01
   7.2962689e+01  -5.3972637e+01
   7.2962524e+01  -5.3974109e+01
   7.2962360e+01  -5.3975580e+01
   7.2962196e+01  -5.3977052e+01
   7.2962033e+01  -5.3978525e+01
   7.2961871e+01  -5.3979998e+01
   7.2961709e+01  -5.3981471e+01
   7.2961548e+01  -5.3982944e+01
   7.2961388e+01  -5.3984418e+01
   7.2961229e+01  -5.3985893e+01
   7.2961071e+01  -5.3987368e+01
   7.2960913e+01  -5.3988843e+01
   7.2960756e+01  -5.3990318e+01
   7.2960600e+01  -5.3991794e+01
   7.2960444e+01  -5.3993270e+01
   7.2960288e+01  -5.3994746e+01
   7.2960133e+01  -5.3996222e+01
   7.2959977e+01  -5.3997699e+01
   7.2959823e+01  -5.3999175e+01
   7.2959668e+01  -5.4000652e+01
   7.2959514e+01  -5.4002129e+01
   7.2959360e+01  -5.4003606e+01
   7.2959206e+01  -5.4005083e+01
   7.2959052e+01  -5.4006560e+01
   7.2958900e+01  -5.4008038e+01
   7.2958750e+01  -5.4009517e+01
   7.2958601e+01  -5.4010996e+01
   7.2958453e+01  -5.4012476e+01
   7.2958307e+01  -5.4013957e+01
   7.2958162e+01  -5.4015439e+01
   7.2958019e+01  -5.4016921e+01
   7.2957877e+01  -5.4018405e+01
   7.2957736e+01  -5.4019889e+01
   7.2957597e+01  -5.4021373e+01
   7.2957462e+01  -5.4022860e+01
   7.2957331e+01  -5.4024350e+01
   7.2957205e+01  -5.4025842e+01
   7.2957084e+01  -5.4027336e+01
   7.2956967e+01  -5.4028832e+01
   7.2956854e+01  -5.4030331e+01
   7.2956746e+01  -5.4031833e+01
   7.2956642e+01  -5.4033336e+01
   7.2956542e+01  -5.4034842e+01
   7.2956447e+01  -5.4036351e+01
   7.2956357e+01  -5.4037862e+01
   7.2956272e+01  -5.4039376e+01
   7.2956193e+01  -5.4040893e+01
   7.2956119e+01  -5.4042413e+01
   7.2956051e+01  -5.4043936e+01
   7.2955988e+01  -5.4045462e+01
   7.2955930e+01  -5.4046990e+01
   7.2955878e+01  -5.4048522e+01
   7.2955830e+01  -5.4050056e+01
   7.2955788e+01  -5.4051593e+01
   7.2955749e+01  -5.4053132e+01
   7.2955714e+01  -5.4054673e+01
   7.2955683e+01  -5.4056216e+01
   7.2955654e+01  -5.4057761e+01
   7.2955630e+01  -5.4059307e+01
   7.2955609e+01  -5.4060856e+01
   7.2955591e+01  -5.4062406e+01
   7.2955576e+01  -5.4063958e+01
   7.2955565e+01  -5.4065512e+01
   7.2955557e+01  -5.4067068e+01
   7.2955549e+01  -5.4068624e+01
   7.2955541e+01  -5.4070180e+01
   7.2955534e+01  -5.4071736e+01
   7.2955527e+01  -5.4073292e+01
   7.2955521e+01  -5.4074849e+01
   7.2955515e+01  -5.4076405e+01
   7.2955509e+01  -5.4077962e+01
   7.2955503e+01  -5.4079519e+01
   7.2955498e+01  -5.4081077e+01
   7.2955493e+01  -5.4082634e+01
   7.2955487e+01  -5.4084191e+01
   7.2955480e+01  -5.4085747e+01
   7.2955472e+01  -5.4087303e+01
   7.2955463e+01  -5.4088858e+01
   7.2955453e+01  -5.4090413e+01
   7.2955442e+01  -5.4091967e+01
   7.2955430e+01  -5.4093521e+01
   7.2955418e+01  -5.4095074e+01
   7.2955404e+01  -5.4096627e+01
   7.2955390e+01  -5.4098179e+01
   7.2955374e+01  -5.4099731e+01
   7.2955357e+01  -5.4101282e+01
   7.2955338e+01  -5.4102831e+01
   7.2955318e+01  -5.4104381e+01
   7.2955296e+01  -5.4105929e+01
   7.2955273e+01  -5.4107477e+01
   7.2955249e+01  -5.4109023e+01
   7.2955223e+01  -5.4110570e+01
   7.2955195e+01  -5.4112115e+01
   7.2955167e+01  -5.4113659e+01
   7.2955136e+01  -5.4115203e+01
   7.2955104e+01  -5.4116745e+01
   7.2955070e+01  -5.4118287e+01
   7.2955034e+01  -5.4119828e+01
   7.2954996e+01  -5.4121367e+01
   7.2954957e+01  -5.4122906e+01
   7.2954916e+01  -5.4124444e+01
   7.2954873e+01  -5.4125981e+01
   7.2954829e+01  -5.4127516e+01
   7.2954783e+01  -5.4129051e+01
   7.2954735e+01  -5.4130586e+01
   7.2954687e+01  -5.4132119e+01
   7.2954637e+01  -5.4133652e+01
   7.2954586e+01  -5.4135185e+01
   7.2954534e+01  -5.4136716e+01
   7.2954480e+01  -5.4138248e+01
   7.2954426e+01  -5.4139778e+01
   7.2954371e+01  -5.4141308e+01
   7.2954314e+01  -5.4142837e+01
   7.2954256e+01  -5.4144366e+01
   7.2954199e+01  -5.4145895e+01
   7.2954143e+01  -5.4147424e+01
   7.2954088e+01  -5.4148954e+01
   7.2954034e+01  -5.4150485e+01
   7.2953980e+01  -5.4152015e+01
   7.2953928e+01  -5.4153547e+01
   7.2953876e+01  -5.4155079e+01
   7.2953825e+01  -5.4156611e+01
   7.2953774e+01  -5.4158143e+01
   7.2953725e+01  -5.4159677e+01
   7.2953677e+01  -5.4161210e+01
   7.2953629e+01  -5.4162745e+01
   7.2953583e+01  -5.4164280e+01
   7.2953538e+01  -5.4165815e+01
   7.2953495e+01  -5.4167352e+01
   7.2953452e+01  -5.4168888e+01
   7.2953411e+01  -5.4170426e+01
   7.2953370e+01  -5.4171964e+01
   7.2953331e+01  -5.4173503e+01
   7.2953293e+01  -5.4175042e+01
   7.2953252e+01  -5.4176580e+01
   7.2953209e+01  -5.4178116e+01
   7.2953163e+01  -5.4179652e+01
   7.2953115e+01  -5.4181185e+01
   7.2953064e+01  -5.4182718e+01
   7.2953011e+01  -5.4184249e+01
   7.2952955e+01  -5.4185778e+01
   7.2952896e+01  -5.4187306e+01
   7.2952835e+01  -5.4188833e+01
   7.2952772e+01  -5.4190358e+01
   7.2952702e+01  -5.4191880e+01
   7.2952626e+01  -5.4193399e+01
   7.2952544e+01  -5.4194914e+01
   7.2952455e+01  -5.4196425e+01
   7.2952361e+01  -5.4197933e+01
   7.2952259e+01  -5.4199438e+01
   7.2952152e+01  -5.4200938e+01
   7.2952038e+01  -5.4202436e+01
   7.2951918e+01  -5.4203930e+01
   7.2951791e+01  -5.4205420e+01
   7.2951660e+01  -5.4206908e+01
   7.2951522e+01  -5.4208392e+01
   7.2951379e+01  -5.4209873e+01
   7.2951231e+01  -5.4211352e+01
   7.2951077e+01  -5.4212827e+01
   7.2950918e+01  -5.4214299e+01
   7.2950753e+01  -5.4215768e+01
   7.2950582e+01  -5.4217234e+01
   7.2950406e+01  -5.4218697e+01
   7.2950224e+01  -5.4220157e+01
   7.2950041e+01  -5.4221615e+01
   7.2949856e+01  -5.4223073e+01
   7.2949670e+01  -5.4224531e+01
   7.2949483e+01  -5.4225987e+01
   7.2949294e+01  -5.4227443e+01
   7.2949104e+01  -5.4228897e+01
   7.2948912e+01  -5.4230351e+01
   7.2948719e+01  -5.4231805e+01
   7.2948524e+01  -5.4233257e+01
   7.2948328e+01  -5.4234708e+01
   7.2948132e+01  -5.4236160e+01
   7.2947938e+01  -5.4237613e+01
   7.2947745e+01  -5.4239066e+01
   7.2947553e+01  -5.4240519e+01
   7.2947361e+01  -5.4241973e+01
   7.2947171e+01  -5.4243428e+01
   7.2946982e+01  -5.4244883e+01
   7.2946793e+01  -5.4246338e+01
   7.2946606e+01  -5.4247794e+01
   7.2946420e+01  -5.4249251e+01
   7.2946234e+01  -5.4250708e+01
   7.2946048e+01  -5.4252165e+01
   7.2945863e+01  -5.4253622e+01
   7.2945679e+01  -5.4255080e+01
   7.2945495e+01  -5.4256537e+01
   7.2945311e+01  -5.4257995e+01
   7.2945128e+01  -5.4259453e+01
   7.2944945e+01  -5.4260912e+01
   7.2944762e+01  -5.4262370e+01
   7.2944580e+01  -5.4263829e+01
   7.2944398e+01  -5.4265288e+01
   7.2944216e+01  -5.4266746e+01
   7.2944034e+01  -5.4268205e+01
   7.2943852e+01  -5.4269664e+01
   7.2943670e+01  -5.4271122e+01
   7.2943488e+01  -5.4272581e+01
   7.2943307e+01  -5.4274040e+01
   7.2943126e+01  -5.4275499e+01
   7.2942945e+01  -5.4276958e+01
   7.2942765e+01  -5.4278418e+01
   7.2942588e+01  -5.4279879e+01
   7.2942415e+01  -5.4281343e+01
