   7.2723243e+01  -5.3817791e+01
   7.2723237e+01  -5.3819325e+01
   7.2723231e+01  -5.3820860e+01
   7.2723226e+01  -5.3822395e+01
   7.2723222e+01  -5.3823930e+01
   7.2723218e+01  -5.3825466e+01
   7.2723214e+01  -5.3827002e+01
   7.2723211e+01  -5.3828538e+01
   7.2723208e+01  -5.3830075e+01
   7.2723206e+01  -5.3831611e+01
   7.2723205e+01  -5.3833148e+01
   7.2723204e+01  -5.3834686e+01
   7.2723204e+01  -5.3836224e+01
   7.2723205e+01  -5.3837762e+01
   7.2723207e+01  -5.3839301e+01
   7.2723210e+01  -5.3840840e+01
   7.2723214e+01  -5.3842380e+01
   7.2723218e+01  -5.3843920e+01
   7.2723224e+01  -5.3845461e+01
   7.2723231e+01  -5.3847002e+01
   7.2723239e+01  -5.3848545e+01
   7.2723249e+01  -5.3850087e+01
   7.2723258e+01  -5.3851630e+01
   7.2723266e+01  -5.3853172e+01
   7.2723275e+01  -5.3854715e+01
   7.2723283e+01  -5.3856257e+01
   7.2723291e+01  -5.3857799e+01
   7.2723298e+01  -5.3859341e+01
   7.2723306e+01  -5.3860883e+01
   7.2723315e+01  -5.3862425e+01
   7.2723323e+01  -5.3863967e+01
   7.2723332e+01  -5.3865510e+01
   7.2723341e+01  -5.3867053e+01
   7.2723351e+01  -5.3868596e+01
   7.2723360e+01  -5.3870139e+01
   7.2723369e+01  -5.3871682e+01
   7.2723379e+01  -5.3873224e+01
   7.2723388e+01  -5.3874767e+01
   7.2723396e+01  -5.3876310e+01
   7.2723405e+01  -5.3877852e+01
   7.2723412e+01  -5.3879394e+01
   7.2723419e+01  -5.3880936e+01
   7.2723424e+01  -5.3882476e+01
   7.2723425e+01  -5.3884015e+01
   7.2723424e+01  -5.3885552e+01
   7.2723420e+01  -5.3887088e+01
   7.2723412e+01  -5.3888622e+01
   7.2723401e+01  -5.3890154e+01
   7.2723387e+01  -5.3891685e+01
   7.2723369e+01  -5.3893214e+01
   7.2723348e+01  -5.3894740e+01
   7.2723323e+01  -5.3896265e+01
   7.2723298e+01  -5.3897790e+01
   7.2723273e+01  -5.3899315e+01
   7.2723248e+01  -5.3900840e+01
   7.2723222e+01  -5.3902365e+01
   7.2723197e+01  -5.3903889e+01
   7.2723172e+01  -5.3905414e+01
   7.2723146e+01  -5.3906939e+01
   7.2723120e+01  -5.3908463e+01
   7.2723094e+01  -5.3909987e+01
   7.2723067e+01  -5.3911511e+01
   7.2723046e+01  -5.3913038e+01
   7.2723029e+01  -5.3914567e+01
   7.2723016e+01  -5.3916099e+01
   7.2723009e+01  -5.3917633e+01
   7.2723006e+01  -5.3919170e+01
   7.2723009e+01  -5.3920709e+01
   7.2723016e+01  -5.3922251e+01
   7.2723028e+01  -5.3923796e+01
   7.2723046e+01  -5.3925343e+01
   7.2723068e+01  -5.3926893e+01
   7.2723102e+01  -5.3928449e+01
   7.2723147e+01  -5.3930011e+01
   7.2723203e+01  -5.3931579e+01
   7.2723269e+01  -5.3933152e+01
   7.2723347e+01  -5.3934732e+01
   7.2723436e+01  -5.3936317e+01
   7.2723535e+01  -5.3937908e+01
   7.2723645e+01  -5.3939504e+01
   7.2723765e+01  -5.3941106e+01
   7.2723895e+01  -5.3942713e+01
   7.2724031e+01  -5.3944323e+01
   7.2724172e+01  -5.3945936e+01
   7.2724319e+01  -5.3947553e+01
   7.2724473e+01  -5.3949173e+01
   7.2724633e+01  -5.3950796e+01
   7.2724800e+01  -5.3952423e+01
   7.2724974e+01  -5.3954053e+01
   7.2725155e+01  -5.3955688e+01
   7.2725344e+01  -5.3957327e+01
   7.2725542e+01  -5.3958970e+01
   7.2725741e+01  -5.3960614e+01
   7.2725942e+01  -5.3962260e+01
   7.2726143e+01  -5.3963905e+01
   7.2726344e+01  -5.3965550e+01
   7.2726547e+01  -5.3967197e+01
   7.2726753e+01  -5.3968845e+01
   7.2726964e+01  -5.3970496e+01
   7.2727180e+01  -5.3972149e+01
   7.2727404e+01  -5.3973807e+01
   7.2727635e+01  -5.3975469e+01
   7.2727874e+01  -5.3977134e+01
   7.2728119e+01  -5.3978804e+01
   7.2728372e+01  -5.3980477e+01
   7.2728633e+01  -5.3982154e+01
   7.2728901e+01  -5.3983836e+01
   7.2729178e+01  -5.3985522e+01
   7.2729462e+01  -5.3987213e+01
   7.2729750e+01  -5.3988905e+01
   7.2730041e+01  -5.3990599e+01
   7.2730338e+01  -5.3992296e+01
   7.2730638e+01  -5.3993996e+01
   7.2730944e+01  -5.3995697e+01
   7.2731253e+01  -5.3997402e+01
   7.2731568e+01  -5.3999109e+01
   7.2731889e+01  -5.4000819e+01
   7.2732215e+01  -5.4002532e+01
   7.2732548e+01  -5.4004249e+01
   7.2732889e+01  -5.4005970e+01
   7.2733238e+01  -5.4007697e+01
   7.2733603e+01  -5.4009430e+01
   7.2733979e+01  -5.4011155e+01
   7.2734357e+01  -5.4012826e+01
   7.2734738e+01  -5.4014444e+01
   7.2735122e+01  -5.4016010e+01
   7.2735507e+01  -5.4017525e+01
   7.2735896e+01  -5.4018989e+01
   7.2736286e+01  -5.4020403e+01
   7.2736679e+01  -5.4021767e+01
   7.2737075e+01  -5.4023076e+01
   7.2737474e+01  -5.4024310e+01
   7.2737876e+01  -5.4025476e+01
   7.2738281e+01  -5.4026579e+01
   7.2738688e+01  -5.4027643e+01
   7.2739097e+01  -5.4028674e+01
   7.2739507e+01  -5.4029673e+01
   7.2739918e+01  -5.4030644e+01
   7.2740331e+01  -5.4031587e+01
   7.2740745e+01  -5.4032505e+01
   7.2741160e+01  -5.4033400e+01
   7.2741576e+01  -5.4034270e+01
   7.2741993e+01  -5.4035119e+01
   7.2742411e+01  -5.4035949e+01
   7.2742830e+01  -5.4036762e+01
   7.2743250e+01  -5.4037561e+01
   7.2743670e+01  -5.4038347e+01
   7.2744091e+01  -5.4039122e+01
   7.2744512e+01  -5.4039887e+01
   7.2744933e+01  -5.4040645e+01
   7.2745355e+01  -5.4041401e+01
   7.2745776e+01  -5.4042176e+01
   7.2746195e+01  -5.4042970e+01
   7.2746614e+01  -5.4043783e+01
   7.2747032e+01  -5.4044617e+01
   7.2747449e+01  -5.4045472e+01
   7.2747865e+01  -5.4046348e+01
   7.2748280e+01  -5.4047246e+01
   7.2748693e+01  -5.4048165e+01
   7.2749106e+01  -5.4049105e+01
   7.2749518e+01  -5.4050074e+01
   7.2749926e+01  -5.4051102e+01
   7.2750332e+01  -5.4052193e+01
   7.2750735e+01  -5.4053347e+01
   7.2751135e+01  -5.4054568e+01
   7.2751531e+01  -5.4055858e+01
   7.2751924e+01  -5.4057220e+01
   7.2752313e+01  -5.4058657e+01
   7.2752699e+01  -5.4060173e+01
   7.2753080e+01  -5.4061772e+01
   7.2753458e+01  -5.4063455e+01
   7.2753826e+01  -5.4065194e+01
   7.2754170e+01  -5.4066921e+01
   7.2754493e+01  -5.4068636e+01
   7.2754795e+01  -5.4070341e+01
   7.2755078e+01  -5.4072035e+01
   7.2755342e+01  -5.4073718e+01
   7.2755588e+01  -5.4075393e+01
   7.2755817e+01  -5.4077057e+01
   7.2756029e+01  -5.4078713e+01
   7.2756225e+01  -5.4080361e+01
   7.2756407e+01  -5.4082001e+01
   7.2756575e+01  -5.4083633e+01
   7.2756737e+01  -5.4085262e+01
   7.2756894e+01  -5.4086889e+01
   7.2757047e+01  -5.4088514e+01
   7.2757197e+01  -5.4090136e+01
   7.2757343e+01  -5.4091757e+01
   7.2757487e+01  -5.4093376e+01
   7.2757627e+01  -5.4094994e+01
   7.2757765e+01  -5.4096611e+01
   7.2757901e+01  -5.4098226e+01
   7.2758035e+01  -5.4099841e+01
   7.2758168e+01  -5.4101454e+01
   7.2758299e+01  -5.4103067e+01
   7.2758429e+01  -5.4104680e+01
   7.2758559e+01  -5.4106292e+01
   7.2758688e+01  -5.4107904e+01
   7.2758817e+01  -5.4109516e+01
   7.2758946e+01  -5.4111128e+01
   7.2759074e+01  -5.4112740e+01
   7.2759203e+01  -5.4114352e+01
   7.2759333e+01  -5.4115964e+01
   7.2759466e+01  -5.4117578e+01
   7.2759601e+01  -5.4119194e+01
   7.2759741e+01  -5.4120812e+01
   7.2759886e+01  -5.4122432e+01
   7.2760036e+01  -5.4124056e+01
   7.2760192e+01  -5.4125683e+01
   7.2760355e+01  -5.4127314e+01
   7.2760524e+01  -5.4128948e+01
   7.2760701e+01  -5.4130586e+01
   7.2760885e+01  -5.4132228e+01
   7.2761079e+01  -5.4133876e+01
   7.2761286e+01  -5.4135530e+01
   7.2761505e+01  -5.4137192e+01
   7.2761737e+01  -5.4138860e+01
   7.2761983e+01  -5.4140536e+01
   7.2762245e+01  -5.4142221e+01
   7.2762523e+01  -5.4143915e+01
   7.2762819e+01  -5.4145618e+01
   7.2763134e+01  -5.4147332e+01
   7.2763465e+01  -5.4149055e+01
   7.2763809e+01  -5.4150784e+01
   7.2764166e+01  -5.4152521e+01
   7.2764539e+01  -5.4154266e+01
   7.2764915e+01  -5.4155960e+01
   7.2765294e+01  -5.4157597e+01
   7.2765676e+01  -5.4159178e+01
   7.2766061e+01  -5.4160707e+01
   7.2766447e+01  -5.4162185e+01
   7.2766837e+01  -5.4163614e+01
   7.2767227e+01  -5.4165018e+01
   7.2767618e+01  -5.4166404e+01
   7.2768010e+01  -5.4167782e+01
   7.2768401e+01  -5.4169153e+01
   7.2768794e+01  -5.4170514e+01
   7.2769187e+01  -5.4171865e+01
   7.2769580e+01  -5.4173206e+01
   7.2769974e+01  -5.4174535e+01
   7.2770368e+01  -5.4175852e+01
   7.2770763e+01  -5.4177157e+01
   7.2771158e+01  -5.4178455e+01
   7.2771554e+01  -5.4179748e+01
   7.2771950e+01  -5.4181039e+01
   7.2772345e+01  -5.4182328e+01
   7.2772741e+01  -5.4183617e+01
   7.2773137e+01  -5.4184910e+01
   7.2773532e+01  -5.4186212e+01
   7.2773926e+01  -5.4187520e+01
   7.2774321e+01  -5.4188835e+01
   7.2774715e+01  -5.4190154e+01
   7.2775109e+01  -5.4191477e+01
   7.2775503e+01  -5.4192806e+01
   7.2775896e+01  -5.4194141e+01
   7.2776290e+01  -5.4195484e+01
   7.2776682e+01  -5.4196836e+01
   7.2777074e+01  -5.4198197e+01
   7.2777466e+01  -5.4199568e+01
   7.2777857e+01  -5.4200949e+01
   7.2778248e+01  -5.4202341e+01
   7.2778639e+01  -5.4203736e+01
   7.2779028e+01  -5.4205162e+01
   7.2779415e+01  -5.4206623e+01
   7.2779801e+01  -5.4208117e+01
   7.2780185e+01  -5.4209643e+01
   7.2780568e+01  -5.4211198e+01
   7.2780949e+01  -5.4212781e+01
   7.2781330e+01  -5.4214388e+01
   7.2781709e+01  -5.4216018e+01
   7.2782087e+01  -5.4217668e+01
   7.2782465e+01  -5.4219334e+01
   7.2782841e+01  -5.4221030e+01
   7.2783214e+01  -5.4222780e+01
   7.2783569e+01  -5.4224519e+01
   7.2783905e+01  -5.4226248e+01
   7.2784222e+01  -5.4227967e+01
   7.2784522e+01  -5.4229677e+01
