   7.3052150e+01  -5.4872444e+01
   7.3051705e+01  -5.4872178e+01
   7.3051260e+01  -5.4871907e+01
   7.3050816e+01  -5.4871629e+01
   7.3050371e+01  -5.4871346e+01
   7.3049927e+01  -5.4871056e+01
   7.3049484e+01  -5.4870760e+01
   7.3049040e+01  -5.4870456e+01
   7.3048597e+01  -5.4870145e+01
   7.3048155e+01  -5.4869826e+01
   7.3047713e+01  -5.4869499e+01
   7.3047271e+01  -5.4869163e+01
   7.3046830e+01  -5.4868818e+01
   7.3046389e+01  -5.4868466e+01
   7.3045949e+01  -5.4868105e+01
   7.3045509e+01  -5.4867734e+01
   7.3045069e+01  -5.4867353e+01
   7.3044630e+01  -5.4866961e+01
   7.3044192e+01  -5.4866557e+01
   7.3043755e+01  -5.4866141e+01
   7.3043318e+01  -5.4865711e+01
   7.3042882e+01  -5.4865267e+01
   7.3042446e+01  -5.4864809e+01
   7.3042011e+01  -5.4864336e+01
   7.3041577e+01  -5.4863850e+01
   7.3041144e+01  -5.4863350e+01
   7.3040711e+01  -5.4862838e+01
   7.3040279e+01  -5.4862313e+01
   7.3039848e+01  -5.4861776e+01
   7.3039417e+01  -5.4861228e+01
   7.3038987e+01  -5.4860670e+01
   7.3038557e+01  -5.4860102e+01
   7.3038127e+01  -5.4859540e+01
   7.3037696e+01  -5.4858984e+01
   7.3037265e+01  -5.4858437e+01
   7.3036834e+01  -5.4857898e+01
   7.3036402e+01  -5.4857369e+01
   7.3035970e+01  -5.4856850e+01
   7.3035537e+01  -5.4856342e+01
   7.3035103e+01  -5.4855845e+01
   7.3034669e+01  -5.4855360e+01
   7.3034234e+01  -5.4854886e+01
   7.3033800e+01  -5.4854418e+01
   7.3033364e+01  -5.4853955e+01
   7.3032929e+01  -5.4853499e+01
   7.3032493e+01  -5.4853050e+01
   7.3032057e+01  -5.4852608e+01
   7.3031620e+01  -5.4852175e+01
   7.3031183e+01  -5.4851750e+01
   7.3030745e+01  -5.4851336e+01
