   7.3165319e+01  -5.3849351e+01
   7.3165012e+01  -5.3850765e+01
   7.3164697e+01  -5.3852174e+01
   7.3164373e+01  -5.3853579e+01
   7.3164043e+01  -5.3854980e+01
   7.3163705e+01  -5.3856377e+01
   7.3163362e+01  -5.3857771e+01
   7.3163014e+01  -5.3859163e+01
   7.3162660e+01  -5.3860551e+01
   7.3162303e+01  -5.3861938e+01
   7.3161943e+01  -5.3863323e+01
   7.3161580e+01  -5.3864706e+01
   7.3161224e+01  -5.3866093e+01
   7.3160871e+01  -5.3867481e+01
   7.3160520e+01  -5.3868871e+01
   7.3160167e+01  -5.3870259e+01
   7.3159812e+01  -5.3871646e+01
   7.3159451e+01  -5.3873030e+01
   7.3159087e+01  -5.3874413e+01
   7.3158721e+01  -5.3875794e+01
   7.3158353e+01  -5.3877174e+01
   7.3157983e+01  -5.3878553e+01
   7.3157613e+01  -5.3879932e+01
   7.3157243e+01  -5.3881310e+01
   7.3156872e+01  -5.3882689e+01
   7.3156501e+01  -5.3884067e+01
   7.3156130e+01  -5.3885445e+01
   7.3155759e+01  -5.3886823e+01
   7.3155388e+01  -5.3888201e+01
   7.3155017e+01  -5.3889579e+01
   7.3154647e+01  -5.3890957e+01
   7.3154276e+01  -5.3892335e+01
   7.3153905e+01  -5.3893713e+01
   7.3153534e+01  -5.3895091e+01
   7.3153164e+01  -5.3896468e+01
   7.3152793e+01  -5.3897846e+01
   7.3152422e+01  -5.3899224e+01
   7.3152052e+01  -5.3900602e+01
   7.3151683e+01  -5.3901980e+01
   7.3151314e+01  -5.3903359e+01
   7.3150947e+01  -5.3904738e+01
   7.3150580e+01  -5.3906118e+01
   7.3150214e+01  -5.3907498e+01
   7.3149849e+01  -5.3908878e+01
   7.3149485e+01  -5.3910259e+01
   7.3149121e+01  -5.3911640e+01
   7.3148759e+01  -5.3913021e+01
   7.3148398e+01  -5.3914403e+01
   7.3148037e+01  -5.3915786e+01
   7.3147678e+01  -5.3917169e+01
   7.3147320e+01  -5.3918553e+01
   7.3146963e+01  -5.3919937e+01
   7.3146606e+01  -5.3921321e+01
   7.3146248e+01  -5.3922705e+01
   7.3145890e+01  -5.3924089e+01
   7.3145532e+01  -5.3925472e+01
   7.3145175e+01  -5.3926856e+01
   7.3144817e+01  -5.3928240e+01
   7.3144461e+01  -5.3929624e+01
   7.3144105e+01  -5.3931008e+01
   7.3143750e+01  -5.3932393e+01
   7.3143395e+01  -5.3933778e+01
   7.3143039e+01  -5.3935162e+01
   7.3142681e+01  -5.3936545e+01
   7.3142320e+01  -5.3937927e+01
   7.3141958e+01  -5.3939307e+01
   7.3141593e+01  -5.3940686e+01
   7.3141227e+01  -5.3942065e+01
   7.3140859e+01  -5.3943442e+01
   7.3140490e+01  -5.3944819e+01
   7.3140120e+01  -5.3946195e+01
   7.3139748e+01  -5.3947570e+01
   7.3139376e+01  -5.3948945e+01
   7.3139003e+01  -5.3950320e+01
   7.3138630e+01  -5.3951694e+01
   7.3138257e+01  -5.3953068e+01
   7.3137884e+01  -5.3954442e+01
   7.3137511e+01  -5.3955816e+01
   7.3137137e+01  -5.3957190e+01
   7.3136762e+01  -5.3958563e+01
   7.3136385e+01  -5.3959935e+01
   7.3136005e+01  -5.3961305e+01
   7.3135623e+01  -5.3962674e+01
   7.3135240e+01  -5.3964042e+01
   7.3134854e+01  -5.3965409e+01
   7.3134466e+01  -5.3966775e+01
   7.3134077e+01  -5.3968140e+01
   7.3133687e+01  -5.3969504e+01
   7.3133295e+01  -5.3970867e+01
   7.3132902e+01  -5.3972230e+01
   7.3132508e+01  -5.3973592e+01
   7.3132113e+01  -5.3974953e+01
   7.3131718e+01  -5.3976315e+01
   7.3131322e+01  -5.3977675e+01
   7.3130926e+01  -5.3979035e+01
   7.3130528e+01  -5.3980395e+01
   7.3130129e+01  -5.3981754e+01
   7.3129731e+01  -5.3983113e+01
   7.3129331e+01  -5.3984472e+01
   7.3128932e+01  -5.3985831e+01
   7.3128533e+01  -5.3987189e+01
   7.3128134e+01  -5.3988548e+01
   7.3127736e+01  -5.3989906e+01
   7.3127337e+01  -5.3991265e+01
   7.3126939e+01  -5.3992624e+01
   7.3126542e+01  -5.3993984e+01
   7.3126146e+01  -5.3995344e+01
   7.3125752e+01  -5.3996704e+01
   7.3125359e+01  -5.3998066e+01
   7.3124968e+01  -5.3999428e+01
   7.3124578e+01  -5.4000792e+01
   7.3124191e+01  -5.4002156e+01
   7.3123804e+01  -5.4003520e+01
   7.3123417e+01  -5.4004885e+01
   7.3123031e+01  -5.4006250e+01
   7.3122645e+01  -5.4007615e+01
   7.3122261e+01  -5.4008981e+01
   7.3121878e+01  -5.4010347e+01
   7.3121497e+01  -5.4011714e+01
   7.3121118e+01  -5.4013082e+01
   7.3120739e+01  -5.4014451e+01
   7.3120361e+01  -5.4015820e+01
   7.3119980e+01  -5.4017187e+01
   7.3119594e+01  -5.4018552e+01
   7.3119206e+01  -5.4019915e+01
   7.3118815e+01  -5.4021277e+01
   7.3118422e+01  -5.4022637e+01
   7.3118026e+01  -5.4023996e+01
   7.3117629e+01  -5.4025354e+01
   7.3117230e+01  -5.4026711e+01
   7.3116831e+01  -5.4028067e+01
   7.3116430e+01  -5.4029423e+01
   7.3116026e+01  -5.4030777e+01
   7.3115619e+01  -5.4032129e+01
   7.3115206e+01  -5.4033479e+01
   7.3114787e+01  -5.4034824e+01
   7.3114362e+01  -5.4036166e+01
   7.3113931e+01  -5.4037505e+01
   7.3113494e+01  -5.4038841e+01
   7.3113052e+01  -5.4040173e+01
   7.3112604e+01  -5.4041503e+01
   7.3112152e+01  -5.4042830e+01
   7.3111696e+01  -5.4044155e+01
   7.3111236e+01  -5.4045478e+01
   7.3110772e+01  -5.4046798e+01
   7.3110304e+01  -5.4048116e+01
   7.3109832e+01  -5.4049432e+01
   7.3109356e+01  -5.4050745e+01
   7.3108874e+01  -5.4052056e+01
   7.3108388e+01  -5.4053364e+01
   7.3107899e+01  -5.4054670e+01
   7.3107405e+01  -5.4055974e+01
   7.3106911e+01  -5.4057277e+01
   7.3106416e+01  -5.4058580e+01
   7.3105920e+01  -5.4059882e+01
   7.3105424e+01  -5.4061184e+01
   7.3104927e+01  -5.4062486e+01
   7.3104431e+01  -5.4063787e+01
   7.3103936e+01  -5.4065090e+01
   7.3103444e+01  -5.4066394e+01
   7.3102953e+01  -5.4067698e+01
   7.3102464e+01  -5.4069004e+01
   7.3101979e+01  -5.4070312e+01
   7.3101498e+01  -5.4071621e+01
   7.3101019e+01  -5.4072932e+01
   7.3100543e+01  -5.4074244e+01
   7.3100070e+01  -5.4075558e+01
   7.3099600e+01  -5.4076874e+01
   7.3099135e+01  -5.4078192e+01
   7.3098676e+01  -5.4079513e+01
   7.3098223e+01  -5.4080838e+01
   7.3097777e+01  -5.4082166e+01
   7.3097336e+01  -5.4083497e+01
   7.3096901e+01  -5.4084832e+01
   7.3096471e+01  -5.4086168e+01
   7.3096045e+01  -5.4087508e+01
   7.3095623e+01  -5.4088849e+01
   7.3095204e+01  -5.4090192e+01
   7.3094789e+01  -5.4091537e+01
   7.3094376e+01  -5.4092883e+01
   7.3093965e+01  -5.4094230e+01
   7.3093555e+01  -5.4095577e+01
   7.3093148e+01  -5.4096926e+01
   7.3092742e+01  -5.4098276e+01
   7.3092340e+01  -5.4099628e+01
   7.3091939e+01  -5.4100980e+01
   7.3091542e+01  -5.4102334e+01
   7.3091147e+01  -5.4103690e+01
   7.3090754e+01  -5.4105047e+01
   7.3090365e+01  -5.4106405e+01
   7.3089978e+01  -5.4107765e+01
   7.3089593e+01  -5.4109126e+01
   7.3089212e+01  -5.4110488e+01
   7.3088833e+01  -5.4111852e+01
   7.3088455e+01  -5.4113217e+01
   7.3088078e+01  -5.4114582e+01
   7.3087703e+01  -5.4115947e+01
   7.3087329e+01  -5.4117314e+01
   7.3086955e+01  -5.4118680e+01
   7.3086583e+01  -5.4120048e+01
   7.3086211e+01  -5.4121415e+01
   7.3085840e+01  -5.4122783e+01
   7.3085467e+01  -5.4124150e+01
   7.3085094e+01  -5.4125516e+01
   7.3084719e+01  -5.4126882e+01
   7.3084342e+01  -5.4128246e+01
   7.3083965e+01  -5.4129611e+01
   7.3083587e+01  -5.4130974e+01
   7.3083208e+01  -5.4132337e+01
   7.3082827e+01  -5.4133699e+01
   7.3082445e+01  -5.4135061e+01
   7.3082062e+01  -5.4136421e+01
   7.3081678e+01  -5.4137781e+01
   7.3081292e+01  -5.4139140e+01
   7.3080905e+01  -5.4140499e+01
   7.3080517e+01  -5.4141856e+01
   7.3080127e+01  -5.4143212e+01
   7.3079735e+01  -5.4144568e+01
   7.3079342e+01  -5.4145923e+01
   7.3078947e+01  -5.4147276e+01
   7.3078551e+01  -5.4148629e+01
   7.3078153e+01  -5.4149981e+01
   7.3077754e+01  -5.4151332e+01
   7.3077354e+01  -5.4152683e+01
   7.3076953e+01  -5.4154033e+01
   7.3076552e+01  -5.4155383e+01
   7.3076150e+01  -5.4156732e+01
   7.3075747e+01  -5.4158081e+01
   7.3075344e+01  -5.4159429e+01
   7.3074940e+01  -5.4160777e+01
   7.3074536e+01  -5.4162125e+01
   7.3074131e+01  -5.4163472e+01
   7.3073723e+01  -5.4164818e+01
   7.3073313e+01  -5.4166162e+01
   7.3072900e+01  -5.4167505e+01
   7.3072485e+01  -5.4168847e+01
   7.3072068e+01  -5.4170187e+01
   7.3071648e+01  -5.4171526e+01
   7.3071226e+01  -5.4172864e+01
   7.3070802e+01  -5.4174200e+01
   7.3070376e+01  -5.4175535e+01
   7.3069947e+01  -5.4176868e+01
   7.3069515e+01  -5.4178200e+01
   7.3069080e+01  -5.4179530e+01
   7.3068643e+01  -5.4180859e+01
   7.3068205e+01  -5.4182187e+01
   7.3067766e+01  -5.4183515e+01
   7.3067328e+01  -5.4184842e+01
   7.3066890e+01  -5.4186170e+01
   7.3066450e+01  -5.4187497e+01
   7.3066010e+01  -5.4188824e+01
   7.3065568e+01  -5.4190149e+01
   7.3065123e+01  -5.4191473e+01
   7.3064673e+01  -5.4192794e+01
   7.3064219e+01  -5.4194113e+01
   7.3063761e+01  -5.4195429e+01
   7.3063298e+01  -5.4196743e+01
   7.3062830e+01  -5.4198053e+01
   7.3062357e+01  -5.4199361e+01
   7.3061879e+01  -5.4200666e+01
   7.3061396e+01  -5.4201968e+01
   7.3060905e+01  -5.4203266e+01
   7.3060408e+01  -5.4204560e+01
   7.3059904e+01  -5.4205851e+01
   7.3059394e+01  -5.4207137e+01
   7.3058878e+01  -5.4208421e+01
   7.3058360e+01  -5.4209695e+01
   7.3057842e+01  -5.4210955e+01
   7.3057325e+01  -5.4212203e+01
   7.3056809e+01  -5.4213442e+01
   7.3056293e+01  -5.4214671e+01
   7.3055778e+01  -5.4215888e+01
   7.3055262e+01  -5.4217104e+01
   7.3054747e+01  -5.4218320e+01
   7.3054231e+01  -5.4219537e+01
   7.3053716e+01  -5.4220757e+01
   7.3053200e+01  -5.4221981e+01
   7.3052684e+01  -5.4223209e+01
   7.3052168e+01  -5.4224443e+01
   7.3051651e+01  -5.4225684e+01
   7.3051134e+01  -5.4226933e+01
   7.3050616e+01  -5.4228192e+01
   7.3050098e+01  -5.4229467e+01
   7.3049584e+01  -5.4230750e+01
   7.3049077e+01  -5.4232037e+01
   7.3048577e+01  -5.4233328e+01
   7.3048084e+01  -5.4234623e+01
   7.3047598e+01  -5.4235921e+01
   7.3047119e+01  -5.4237224e+01
   7.3046648e+01  -5.4238530e+01
   7.3046183e+01  -5.4239841e+01
   7.3045725e+01  -5.4241154e+01
   7.3045273e+01  -5.4242472e+01
   7.3044828e+01  -5.4243792e+01
   7.3044388e+01  -5.4245116e+01
   7.3043955e+01  -5.4246444e+01
   7.3043529e+01  -5.4247775e+01
   7.3043110e+01  -5.4249110e+01
   7.3042696e+01  -5.4250449e+01
   7.3042290e+01  -5.4251791e+01
   7.3041890e+01  -5.4253136e+01
   7.3041497e+01  -5.4254486e+01
   7.3041109e+01  -5.4255838e+01
   7.3040725e+01  -5.4257193e+01
   7.3040343e+01  -5.4258548e+01
   7.3039965e+01  -5.4259906e+01
   7.3039588e+01  -5.4261264e+01
   7.3039215e+01  -5.4262624e+01
   7.3038843e+01  -5.4263985e+01
   7.3038474e+01  -5.4265348e+01
   7.3038108e+01  -5.4266712e+01
   7.3037743e+01  -5.4268076e+01
   7.3037379e+01  -5.4269442e+01
   7.3037015e+01  -5.4270807e+01
   7.3036652e+01  -5.4272172e+01
   7.3036288e+01  -5.4273537e+01
   7.3035926e+01  -5.4274903e+01
   7.3035564e+01  -5.4276269e+01
   7.3035202e+01  -5.4277635e+01
   7.3034841e+01  -5.4279002e+01
   7.3034481e+01  -5.4280368e+01
   7.3034120e+01  -5.4281735e+01
   7.3033760e+01  -5.4283101e+01
   7.3033399e+01  -5.4284467e+01
   7.3033037e+01  -5.4285833e+01
   7.3032676e+01  -5.4287199e+01
   7.3032316e+01  -5.4288566e+01
   7.3031956e+01  -5.4289932e+01
   7.3031597e+01  -5.4291299e+01
   7.3031239e+01  -5.4292667e+01
   7.3030884e+01  -5.4294036e+01
   7.3030529e+01  -5.4295405e+01
   7.3030177e+01  -5.4296776e+01
   7.3029827e+01  -5.4298148e+01
   7.3029479e+01  -5.4299521e+01
   7.3029133e+01  -5.4300894e+01
   7.3028788e+01  -5.4302269e+01
   7.3028445e+01  -5.4303644e+01
   7.3028103e+01  -5.4305021e+01
   7.3027764e+01  -5.4306398e+01
   7.3027426e+01  -5.4307777e+01
   7.3027090e+01  -5.4309156e+01
   7.3026757e+01  -5.4310537e+01
   7.3026426e+01  -5.4311919e+01
   7.3026098e+01  -5.4313302e+01
   7.3025772e+01  -5.4314687e+01
   7.3025449e+01  -5.4316073e+01
   7.3025128e+01  -5.4317460e+01
   7.3024809e+01  -5.4318849e+01
   7.3024494e+01  -5.4320240e+01
   7.3024180e+01  -5.4321631e+01
   7.3023869e+01  -5.4323024e+01
   7.3023561e+01  -5.4324418e+01
   7.3023255e+01  -5.4325814e+01
   7.3022952e+01  -5.4327211e+01
   7.3022652e+01  -5.4328610e+01
   7.3022354e+01  -5.4330010e+01
   7.3022059e+01  -5.4331411e+01
   7.3021765e+01  -5.4332813e+01
   7.3021474e+01  -5.4334217e+01
   7.3021185e+01  -5.4335622e+01
   7.3020897e+01  -5.4337027e+01
   7.3020611e+01  -5.4338433e+01
   7.3020327e+01  -5.4339841e+01
