   7.3030179e+01  -5.4670929e+01
   7.3029765e+01  -5.4670044e+01
   7.3029349e+01  -5.4669184e+01
   7.3028932e+01  -5.4668346e+01
   7.3028514e+01  -5.4667529e+01
   7.3028096e+01  -5.4666733e+01
   7.3027676e+01  -5.4665956e+01
   7.3027255e+01  -5.4665198e+01
   7.3026834e+01  -5.4664459e+01
   7.3026411e+01  -5.4663736e+01
   7.3025988e+01  -5.4663030e+01
   7.3025564e+01  -5.4662341e+01
   7.3025138e+01  -5.4661683e+01
   7.3024711e+01  -5.4661056e+01
   7.3024282e+01  -5.4660458e+01
   7.3023852e+01  -5.4659889e+01
   7.3023421e+01  -5.4659347e+01
   7.3022988e+01  -5.4658832e+01
   7.3022554e+01  -5.4658342e+01
   7.3022118e+01  -5.4657878e+01
   7.3021682e+01  -5.4657438e+01
   7.3021244e+01  -5.4657022e+01
   7.3020805e+01  -5.4656628e+01
   7.3020365e+01  -5.4656257e+01
   7.3019924e+01  -5.4655908e+01
   7.3019482e+01  -5.4655580e+01
   7.3019039e+01  -5.4655274e+01
   7.3018595e+01  -5.4654990e+01
   7.3018150e+01  -5.4654726e+01
   7.3017703e+01  -5.4654482e+01
   7.3017256e+01  -5.4654259e+01
   7.3016808e+01  -5.4654056e+01
   7.3016359e+01  -5.4653870e+01
   7.3015909e+01  -5.4653701e+01
   7.3015458e+01  -5.4653548e+01
   7.3015006e+01  -5.4653412e+01
   7.3014554e+01  -5.4653291e+01
   7.3014101e+01  -5.4653186e+01
   7.3013647e+01  -5.4653096e+01
   7.3013192e+01  -5.4653020e+01
   7.3012737e+01  -5.4652959e+01
   7.3012281e+01  -5.4652911e+01
   7.3011825e+01  -5.4652861e+01
   7.3011369e+01  -5.4652807e+01
   7.3010914e+01  -5.4652752e+01
   7.3010458e+01  -5.4652694e+01
   7.3010003e+01  -5.4652633e+01
   7.3009548e+01  -5.4652571e+01
   7.3009092e+01  -5.4652507e+01
   7.3008637e+01  -5.4652441e+01
   7.3008182e+01  -5.4652374e+01
   7.3007727e+01  -5.4652305e+01
   7.3007272e+01  -5.4652237e+01
   7.3006817e+01  -5.4652171e+01
   7.3006362e+01  -5.4652107e+01
   7.3005907e+01  -5.4652045e+01
   7.3005451e+01  -5.4651984e+01
   7.3004996e+01  -5.4651927e+01
   7.3004540e+01  -5.4651871e+01
   7.3004085e+01  -5.4651819e+01
   7.3003629e+01  -5.4651769e+01
   7.3003173e+01  -5.4651722e+01
   7.3002714e+01  -5.4651726e+01
   7.3002253e+01  -5.4651777e+01
   7.3001790e+01  -5.4651875e+01
   7.3001324e+01  -5.4652018e+01
   7.3000857e+01  -5.4652204e+01
   7.3000387e+01  -5.4652432e+01
   7.2999915e+01  -5.4652701e+01
   7.2999442e+01  -5.4653011e+01
   7.2998966e+01  -5.4653360e+01
   7.2998489e+01  -5.4653736e+01
