   7.8886072e+01  -2.3299913e+01
   7.8886235e+01  -2.3297022e+01
   7.8886399e+01  -2.3294131e+01
   7.8886562e+01  -2.3291240e+01
   7.8886726e+01  -2.3288349e+01
   7.8886890e+01  -2.3285457e+01
   7.8887053e+01  -2.3282565e+01
   7.8887217e+01  -2.3279673e+01
   7.8887381e+01  -2.3276780e+01
   7.8887545e+01  -2.3273887e+01
   7.8887709e+01  -2.3270993e+01
   7.8887874e+01  -2.3268098e+01
   7.8888040e+01  -2.3265201e+01
   7.8888206e+01  -2.3262302e+01
   7.8888374e+01  -2.3259401e+01
   7.8888542e+01  -2.3256498e+01
   7.8888712e+01  -2.3253593e+01
   7.8888882e+01  -2.3250686e+01
   7.8889053e+01  -2.3247778e+01
   7.8889225e+01  -2.3244867e+01
   7.8889397e+01  -2.3241955e+01
   7.8889571e+01  -2.3239041e+01
   7.8889745e+01  -2.3236125e+01
   7.8889920e+01  -2.3233207e+01
   7.8890095e+01  -2.3230288e+01
   7.8890272e+01  -2.3227367e+01
   7.8890448e+01  -2.3224445e+01
   7.8890625e+01  -2.3221523e+01
   7.8890803e+01  -2.3218599e+01
   7.8890980e+01  -2.3215675e+01
   7.8891159e+01  -2.3212749e+01
   7.8891337e+01  -2.3209822e+01
   7.8891517e+01  -2.3206893e+01
   7.8891698e+01  -2.3203962e+01
   7.8891880e+01  -2.3201028e+01
   7.8892063e+01  -2.3198092e+01
   7.8892247e+01  -2.3195153e+01
   7.8892433e+01  -2.3192211e+01
   7.8892619e+01  -2.3189266e+01
   7.8892807e+01  -2.3186320e+01
   7.8892995e+01  -2.3183372e+01
   7.8893184e+01  -2.3180423e+01
   7.8893373e+01  -2.3177474e+01
   7.8893562e+01  -2.3174523e+01
   7.8893751e+01  -2.3171573e+01
   7.8893941e+01  -2.3168621e+01
   7.8894131e+01  -2.3165668e+01
   7.8894321e+01  -2.3162715e+01
   7.8894512e+01  -2.3159761e+01
   7.8894703e+01  -2.3156805e+01
   7.8894894e+01  -2.3153849e+01
   7.8895087e+01  -2.3150891e+01
   7.8895279e+01  -2.3147932e+01
   7.8895472e+01  -2.3144973e+01
   7.8895665e+01  -2.3142013e+01
   7.8895858e+01  -2.3139052e+01
   7.8896051e+01  -2.3136091e+01
   7.8896245e+01  -2.3133129e+01
   7.8896439e+01  -2.3130166e+01
   7.8896633e+01  -2.3127202e+01
   7.8896828e+01  -2.3124238e+01
   7.8897023e+01  -2.3121272e+01
   7.8897218e+01  -2.3118306e+01
   7.8897414e+01  -2.3115339e+01
   7.8897610e+01  -2.3112370e+01
   7.8897807e+01  -2.3109400e+01
   7.8898004e+01  -2.3106429e+01
   7.8898202e+01  -2.3103456e+01
   7.8898401e+01  -2.3100482e+01
   7.8898600e+01  -2.3097507e+01
   7.8898800e+01  -2.3094530e+01
   7.8899000e+01  -2.3091552e+01
   7.8899201e+01  -2.3088572e+01
   7.8899402e+01  -2.3085591e+01
   7.8899604e+01  -2.3082610e+01
   7.8899806e+01  -2.3079628e+01
   7.8900008e+01  -2.3076646e+01
   7.8900210e+01  -2.3073662e+01
   7.8900413e+01  -2.3070678e+01
   7.8900616e+01  -2.3067692e+01
   7.8900820e+01  -2.3064704e+01
   7.8901025e+01  -2.3061715e+01
   7.8901231e+01  -2.3058723e+01
   7.8901438e+01  -2.3055729e+01
   7.8901646e+01  -2.3052733e+01
   7.8901855e+01  -2.3049734e+01
   7.8902065e+01  -2.3046732e+01
   7.8902276e+01  -2.3043728e+01
   7.8902489e+01  -2.3040721e+01
   7.8902703e+01  -2.3037711e+01
   7.8902918e+01  -2.3034698e+01
   7.8903135e+01  -2.3031682e+01
   7.8903353e+01  -2.3028664e+01
   7.8903571e+01  -2.3025643e+01
   7.8903791e+01  -2.3022620e+01
   7.8904012e+01  -2.3019594e+01
   7.8904234e+01  -2.3016566e+01
   7.8904457e+01  -2.3013536e+01
   7.8904682e+01  -2.3010503e+01
   7.8904907e+01  -2.3007467e+01
   7.8905133e+01  -2.3004430e+01
   7.8905360e+01  -2.3001389e+01
   7.8905588e+01  -2.2998348e+01
   7.8905817e+01  -2.2995305e+01
   7.8906046e+01  -2.2992260e+01
   7.8906275e+01  -2.2989215e+01
   7.8906505e+01  -2.2986169e+01
   7.8906735e+01  -2.2983123e+01
   7.8906965e+01  -2.2980076e+01
   7.8907194e+01  -2.2977029e+01
   7.8907424e+01  -2.2973982e+01
   7.8907654e+01  -2.2970934e+01
   7.8907884e+01  -2.2967886e+01
   7.8908115e+01  -2.2964837e+01
   7.8908345e+01  -2.2961788e+01
   7.8908576e+01  -2.2958738e+01
   7.8908806e+01  -2.2955688e+01
   7.8909037e+01  -2.2952638e+01
   7.8909268e+01  -2.2949588e+01
   7.8909498e+01  -2.2946537e+01
   7.8909729e+01  -2.2943486e+01
   7.8909960e+01  -2.2940434e+01
   7.8910191e+01  -2.2937382e+01
   7.8910422e+01  -2.2934330e+01
   7.8910653e+01  -2.2931278e+01
   7.8910884e+01  -2.2928226e+01
   7.8911115e+01  -2.2925173e+01
   7.8911346e+01  -2.2922120e+01
   7.8911578e+01  -2.2919066e+01
   7.8911810e+01  -2.2916011e+01
   7.8912042e+01  -2.2912954e+01
   7.8912275e+01  -2.2909897e+01
   7.8912507e+01  -2.2906839e+01
   7.8912740e+01  -2.2903782e+01
   7.8912973e+01  -2.2900724e+01
   7.8913205e+01  -2.2897667e+01
   7.8913438e+01  -2.2894608e+01
   7.8913671e+01  -2.2891550e+01
   7.8913904e+01  -2.2888490e+01
   7.8914137e+01  -2.2885430e+01
   7.8914371e+01  -2.2882368e+01
   7.8914606e+01  -2.2879304e+01
   7.8914841e+01  -2.2876241e+01
   7.8915076e+01  -2.2873177e+01
   7.8915310e+01  -2.2870113e+01
   7.8915545e+01  -2.2867049e+01
   7.8915779e+01  -2.2863986e+01
   7.8916012e+01  -2.2860924e+01
   7.8916245e+01  -2.2857863e+01
   7.8916478e+01  -2.2854802e+01
   7.8916710e+01  -2.2851742e+01
   7.8916943e+01  -2.2848682e+01
   7.8917174e+01  -2.2845623e+01
   7.8917405e+01  -2.2842565e+01
   7.8917635e+01  -2.2839510e+01
   7.8917863e+01  -2.2836457e+01
   7.8918091e+01  -2.2833405e+01
   7.8918317e+01  -2.2830357e+01
   7.8918541e+01  -2.2827312e+01
   7.8918765e+01  -2.2824269e+01
   7.8918986e+01  -2.2821230e+01
   7.8919206e+01  -2.2818193e+01
   7.8919425e+01  -2.2815160e+01
   7.8919642e+01  -2.2812129e+01
   7.8919858e+01  -2.2809101e+01
   7.8920073e+01  -2.2806076e+01
   7.8920286e+01  -2.2803053e+01
   7.8920498e+01  -2.2800033e+01
   7.8920709e+01  -2.2797015e+01
   7.8920919e+01  -2.2793999e+01
   7.8921127e+01  -2.2790985e+01
   7.8921335e+01  -2.2787974e+01
   7.8921542e+01  -2.2784963e+01
   7.8921748e+01  -2.2781954e+01
   7.8921954e+01  -2.2778945e+01
   7.8922160e+01  -2.2775936e+01
   7.8922366e+01  -2.2772927e+01
   7.8922572e+01  -2.2769918e+01
   7.8922778e+01  -2.2766908e+01
   7.8922984e+01  -2.2763898e+01
   7.8923190e+01  -2.2760888e+01
   7.8923397e+01  -2.2757877e+01
   7.8923604e+01  -2.2754864e+01
   7.8923812e+01  -2.2751849e+01
   7.8924021e+01  -2.2748832e+01
   7.8924231e+01  -2.2745814e+01
   7.8924441e+01  -2.2742794e+01
   7.8924652e+01  -2.2739772e+01
   7.8924864e+01  -2.2736749e+01
   7.8925076e+01  -2.2733724e+01
   7.8925288e+01  -2.2730698e+01
   7.8925501e+01  -2.2727671e+01
   7.8925715e+01  -2.2724644e+01
   7.8925927e+01  -2.2721618e+01
   7.8926139e+01  -2.2718593e+01
   7.8926350e+01  -2.2715570e+01
   7.8926560e+01  -2.2712548e+01
   7.8926770e+01  -2.2709528e+01
   7.8926978e+01  -2.2706510e+01
   7.8927185e+01  -2.2703494e+01
   7.8927392e+01  -2.2700480e+01
   7.8927597e+01  -2.2697468e+01
   7.8927800e+01  -2.2694460e+01
   7.8928002e+01  -2.2691455e+01
   7.8928202e+01  -2.2688453e+01
   7.8928401e+01  -2.2685454e+01
   7.8928599e+01  -2.2682457e+01
   7.8928796e+01  -2.2679462e+01
   7.8928992e+01  -2.2676468e+01
   7.8929187e+01  -2.2673476e+01
   7.8929382e+01  -2.2670484e+01
   7.8929578e+01  -2.2667492e+01
   7.8929773e+01  -2.2664499e+01
   7.8929968e+01  -2.2661506e+01
   7.8930164e+01  -2.2658512e+01
   7.8930360e+01  -2.2655518e+01
   7.8930556e+01  -2.2652522e+01
   7.8930753e+01  -2.2649525e+01
   7.8930951e+01  -2.2646526e+01
   7.8931150e+01  -2.2643525e+01
   7.8931349e+01  -2.2640521e+01
   7.8931550e+01  -2.2637515e+01
   7.8931753e+01  -2.2634505e+01
   7.8931957e+01  -2.2631493e+01
   7.8932162e+01  -2.2628477e+01
   7.8932368e+01  -2.2625459e+01
   7.8932575e+01  -2.2622439e+01
   7.8932782e+01  -2.2619417e+01
   7.8932991e+01  -2.2616394e+01
   7.8933200e+01  -2.2613368e+01
   7.8933410e+01  -2.2610341e+01
   7.8933621e+01  -2.2607311e+01
   7.8933833e+01  -2.2604279e+01
   7.8934046e+01  -2.2601244e+01
   7.8934261e+01  -2.2598207e+01
   7.8934476e+01  -2.2595168e+01
   7.8934692e+01  -2.2592126e+01
   7.8934910e+01  -2.2589081e+01
   7.8935129e+01  -2.2586033e+01
   7.8935349e+01  -2.2582983e+01
   7.8935570e+01  -2.2579929e+01
   7.8935793e+01  -2.2576873e+01
   7.8936016e+01  -2.2573815e+01
   7.8936239e+01  -2.2570758e+01
   7.8936462e+01  -2.2567700e+01
   7.8936685e+01  -2.2564642e+01
   7.8936907e+01  -2.2561585e+01
   7.8937129e+01  -2.2558528e+01
   7.8937350e+01  -2.2555474e+01
   7.8937570e+01  -2.2552421e+01
   7.8937790e+01  -2.2549370e+01
   7.8938008e+01  -2.2546320e+01
   7.8938227e+01  -2.2543270e+01
   7.8938446e+01  -2.2540220e+01
   7.8938665e+01  -2.2537169e+01
   7.8938884e+01  -2.2534117e+01
   7.8939104e+01  -2.2531064e+01
   7.8939324e+01  -2.2528009e+01
   7.8939545e+01  -2.2524953e+01
   7.8939767e+01  -2.2521894e+01
   7.8939991e+01  -2.2518832e+01
   7.8940215e+01  -2.2515767e+01
   7.8940441e+01  -2.2512701e+01
   7.8940668e+01  -2.2509631e+01
   7.8940895e+01  -2.2506559e+01
   7.8941124e+01  -2.2503485e+01
   7.8941354e+01  -2.2500408e+01
   7.8941585e+01  -2.2497329e+01
   7.8941817e+01  -2.2494247e+01
   7.8942050e+01  -2.2491164e+01
   7.8942282e+01  -2.2488079e+01
   7.8942516e+01  -2.2484994e+01
   7.8942749e+01  -2.2481909e+01
   7.8942983e+01  -2.2478823e+01
   7.8943216e+01  -2.2475736e+01
   7.8943450e+01  -2.2472649e+01
   7.8943684e+01  -2.2469561e+01
   7.8943918e+01  -2.2466472e+01
   7.8944153e+01  -2.2463383e+01
   7.8944388e+01  -2.2460292e+01
   7.8944622e+01  -2.2457203e+01
   7.8944856e+01  -2.2454114e+01
   7.8945090e+01  -2.2451026e+01
   7.8945323e+01  -2.2447938e+01
   7.8945556e+01  -2.2444851e+01
   7.8945790e+01  -2.2441763e+01
   7.8946023e+01  -2.2438675e+01
   7.8946256e+01  -2.2435586e+01
   7.8946490e+01  -2.2432496e+01
   7.8946725e+01  -2.2429404e+01
   7.8946960e+01  -2.2426310e+01
   7.8947197e+01  -2.2423213e+01
   7.8947436e+01  -2.2420111e+01
   7.8947677e+01  -2.2417005e+01
   7.8947920e+01  -2.2413895e+01
   7.8948164e+01  -2.2410780e+01
   7.8948411e+01  -2.2407661e+01
   7.8948658e+01  -2.2404550e+01
   7.8948906e+01  -2.2401447e+01
   7.8949154e+01  -2.2398352e+01
   7.8949404e+01  -2.2395266e+01
   7.8949654e+01  -2.2392190e+01
   7.8949904e+01  -2.2389121e+01
   7.8950155e+01  -2.2386059e+01
   7.8950407e+01  -2.2383002e+01
   7.8950659e+01  -2.2379952e+01
   7.8950911e+01  -2.2376907e+01
   7.8951164e+01  -2.2373868e+01
   7.8951417e+01  -2.2370834e+01
   7.8951670e+01  -2.2367806e+01
   7.8951925e+01  -2.2364785e+01
   7.8952180e+01  -2.2361774e+01
   7.8952435e+01  -2.2358774e+01
   7.8952692e+01  -2.2355784e+01
   7.8952949e+01  -2.2352804e+01
   7.8953208e+01  -2.2349834e+01
   7.8953467e+01  -2.2346874e+01
   7.8953726e+01  -2.2343924e+01
   7.8953987e+01  -2.2340984e+01
   7.8954248e+01  -2.2338054e+01
   7.8954510e+01  -2.2335131e+01
   7.8954772e+01  -2.2332211e+01
   7.8955034e+01  -2.2329296e+01
   7.8955297e+01  -2.2326386e+01
   7.8955560e+01  -2.2323480e+01
   7.8955824e+01  -2.2320580e+01
   7.8956088e+01  -2.2317684e+01
   7.8956352e+01  -2.2314793e+01
   7.8956617e+01  -2.2311905e+01
   7.8956881e+01  -2.2309021e+01
   7.8957147e+01  -2.2306139e+01
   7.8957412e+01  -2.2303261e+01
   7.8957677e+01  -2.2300385e+01
   7.8957943e+01  -2.2297512e+01
   7.8958209e+01  -2.2294641e+01
   7.8958474e+01  -2.2291770e+01
   7.8958740e+01  -2.2288898e+01
   7.8959006e+01  -2.2286026e+01
   7.8959271e+01  -2.2283152e+01
   7.8959536e+01  -2.2280276e+01
   7.8959801e+01  -2.2277398e+01
   7.8960066e+01  -2.2274518e+01
   7.8960331e+01  -2.2271635e+01
   7.8960595e+01  -2.2268749e+01
   7.8960860e+01  -2.2265861e+01
   7.8961124e+01  -2.2262970e+01
   7.8961388e+01  -2.2260077e+01
   7.8961651e+01  -2.2257182e+01
   7.8961914e+01  -2.2254283e+01
   7.8962177e+01  -2.2251380e+01
   7.8962440e+01  -2.2248472e+01
   7.8962702e+01  -2.2245556e+01
   7.8962963e+01  -2.2242632e+01
   7.8963224e+01  -2.2239700e+01
   7.8963483e+01  -2.2236759e+01
   7.8963743e+01  -2.2233810e+01
   7.8964001e+01  -2.2230849e+01
   7.8964257e+01  -2.2227869e+01
   7.8964513e+01  -2.2224874e+01
   7.8964767e+01  -2.2221866e+01
   7.8965020e+01  -2.2218841e+01
   7.8965271e+01  -2.2215793e+01
   7.8965521e+01  -2.2212725e+01
   7.8965768e+01  -2.2209635e+01
   7.8966014e+01  -2.2206525e+01
   7.8966258e+01  -2.2203397e+01
   7.8966499e+01  -2.2200277e+01
   7.8966737e+01  -2.2197161e+01
   7.8966974e+01  -2.2194049e+01
   7.8967209e+01  -2.2190939e+01
   7.8967445e+01  -2.2187829e+01
   7.8967681e+01  -2.2184717e+01
   7.8967918e+01  -2.2181605e+01
   7.8968153e+01  -2.2178493e+01
   7.8968388e+01  -2.2175383e+01
   7.8968621e+01  -2.2172277e+01
   7.8968852e+01  -2.2169177e+01
   7.8969078e+01  -2.2166085e+01
   7.8969300e+01  -2.2163005e+01
   7.8969516e+01  -2.2159935e+01
   7.8969727e+01  -2.2156878e+01
   7.8969930e+01  -2.2153835e+01
   7.8970127e+01  -2.2150808e+01
   7.8970317e+01  -2.2147795e+01
   7.8970500e+01  -2.2144797e+01
   7.8970677e+01  -2.2141814e+01
   7.8970847e+01  -2.2138846e+01
   7.8971009e+01  -2.2135895e+01
   7.8971163e+01  -2.2132960e+01
   7.8971309e+01  -2.2130043e+01
   7.8971449e+01  -2.2127140e+01
   7.8971582e+01  -2.2124252e+01
   7.8971708e+01  -2.2121379e+01
   7.8971829e+01  -2.2118517e+01
   7.8971945e+01  -2.2115666e+01
   7.8972056e+01  -2.2112826e+01
   7.8972162e+01  -2.2109996e+01
   7.8972265e+01  -2.2107173e+01
   7.8972365e+01  -2.2104358e+01
   7.8972461e+01  -2.2101551e+01
   7.8972553e+01  -2.2098751e+01
   7.8972642e+01  -2.2095960e+01
   7.8972726e+01  -2.2093177e+01
   7.8972807e+01  -2.2090403e+01
   7.8972884e+01  -2.2087637e+01
   7.8972957e+01  -2.2084879e+01
   7.8973026e+01  -2.2082131e+01
   7.8973088e+01  -2.2079399e+01
   7.8973140e+01  -2.2076687e+01
   7.8973182e+01  -2.2073997e+01
   7.8973216e+01  -2.2071327e+01
   7.8973239e+01  -2.2068678e+01
   7.8973254e+01  -2.2066050e+01
   7.8973260e+01  -2.2063441e+01
   7.8973256e+01  -2.2060852e+01
   7.8973244e+01  -2.2058283e+01
   7.8973223e+01  -2.2055732e+01
   7.8973196e+01  -2.2053196e+01
   7.8973163e+01  -2.2050672e+01
   7.8973125e+01  -2.2048160e+01
   7.8973081e+01  -2.2045659e+01
   7.8973033e+01  -2.2043169e+01
   7.8972980e+01  -2.2040690e+01
   7.8972922e+01  -2.2038221e+01
   7.8972860e+01  -2.2035762e+01
   7.8972793e+01  -2.2033312e+01
   7.8972723e+01  -2.2030871e+01
   7.8972650e+01  -2.2028437e+01
   7.8972573e+01  -2.2026008e+01
   7.8972495e+01  -2.2023586e+01
   7.8972413e+01  -2.2021169e+01
   7.8972329e+01  -2.2018758e+01
   7.8972243e+01  -2.2016352e+01
   7.8972154e+01  -2.2013951e+01
   7.8972064e+01  -2.2011556e+01
   7.8971970e+01  -2.2009165e+01
   7.8971875e+01  -2.2006779e+01
   7.8971779e+01  -2.2004396e+01
   7.8971681e+01  -2.2002016e+01
   7.8971582e+01  -2.1999638e+01
   7.8971482e+01  -2.1997262e+01
   7.8971381e+01  -2.1994889e+01
   7.8971279e+01  -2.1992518e+01
   7.8971176e+01  -2.1990149e+01
   7.8971072e+01  -2.1987783e+01
   7.8970967e+01  -2.1985418e+01
   7.8970861e+01  -2.1983056e+01
   7.8970755e+01  -2.1980693e+01
   7.8970649e+01  -2.1978331e+01
   7.8970544e+01  -2.1975968e+01
   7.8970438e+01  -2.1973605e+01
   7.8970333e+01  -2.1971241e+01
   7.8970227e+01  -2.1968878e+01
   7.8970122e+01  -2.1966514e+01
   7.8970017e+01  -2.1964150e+01
   7.8969912e+01  -2.1961785e+01
   7.8969807e+01  -2.1959421e+01
   7.8969703e+01  -2.1957055e+01
   7.8969598e+01  -2.1954690e+01
   7.8969494e+01  -2.1952324e+01
   7.8969390e+01  -2.1949957e+01
   7.8969286e+01  -2.1947590e+01
   7.8969183e+01  -2.1945222e+01
   7.8969079e+01  -2.1942854e+01
   7.8968976e+01  -2.1940486e+01
   7.8968873e+01  -2.1938118e+01
   7.8968770e+01  -2.1935750e+01
   7.8968667e+01  -2.1933380e+01
   7.8968565e+01  -2.1931010e+01
   7.8968463e+01  -2.1928638e+01
   7.8968362e+01  -2.1926266e+01
   7.8968261e+01  -2.1923892e+01
   7.8968161e+01  -2.1921517e+01
   7.8968061e+01  -2.1919142e+01
   7.8967961e+01  -2.1916765e+01
   7.8967862e+01  -2.1914388e+01
   7.8967763e+01  -2.1912010e+01
   7.8967665e+01  -2.1909630e+01
   7.8967569e+01  -2.1907247e+01
   7.8967474e+01  -2.1904861e+01
   7.8967379e+01  -2.1902472e+01
   7.8967286e+01  -2.1900081e+01
   7.8967195e+01  -2.1897687e+01
   7.8967104e+01  -2.1895291e+01
   7.8967015e+01  -2.1892891e+01
   7.8966927e+01  -2.1890490e+01
   7.8966840e+01  -2.1888085e+01
   7.8966754e+01  -2.1885679e+01
   7.8966668e+01  -2.1883271e+01
   7.8966583e+01  -2.1880863e+01
   7.8966499e+01  -2.1878453e+01
   7.8966415e+01  -2.1876042e+01
   7.8966331e+01  -2.1873630e+01
   7.8966247e+01  -2.1871218e+01
   7.8966164e+01  -2.1868806e+01
   7.8966080e+01  -2.1866393e+01
   7.8965997e+01  -2.1863979e+01
   7.8965914e+01  -2.1861567e+01
   7.8965830e+01  -2.1859156e+01
   7.8965745e+01  -2.1856746e+01
   7.8965661e+01  -2.1854337e+01
   7.8965575e+01  -2.1851929e+01
   7.8965490e+01  -2.1849521e+01
   7.8965403e+01  -2.1847115e+01
   7.8965317e+01  -2.1844709e+01
   7.8965230e+01  -2.1842304e+01
   7.8965143e+01  -2.1839899e+01
   7.8965056e+01  -2.1837495e+01
   7.8964969e+01  -2.1835092e+01
   7.8964881e+01  -2.1832688e+01
   7.8964794e+01  -2.1830285e+01
   7.8964706e+01  -2.1827882e+01
   7.8964618e+01  -2.1825479e+01
   7.8964531e+01  -2.1823076e+01
   7.8964443e+01  -2.1820673e+01
   7.8964355e+01  -2.1818269e+01
   7.8964268e+01  -2.1815866e+01
   7.8964180e+01  -2.1813463e+01
   7.8964093e+01  -2.1811060e+01
   7.8964005e+01  -2.1808658e+01
   7.8963916e+01  -2.1806255e+01
   7.8963828e+01  -2.1803854e+01
   7.8963740e+01  -2.1801452e+01
   7.8963651e+01  -2.1799051e+01
   7.8963562e+01  -2.1796651e+01
   7.8963474e+01  -2.1794250e+01
   7.8963385e+01  -2.1791850e+01
   7.8963295e+01  -2.1789450e+01
   7.8963206e+01  -2.1787052e+01
   7.8963116e+01  -2.1784654e+01
   7.8963025e+01  -2.1782257e+01
   7.8962934e+01  -2.1779861e+01
   7.8962843e+01  -2.1777466e+01
   7.8962752e+01  -2.1775072e+01
   7.8962660e+01  -2.1772678e+01
   7.8962567e+01  -2.1770286e+01
   7.8962474e+01  -2.1767894e+01
   7.8962381e+01  -2.1765504e+01
   7.8962287e+01  -2.1763115e+01
   7.8962192e+01  -2.1760728e+01
   7.8962097e+01  -2.1758342e+01
   7.8962001e+01  -2.1755958e+01
   7.8961904e+01  -2.1753575e+01
   7.8961807e+01  -2.1751193e+01
   7.8961709e+01  -2.1748813e+01
   7.8961610e+01  -2.1746434e+01
   7.8961511e+01  -2.1744057e+01
   7.8961411e+01  -2.1741681e+01
   7.8961311e+01  -2.1739306e+01
   7.8961210e+01  -2.1736933e+01
   7.8961109e+01  -2.1734560e+01
   7.8961007e+01  -2.1732189e+01
   7.8960904e+01  -2.1729819e+01
   7.8960801e+01  -2.1727450e+01
   7.8960698e+01  -2.1725083e+01
   7.8960594e+01  -2.1722717e+01
   7.8960489e+01  -2.1720352e+01
   7.8960384e+01  -2.1717988e+01
   7.8960279e+01  -2.1715624e+01
   7.8960173e+01  -2.1713261e+01
   7.8960067e+01  -2.1710898e+01
   7.8959961e+01  -2.1708536e+01
   7.8959855e+01  -2.1706174e+01
   7.8959749e+01  -2.1703813e+01
   7.8959642e+01  -2.1701453e+01
   7.8959536e+01  -2.1699092e+01
   7.8959429e+01  -2.1696733e+01
   7.8959321e+01  -2.1694374e+01
   7.8959214e+01  -2.1692015e+01
   7.8959106e+01  -2.1689657e+01
   7.8958998e+01  -2.1687299e+01
   7.8958890e+01  -2.1684942e+01
   7.8958781e+01  -2.1682586e+01
   7.8958673e+01  -2.1680230e+01
   7.8958564e+01  -2.1677875e+01
   7.8958454e+01  -2.1675520e+01
   7.8958345e+01  -2.1673167e+01
   7.8958235e+01  -2.1670813e+01
   7.8958125e+01  -2.1668461e+01
   7.8958015e+01  -2.1666108e+01
   7.8957904e+01  -2.1663757e+01
   7.8957793e+01  -2.1661406e+01
   7.8957682e+01  -2.1659055e+01
   7.8957571e+01  -2.1656705e+01
   7.8957459e+01  -2.1654356e+01
   7.8957348e+01  -2.1652007e+01
   7.8957236e+01  -2.1649658e+01
   7.8957124e+01  -2.1647310e+01
   7.8957011e+01  -2.1644962e+01
   7.8956899e+01  -2.1642615e+01
   7.8956787e+01  -2.1640267e+01
   7.8956674e+01  -2.1637920e+01
   7.8956562e+01  -2.1635573e+01
   7.8956449e+01  -2.1633227e+01
   7.8956336e+01  -2.1630880e+01
   7.8956223e+01  -2.1628534e+01
   7.8956110e+01  -2.1626188e+01
   7.8955997e+01  -2.1623842e+01
   7.8955884e+01  -2.1621495e+01
   7.8955772e+01  -2.1619148e+01
   7.8955659e+01  -2.1616801e+01
   7.8955547e+01  -2.1614454e+01
   7.8955435e+01  -2.1612106e+01
   7.8955323e+01  -2.1609758e+01
   7.8955211e+01  -2.1607409e+01
   7.8955099e+01  -2.1605060e+01
   7.8954988e+01  -2.1602711e+01
   7.8954876e+01  -2.1600362e+01
   7.8954765e+01  -2.1598012e+01
   7.8954653e+01  -2.1595663e+01
   7.8954542e+01  -2.1593313e+01
   7.8954430e+01  -2.1590964e+01
   7.8954319e+01  -2.1588615e+01
   7.8954207e+01  -2.1586265e+01
   7.8954096e+01  -2.1583916e+01
   7.8953984e+01  -2.1581567e+01
   7.8953873e+01  -2.1579217e+01
   7.8953761e+01  -2.1576868e+01
   7.8953650e+01  -2.1574519e+01
   7.8953538e+01  -2.1572170e+01
   7.8953426e+01  -2.1569821e+01
   7.8953314e+01  -2.1567473e+01
   7.8953203e+01  -2.1565124e+01
   7.8953091e+01  -2.1562776e+01
   7.8952979e+01  -2.1560427e+01
   7.8952867e+01  -2.1558079e+01
   7.8952755e+01  -2.1555731e+01
   7.8952643e+01  -2.1553383e+01
   7.8952531e+01  -2.1551034e+01
   7.8952419e+01  -2.1548686e+01
   7.8952308e+01  -2.1546337e+01
   7.8952196e+01  -2.1543988e+01
   7.8952084e+01  -2.1541639e+01
   7.8951973e+01  -2.1539290e+01
   7.8951861e+01  -2.1536941e+01
   7.8951750e+01  -2.1534591e+01
   7.8951639e+01  -2.1532242e+01
   7.8951527e+01  -2.1529894e+01
   7.8951414e+01  -2.1527548e+01
   7.8951300e+01  -2.1525203e+01
   7.8951186e+01  -2.1522861e+01
   7.8951070e+01  -2.1520520e+01
   7.8950954e+01  -2.1518181e+01
   7.8950837e+01  -2.1515845e+01
   7.8950720e+01  -2.1513510e+01
   7.8950601e+01  -2.1511177e+01
   7.8950482e+01  -2.1508845e+01
   7.8950362e+01  -2.1506515e+01
   7.8950242e+01  -2.1504186e+01
   7.8950121e+01  -2.1501857e+01
   7.8950000e+01  -2.1499529e+01
   7.8949879e+01  -2.1497202e+01
   7.8949758e+01  -2.1494875e+01
   7.8949636e+01  -2.1492549e+01
   7.8949514e+01  -2.1490224e+01
   7.8949392e+01  -2.1487899e+01
   7.8949270e+01  -2.1485575e+01
   7.8949147e+01  -2.1483252e+01
   7.8949023e+01  -2.1480930e+01
   7.8948900e+01  -2.1478609e+01
   7.8948776e+01  -2.1476288e+01
   7.8948651e+01  -2.1473969e+01
   7.8948526e+01  -2.1471650e+01
   7.8948401e+01  -2.1469333e+01
   7.8948275e+01  -2.1467016e+01
   7.8948149e+01  -2.1464700e+01
   7.8948023e+01  -2.1462385e+01
   7.8947895e+01  -2.1460072e+01
   7.8947768e+01  -2.1457759e+01
   7.8947640e+01  -2.1455449e+01
   7.8947511e+01  -2.1453139e+01
   7.8947381e+01  -2.1450832e+01
   7.8947251e+01  -2.1448525e+01
   7.8947120e+01  -2.1446221e+01
   7.8946988e+01  -2.1443918e+01
   7.8946856e+01  -2.1441616e+01
   7.8946723e+01  -2.1439316e+01
   7.8946588e+01  -2.1437019e+01
   7.8946453e+01  -2.1434726e+01
   7.8946316e+01  -2.1432435e+01
   7.8946177e+01  -2.1430148e+01
   7.8946037e+01  -2.1427863e+01
   7.8945896e+01  -2.1425582e+01
   7.8945754e+01  -2.1423303e+01
   7.8945611e+01  -2.1421027e+01
   7.8945466e+01  -2.1418753e+01
   7.8945320e+01  -2.1416482e+01
   7.8945174e+01  -2.1414212e+01
   7.8945028e+01  -2.1411942e+01
   7.8944882e+01  -2.1409673e+01
   7.8944735e+01  -2.1407405e+01
   7.8944588e+01  -2.1405137e+01
   7.8944441e+01  -2.1402870e+01
   7.8944293e+01  -2.1400603e+01
   7.8944145e+01  -2.1398337e+01
   7.8943997e+01  -2.1396072e+01
   7.8943849e+01  -2.1393807e+01
   7.8943701e+01  -2.1391542e+01
   7.8943553e+01  -2.1389276e+01
   7.8943406e+01  -2.1387010e+01
   7.8943258e+01  -2.1384743e+01
   7.8943111e+01  -2.1382475e+01
   7.8942965e+01  -2.1380207e+01
   7.8942818e+01  -2.1377938e+01
   7.8942672e+01  -2.1375669e+01
   7.8942526e+01  -2.1373399e+01
   7.8942380e+01  -2.1371129e+01
   7.8942235e+01  -2.1368857e+01
   7.8942092e+01  -2.1366582e+01
   7.8941949e+01  -2.1364305e+01
   7.8941807e+01  -2.1362026e+01
   7.8941666e+01  -2.1359745e+01
   7.8941526e+01  -2.1357462e+01
   7.8941387e+01  -2.1355176e+01
   7.8941248e+01  -2.1352889e+01
   7.8941111e+01  -2.1350600e+01
   7.8940974e+01  -2.1348309e+01
   7.8940839e+01  -2.1346015e+01
   7.8940705e+01  -2.1343718e+01
   7.8940572e+01  -2.1341418e+01
   7.8940441e+01  -2.1339116e+01
   7.8940310e+01  -2.1336811e+01
   7.8940181e+01  -2.1334503e+01
   7.8940053e+01  -2.1332193e+01
   7.8939926e+01  -2.1329880e+01
   7.8939800e+01  -2.1327566e+01
   7.8939674e+01  -2.1325249e+01
   7.8939551e+01  -2.1322928e+01
   7.8939428e+01  -2.1320605e+01
   7.8939307e+01  -2.1318278e+01
   7.8939188e+01  -2.1315948e+01
   7.8939070e+01  -2.1313615e+01
   7.8938953e+01  -2.1311280e+01
   7.8938837e+01  -2.1308941e+01
   7.8938723e+01  -2.1306599e+01
   7.8938610e+01  -2.1304255e+01
   7.8938498e+01  -2.1301908e+01
   7.8938386e+01  -2.1299559e+01
   7.8938275e+01  -2.1297210e+01
   7.8938165e+01  -2.1294860e+01
   7.8938054e+01  -2.1292510e+01
   7.8937944e+01  -2.1290158e+01
   7.8937835e+01  -2.1287806e+01
   7.8937725e+01  -2.1285453e+01
   7.8937616e+01  -2.1283099e+01
   7.8937508e+01  -2.1280744e+01
   7.8937399e+01  -2.1278389e+01
   7.8937291e+01  -2.1276033e+01
   7.8937183e+01  -2.1273677e+01
   7.8937075e+01  -2.1271320e+01
   7.8936968e+01  -2.1268963e+01
   7.8936861e+01  -2.1266605e+01
   7.8936754e+01  -2.1264247e+01
   7.8936647e+01  -2.1261888e+01
   7.8936540e+01  -2.1259529e+01
   7.8936434e+01  -2.1257169e+01
   7.8936328e+01  -2.1254808e+01
   7.8936222e+01  -2.1252447e+01
   7.8936116e+01  -2.1250087e+01
   7.8936010e+01  -2.1247726e+01
   7.8935904e+01  -2.1245365e+01
   7.8935798e+01  -2.1243004e+01
   7.8935692e+01  -2.1240643e+01
   7.8935587e+01  -2.1238281e+01
   7.8935481e+01  -2.1235920e+01
   7.8935376e+01  -2.1233557e+01
   7.8935271e+01  -2.1231195e+01
   7.8935166e+01  -2.1228832e+01
   7.8935061e+01  -2.1226470e+01
   7.8934955e+01  -2.1224107e+01
   7.8934850e+01  -2.1221745e+01
   7.8934745e+01  -2.1219383e+01
   7.8934639e+01  -2.1217022e+01
   7.8934534e+01  -2.1214660e+01
   7.8934428e+01  -2.1212298e+01
   7.8934322e+01  -2.1209937e+01
   7.8934217e+01  -2.1207575e+01
   7.8934111e+01  -2.1205213e+01
   7.8934006e+01  -2.1202851e+01
   7.8933901e+01  -2.1200488e+01
   7.8933796e+01  -2.1198125e+01
   7.8933691e+01  -2.1195762e+01
   7.8933587e+01  -2.1193398e+01
   7.8933482e+01  -2.1191034e+01
   7.8933378e+01  -2.1188669e+01
   7.8933274e+01  -2.1186304e+01
   7.8933170e+01  -2.1183939e+01
   7.8933066e+01  -2.1181573e+01
   7.8932963e+01  -2.1179206e+01
   7.8932860e+01  -2.1176840e+01
   7.8932756e+01  -2.1174473e+01
   7.8932653e+01  -2.1172105e+01
   7.8932551e+01  -2.1169737e+01
   7.8932448e+01  -2.1167368e+01
   7.8932346e+01  -2.1164999e+01
   7.8932244e+01  -2.1162630e+01
   7.8932142e+01  -2.1160260e+01
   7.8932041e+01  -2.1157888e+01
   7.8931940e+01  -2.1155516e+01
   7.8931839e+01  -2.1153143e+01
   7.8931739e+01  -2.1150769e+01
   7.8931639e+01  -2.1148394e+01
   7.8931540e+01  -2.1146018e+01
   7.8931441e+01  -2.1143641e+01
   7.8931343e+01  -2.1141263e+01
   7.8931245e+01  -2.1138884e+01
   7.8931147e+01  -2.1136503e+01
   7.8931051e+01  -2.1134121e+01
   7.8930955e+01  -2.1131737e+01
   7.8930860e+01  -2.1129351e+01
   7.8930766e+01  -2.1126963e+01
   7.8930673e+01  -2.1124572e+01
   7.8930581e+01  -2.1122180e+01
   7.8930490e+01  -2.1119785e+01
   7.8930399e+01  -2.1117389e+01
   7.8930310e+01  -2.1114990e+01
   7.8930222e+01  -2.1112589e+01
   7.8930134e+01  -2.1110185e+01
   7.8930048e+01  -2.1107779e+01
   7.8929963e+01  -2.1105370e+01
   7.8929879e+01  -2.1102959e+01
   7.8929796e+01  -2.1100545e+01
   7.8929714e+01  -2.1098129e+01
   7.8929633e+01  -2.1095710e+01
   7.8929554e+01  -2.1093288e+01
   7.8929475e+01  -2.1090864e+01
   7.8929398e+01  -2.1088437e+01
   7.8929322e+01  -2.1086008e+01
   7.8929247e+01  -2.1083576e+01
   7.8929172e+01  -2.1081143e+01
   7.8929098e+01  -2.1078708e+01
   7.8929026e+01  -2.1076270e+01
   7.8928954e+01  -2.1073831e+01
   7.8928883e+01  -2.1071389e+01
   7.8928813e+01  -2.1068945e+01
   7.8928744e+01  -2.1066500e+01
   7.8928676e+01  -2.1064052e+01
   7.8928609e+01  -2.1061601e+01
   7.8928543e+01  -2.1059146e+01
   7.8928479e+01  -2.1056688e+01
   7.8928417e+01  -2.1054228e+01
   7.8928355e+01  -2.1051763e+01
   7.8928296e+01  -2.1049296e+01
   7.8928237e+01  -2.1046825e+01
   7.8928180e+01  -2.1044351e+01
   7.8928125e+01  -2.1041873e+01
   7.8928071e+01  -2.1039392e+01
   7.8928018e+01  -2.1036908e+01
   7.8927967e+01  -2.1034420e+01
   7.8927918e+01  -2.1031928e+01
   7.8927870e+01  -2.1029433e+01
   7.8927823e+01  -2.1026934e+01
   7.8927778e+01  -2.1024432e+01
   7.8927735e+01  -2.1021926e+01
   7.8927693e+01  -2.1019417e+01
   7.8927653e+01  -2.1016904e+01
   7.8927615e+01  -2.1014387e+01
   7.8927578e+01  -2.1011865e+01
   7.8927543e+01  -2.1009340e+01
   7.8927510e+01  -2.1006810e+01
   7.8927479e+01  -2.1004276e+01
   7.8927449e+01  -2.1001737e+01
   7.8927422e+01  -2.0999194e+01
   7.8927396e+01  -2.0996647e+01
   7.8927373e+01  -2.0994095e+01
   7.8927351e+01  -2.0991538e+01
   7.8927331e+01  -2.0988977e+01
   7.8927313e+01  -2.0986412e+01
   7.8927297e+01  -2.0983843e+01
   7.8927282e+01  -2.0981270e+01
   7.8927270e+01  -2.0978693e+01
   7.8927258e+01  -2.0976112e+01
   7.8927249e+01  -2.0973527e+01
   7.8927241e+01  -2.0970938e+01
   7.8927235e+01  -2.0968345e+01
   7.8927230e+01  -2.0965748e+01
   7.8927228e+01  -2.0963147e+01
   7.8927226e+01  -2.0960543e+01
   7.8927226e+01  -2.0957936e+01
   7.8927228e+01  -2.0955325e+01
   7.8927230e+01  -2.0952711e+01
   7.8927235e+01  -2.0950094e+01
   7.8927240e+01  -2.0947473e+01
   7.8927247e+01  -2.0944849e+01
   7.8927256e+01  -2.0942221e+01
   7.8927266e+01  -2.0939590e+01
   7.8927277e+01  -2.0936956e+01
   7.8927290e+01  -2.0934319e+01
   7.8927304e+01  -2.0931679e+01
   7.8927318e+01  -2.0929037e+01
   7.8927334e+01  -2.0926392e+01
   7.8927351e+01  -2.0923745e+01
   7.8927369e+01  -2.0921094e+01
   7.8927388e+01  -2.0918442e+01
   7.8927408e+01  -2.0915786e+01
   7.8927430e+01  -2.0913128e+01
   7.8927452e+01  -2.0910467e+01
   7.8927476e+01  -2.0907804e+01
   7.8927500e+01  -2.0905139e+01
   7.8927525e+01  -2.0902473e+01
   7.8927551e+01  -2.0899804e+01
   7.8927577e+01  -2.0897134e+01
   7.8927604e+01  -2.0894462e+01
   7.8927632e+01  -2.0891788e+01
   7.8927661e+01  -2.0889113e+01
   7.8927690e+01  -2.0886435e+01
   7.8927720e+01  -2.0883756e+01
   7.8927751e+01  -2.0881076e+01
   7.8927782e+01  -2.0878393e+01
   7.8927815e+01  -2.0875709e+01
